IND,ALK-TBR-025,ALR03,ALR04,ALR06,ALR11,ALR21,BLI615,BNA01,BNA03-F,BNA05,BNA12-F,BNA14-F,BNA21-F,BNA22-F,BNA25-F,BNA26-F,BNA29-F,BNA40-F,BRE05,BRE06,BRE10,CBL002,CBL006,CBL010,CBL018,CBL019,CBL022,CBL025,CBL027,CBL054,CBL33,CBL34,CBL49,CBL55,DNG02,DNG05,DNG06,DNG09,DNG17,DNG34,DTT-KEI-006,DTT-KEI-031,EGAN00001279031,EGAN00001279032,EGAN00001279033,EGAN00001279034,EGAN00001279035,EGAN00001279036,EGAN00001279037,EGAN00001279038,EGAN00001279039,EGAN00001279040,EGAN00001279041,EGAN00001279042,EGAN00001279043,EGAN00001279044,EGAN00001279045,EGAN00001279046,EGAN00001279047,EGAN00001279048,EGAN00001279049,EGAN00001279050,EGAN00001279051,EGAN00001279052,EGAN00001279053,EGAN00001279054,EGAN00001279055,FAN-KEI-011,FAN-KEI-024,FDT-TBR-004,FLT018,FLT020,FLT022,FLT042,FLT060,FLT077,FLT078,KJG02,KJG04,KJG08,KJG18,KJG25,KJG32,LP6005441-DNA_A01,LP6005441-DNA_A03,LP6005441-DNA_A05,LP6005441-DNA_A06,LP6005441-DNA_A10,LP6005441-DNA_A12,LP6005441-DNA_B01,LP6005441-DNA_B03,LP6005441-DNA_B04,LP6005441-DNA_B05,LP6005441-DNA_B06,LP6005441-DNA_B07,LP6005441-DNA_B09,LP6005441-DNA_B10,LP6005441-DNA_B12,LP6005441-DNA_C01,LP6005441-DNA_C02,LP6005441-DNA_C03,LP6005441-DNA_C05,LP6005441-DNA_C06,LP6005441-DNA_C07,LP6005441-DNA_C08,LP6005441-DNA_C09,LP6005441-DNA_C10,LP6005441-DNA_C11,LP6005441-DNA_D01,LP6005441-DNA_D02,LP6005441-DNA_D03,LP6005441-DNA_D04,LP6005441-DNA_D05,LP6005441-DNA_D06,LP6005441-DNA_D07,LP6005441-DNA_D08,LP6005441-DNA_D09,LP6005441-DNA_D10,LP6005441-DNA_D11,LP6005441-DNA_D12,LP6005441-DNA_E02,LP6005441-DNA_E03,LP6005441-DNA_E05,LP6005441-DNA_E06,LP6005441-DNA_E08,LP6005441-DNA_E09,LP6005441-DNA_E10,LP6005441-DNA_F02,LP6005441-DNA_F03,LP6005441-DNA_F04,LP6005441-DNA_F05,LP6005441-DNA_F06,LP6005441-DNA_F08,LP6005441-DNA_F09,LP6005441-DNA_F10,LP6005441-DNA_F12,LP6005441-DNA_G03,LP6005441-DNA_G04,LP6005441-DNA_G05,LP6005441-DNA_G06,LP6005441-DNA_G07,LP6005441-DNA_G08,LP6005441-DNA_G09,LP6005441-DNA_G10,LP6005441-DNA_G11,LP6005441-DNA_G12,LP6005441-DNA_H03,LP6005441-DNA_H05,LP6005441-DNA_H06,LP6005441-DNA_H07,LP6005441-DNA_H08,LP6005441-DNA_H09,LP6005441-DNA_H10,LP6005441-DNA_H11,LP6005441-DNA_H12,LP6005442-DNA_A03,LP6005442-DNA_A04,LP6005442-DNA_A07,LP6005442-DNA_A08,LP6005442-DNA_A11,LP6005442-DNA_A12,LP6005442-DNA_B01,LP6005442-DNA_B03,LP6005442-DNA_B04,LP6005442-DNA_B07,LP6005442-DNA_B08,LP6005442-DNA_B11,LP6005442-DNA_B12,LP6005442-DNA_C02,LP6005442-DNA_C04,LP6005442-DNA_C07,LP6005442-DNA_C10,LP6005442-DNA_C11,LP6005442-DNA_D01,LP6005442-DNA_D02,LP6005442-DNA_D03,LP6005442-DNA_D08,LP6005442-DNA_D10,LP6005442-DNA_D11,LP6005442-DNA_E04,LP6005442-DNA_E07,LP6005442-DNA_E10,LP6005442-DNA_E12,LP6005442-DNA_F01,LP6005442-DNA_F02,LP6005442-DNA_F04,LP6005442-DNA_F10,LP6005442-DNA_F12,LP6005442-DNA_G01,LP6005442-DNA_G02,LP6005442-DNA_G03,LP6005442-DNA_G04,LP6005442-DNA_G07,LP6005442-DNA_G09,LP6005442-DNA_G12,LP6005442-DNA_H01,LP6005442-DNA_H03,LP6005442-DNA_H04,LP6005442-DNA_H06,LP6005442-DNA_H09,LP6005442-DNA_H12,LP6005443-DNA_A02,LP6005443-DNA_A03,LP6005443-DNA_A06,LP6005443-DNA_A07,LP6005443-DNA_A08,LP6005443-DNA_A12,LP6005443-DNA_B01,LP6005443-DNA_B02,LP6005443-DNA_B03,LP6005443-DNA_B04,LP6005443-DNA_B06,LP6005443-DNA_B07,LP6005443-DNA_B08,LP6005443-DNA_B10,LP6005443-DNA_C02,LP6005443-DNA_C03,LP6005443-DNA_C04,LP6005443-DNA_C06,LP6005443-DNA_C07,LP6005443-DNA_C08,LP6005443-DNA_C09,LP6005443-DNA_D01,LP6005443-DNA_D02,LP6005443-DNA_D03,LP6005443-DNA_D04,LP6005443-DNA_D05,LP6005443-DNA_D06,LP6005443-DNA_D07,LP6005443-DNA_D08,LP6005443-DNA_D09,LP6005443-DNA_E01,LP6005443-DNA_E05,LP6005443-DNA_E07,LP6005443-DNA_E08,LP6005443-DNA_E09,LP6005443-DNA_E10,LP6005443-DNA_E11,LP6005443-DNA_F01,LP6005443-DNA_F03,LP6005443-DNA_F04,LP6005443-DNA_F05,LP6005443-DNA_F07,LP6005443-DNA_F08,LP6005443-DNA_F10,LP6005443-DNA_F11,LP6005443-DNA_G01,LP6005443-DNA_G03,LP6005443-DNA_G04,LP6005443-DNA_G05,LP6005443-DNA_G07,LP6005443-DNA_G11,LP6005443-DNA_H01,LP6005443-DNA_H02,LP6005443-DNA_H03,LP6005443-DNA_H05,LP6005443-DNA_H07,LP6005443-DNA_H11,LP6005519-DNA_A03,LP6005519-DNA_A04,LP6005519-DNA_A05,LP6005519-DNA_A06,LP6005519-DNA_B03,LP6005519-DNA_B04,LP6005519-DNA_B05,LP6005519-DNA_B06,LP6005519-DNA_C03,LP6005519-DNA_C04,LP6005519-DNA_C05,LP6005519-DNA_C06,LP6005519-DNA_D01,LP6005519-DNA_D03,LP6005519-DNA_D04,LP6005519-DNA_D05,LP6005519-DNA_D06,LP6005519-DNA_E04,LP6005519-DNA_E05,LP6005519-DNA_E06,LP6005519-DNA_F03,LP6005519-DNA_F04,LP6005519-DNA_F06,LP6005519-DNA_G02,LP6005519-DNA_G03,LP6005519-DNA_G04,LP6005519-DNA_H03,LP6005519-DNA_H04,LP6005592-DNA_A02,LP6005592-DNA_A04,LP6005592-DNA_B01,LP6005592-DNA_B03,LP6005592-DNA_B04,LP6005592-DNA_C01,LP6005592-DNA_C02,LP6005592-DNA_D01,LP6005592-DNA_D03,LP6005592-DNA_D04,LP6005592-DNA_E01,LP6005592-DNA_E02,LP6005592-DNA_E05,LP6005592-DNA_F01,LP6005592-DNA_F03,LP6005592-DNA_F05,LP6005592-DNA_G01,LP6005592-DNA_G03,LP6005592-DNA_G05,LP6005592-DNA_H01,LP6005619-DNA_A01,LP6005619-DNA_B01,LP6005619-DNA_C01,LP6005677-DNA_A02,LP6005677-DNA_A03,LP6005677-DNA_B01,LP6005677-DNA_B02,LP6005677-DNA_C03,LP6005677-DNA_D01,LP6005677-DNA_E01,LP6005677-DNA_F01,LP6007068-DNA_A01,LP6007069-DNA_A01,LP6007071-DNA_A01,LP6007072-DNA_A01,LP6007073-DNA_A01,LP6007074-DNA_A01,LP6007075-DNA_A01,LP6007076-DNA_A01,MKT-TBR-007,MPI-025,MPI-030,MPI-065,MPI-070,MPI-074,MPI-296,MPI-376,MTW007,MTW020,MTW030,MTW057,MTW058,MTW062,MTW071,MTW078,NG02-F,NG06,NG09-F,NG63-F,NG65-F,NG66,NG88-F,NIAS01,NIAS02,NIAS03,NIAS04,NIAS08,NIAS10,NIAS12,NIAS13,NIAS15,NIAS16,NIAS17,NIAS21,NIAS26,NIAS33,NIAS38,PNG001,PNG003,PNG005,PNG031,PNG057,PNG059,PNG064,PNG076,RAM003,RAM005,RAM008,RAM022,RAM024,RAM025,RAM027-F,RAM034-F,RAM035-F,RAM036-F,RAM038,RAM039-F,RAM041-F,RAM043-F,RAM045-F,RAM067,RAM087,RAM105,SLD-TBR-001,SLD-TBR-022,SLW13,SLW36,SLW40,SLW42,SLW51,SLW54,SMT01,SMT03,SMT05,SMT12,SMT22,SMT23,SMT39,SS6004467,SS6004468,SS6004469,SS6004472,SS6004474,SS6004476,SS6004477,SS6004478,SS6004479,TL003,TL004,TL032,TL038,TL097,TL113,TL119,TMB-TBR-027,UV002,UV003,UV008,UV030,UV031,UV034,UV275B,UV287B,UV291,UV293,UV321B,UV322B,UV344B,UV350,UV355B,UV368B,WAR-KEI-005,WAR-KEI-030
ALK-TBR-025,0.063,0.091,0.096,0.091,0.106,0.120,0.011,0.072,0.097,0.060,0.059,0.068,0.061,0.050,0.072,0.061,0.067,0.054,0.067,0.034,0.057,0.046,0.051,0.047,0.045,0.049,0.043,0.052,0.067,0.041,0.069,0.048,0.048,0.058,0.009,0.017,0.007,0.007,0.007,0.008,0.103,0.115,0.157,0.201,0.186,0.149,0.155,0.190,0.214,0.178,0.198,0.170,0.164,0.188,0.182,0.162,0.195,0.179,0.146,0.175,0.159,0.145,0.127,0.174,0.176,0.202,0.151,0.092,0.101,0.071,0.075,0.060,0.085,0.088,0.065,0.068,0.092,0.023,0.030,0.029,0.029,0.023,0.037,0.000,0.141,0.003,0.002,0.161,0.011,0.002,0.077,0.006,0.005,0.004,0.006,0.015,0.210,0.005,0.003,0.002,0.002,0.006,0.006,0.005,0.007,0.003,0.010,0.001,0.003,0.005,0.006,0.011,0.008,0.008,0.002,0.009,0.005,0.006,0.000,0.004,0.002,0.004,0.012,0.004,0.006,0.008,0.006,0.004,0.002,0.004,0.003,0.004,0.004,0.008,0.006,0.007,0.012,0.003,0.010,0.008,0.008,0.001,0.002,0.004,0.001,0.004,0.010,0.007,0.007,0.006,0.001,0.001,0.006,0.004,0.001,0.001,0.003,0.006,0.003,0.001,0.003,0.007,0.000,0.002,0.009,0.004,0.003,0.007,0.003,0.003,0.013,0.005,0.010,0.005,0.001,0.001,0.003,0.003,0.007,0.003,0.013,0.002,0.005,0.010,0.008,0.001,0.006,0.004,0.005,0.001,0.002,0.003,0.005,0.004,0.010,0.005,0.003,0.003,0.010,0.009,0.007,0.009,0.001,0.000,0.012,0.190,0.005,0.007,0.008,0.006,0.009,0.001,0.008,0.151,0.005,0.007,0.003,0.009,0.005,0.202,0.228,0.005,0.004,0.010,0.007,0.005,0.003,0.007,0.184,0.214,0.005,0.005,0.006,0.171,0.169,0.009,0.002,0.004,0.005,0.003,0.006,0.008,0.198,0.202,0.002,0.009,0.014,0.007,0.006,0.010,0.183,0.005,0.005,0.009,0.006,0.004,0.198,0.006,0.004,0.003,0.007,0.007,0.005,0.007,0.007,0.007,0.006,0.005,0.006,0.011,0.007,0.002,0.007,0.003,0.005,0.006,0.008,0.019,0.004,0.004,0.011,0.008,0.009,0.008,0.004,0.006,0.001,0.005,0.003,0.000,0.005,0.002,0.010,0.004,0.011,0.002,0.002,0.001,0.006,0.003,0.009,0.017,0.001,0.003,0.008,0.002,0.008,0.002,0.004,0.005,0.001,0.004,0.005,0.004,0.004,0.009,0.009,0.001,0.001,0.008,0.004,0.004,0.008,0.003,0.004,0.075,0.170,0.164,0.123,0.161,0.177,0.173,0.142,0.006,0.010,0.014,0.007,0.011,0.012,0.009,0.012,0.163,0.167,0.174,0.149,0.184,0.109,0.192,0.009,0.011,0.009,0.013,0.016,0.010,0.007,0.009,0.009,0.009,0.008,0.011,0.009,0.009,0.007,0.183,0.098,0.178,0.100,0.153,0.194,0.134,0.201,0.061,0.040,0.045,0.095,0.044,0.053,0.043,0.061,0.051,0.065,0.033,0.074,0.067,0.063,0.044,0.042,0.074,0.055,0.083,0.110,0.022,0.030,0.021,0.049,0.019,0.021,0.013,0.011,0.011,0.008,0.011,0.014,0.012,0.005,0.003,0.010,0.194,0.000,0.009,0.100,0.091,0.006,0.017,0.018,0.018,0.019,0.007,0.013,0.011,0.075,0.134,0.138,0.099,0.163,0.125,0.148,0.142,0.141,0.136,0.133,0.111,0.116,0.118,0.157,0.142,0.144,0.085,0.110
ALR03,0.084,0.105,0.092,0.071,0.121,0.119,0.027,0.079,0.073,0.040,0.052,0.064,0.072,0.046,0.075,0.080,0.070,0.085,0.059,0.077,0.077,0.067,0.057,0.036,0.052,0.057,0.058,0.049,0.050,0.063,0.045,0.056,0.062,0.062,0.011,0.014,0.017,0.010,0.018,0.010,0.091,0.089,0.159,0.188,0.162,0.145,0.150,0.182,0.166,0.147,0.163,0.181,0.148,0.180,0.166,0.159,0.175,0.196,0.168,0.178,0.157,0.161,0.190,0.164,0.155,0.171,0.194,0.095,0.096,0.075,0.063,0.074,0.084,0.127,0.088,0.074,0.101,0.013,0.020,0.048,0.057,0.023,0.031,0.001,0.119,0.001,0.004,0.199,0.010,0.002,0.107,0.007,0.002,0.002,0.005,0.009,0.182,0.008,0.003,0.003,0.008,0.009,0.010,0.003,0.006,0.002,0.008,0.002,0.001,0.006,0.003,0.007,0.010,0.006,0.001,0.009,0.004,0.007,0.001,0.009,0.001,0.003,0.012,0.001,0.005,0.006,0.008,0.003,0.002,0.003,0.003,0.003,0.004,0.008,0.010,0.005,0.009,0.001,0.007,0.008,0.011,0.002,0.000,0.004,0.004,0.002,0.007,0.005,0.007,0.006,0.002,0.000,0.005,0.003,0.001,0.001,0.004,0.006,0.003,0.003,0.003,0.006,0.001,0.002,0.010,0.002,0.003,0.019,0.002,0.006,0.009,0.004,0.010,0.002,0.002,0.001,0.002,0.002,0.007,0.003,0.006,0.001,0.006,0.005,0.006,0.003,0.005,0.002,0.005,0.003,0.001,0.007,0.003,0.005,0.010,0.005,0.004,0.003,0.005,0.008,0.009,0.005,0.005,0.002,0.008,0.185,0.010,0.012,0.005,0.008,0.005,0.002,0.006,0.196,0.003,0.004,0.005,0.011,0.011,0.167,0.190,0.016,0.004,0.008,0.007,0.005,0.001,0.006,0.194,0.191,0.010,0.006,0.011,0.171,0.180,0.008,0.004,0.005,0.006,0.002,0.009,0.006,0.149,0.169,0.001,0.006,0.012,0.009,0.003,0.008,0.179,0.010,0.005,0.006,0.006,0.003,0.230,0.007,0.007,0.005,0.005,0.008,0.008,0.006,0.007,0.007,0.001,0.006,0.002,0.017,0.009,0.002,0.008,0.005,0.009,0.008,0.008,0.014,0.005,0.012,0.014,0.013,0.010,0.010,0.006,0.008,0.003,0.004,0.001,0.001,0.006,0.003,0.010,0.004,0.012,0.002,0.003,0.002,0.007,0.005,0.007,0.008,0.000,0.004,0.009,0.002,0.007,0.002,0.001,0.003,0.004,0.005,0.005,0.005,0.006,0.007,0.008,0.000,0.002,0.009,0.012,0.004,0.012,0.003,0.005,0.062,0.186,0.194,0.174,0.178,0.184,0.195,0.171,0.003,0.012,0.012,0.019,0.008,0.015,0.014,0.009,0.162,0.176,0.157,0.132,0.178,0.117,0.153,0.010,0.011,0.008,0.009,0.007,0.008,0.008,0.018,0.008,0.008,0.010,0.013,0.008,0.008,0.004,0.177,0.107,0.171,0.116,0.191,0.186,0.134,0.203,0.047,0.036,0.050,0.074,0.066,0.028,0.063,0.055,0.042,0.073,0.031,0.074,0.064,0.068,0.050,0.055,0.058,0.062,0.075,0.103,0.017,0.034,0.025,0.028,0.023,0.018,0.007,0.017,0.015,0.008,0.008,0.010,0.008,0.006,0.002,0.010,0.222,0.002,0.009,0.111,0.114,0.004,0.015,0.006,0.013,0.007,0.011,0.010,0.008,0.072,0.130,0.145,0.127,0.156,0.134,0.125,0.120,0.120,0.114,0.116,0.111,0.118,0.106,0.128,0.119,0.111,0.109,0.133
ALR04,0.071,0.075,0.094,0.064,0.095,0.118,0.011,0.077,0.084,0.048,0.058,0.054,0.055,0.055,0.076,0.059,0.068,0.070,0.050,0.051,0.063,0.042,0.040,0.045,0.034,0.050,0.041,0.052,0.068,0.037,0.053,0.045,0.069,0.061,0.012,0.018,0.005,0.007,0.006,0.004,0.085,0.099,0.166,0.136,0.149,0.140,0.170,0.178,0.182,0.180,0.176,0.136,0.144,0.177,0.171,0.199,0.166,0.197,0.183,0.170,0.175,0.205,0.138,0.159,0.154,0.150,0.189,0.110,0.097,0.080,0.089,0.061,0.066,0.083,0.080,0.076,0.086,0.026,0.039,0.021,0.024,0.026,0.025,0.002,0.117,0.002,0.002,0.159,0.010,0.002,0.121,0.006,0.002,0.003,0.011,0.015,0.168,0.007,0.001,0.002,0.002,0.006,0.003,0.001,0.007,0.005,0.003,0.003,0.001,0.003,0.002,0.011,0.008,0.005,0.001,0.007,0.004,0.003,0.002,0.007,0.001,0.002,0.006,0.001,0.005,0.005,0.005,0.002,0.004,0.005,0.006,0.003,0.013,0.009,0.013,0.015,0.007,0.002,0.008,0.013,0.008,0.001,0.000,0.002,0.003,0.003,0.005,0.005,0.010,0.008,0.001,0.002,0.003,0.003,0.003,0.001,0.003,0.004,0.002,0.002,0.002,0.005,0.002,0.003,0.006,0.003,0.002,0.002,0.002,0.004,0.012,0.001,0.015,0.003,0.002,0.001,0.003,0.001,0.010,0.002,0.009,0.001,0.006,0.007,0.004,0.002,0.003,0.004,0.005,0.001,0.002,0.004,0.003,0.002,0.007,0.006,0.005,0.002,0.008,0.005,0.008,0.012,0.006,0.003,0.006,0.164,0.009,0.013,0.005,0.007,0.005,0.002,0.010,0.150,0.003,0.006,0.003,0.007,0.007,0.170,0.173,0.003,0.005,0.011,0.007,0.007,0.003,0.008,0.191,0.184,0.005,0.016,0.007,0.182,0.167,0.008,0.005,0.010,0.005,0.005,0.002,0.005,0.135,0.150,0.001,0.007,0.010,0.013,0.002,0.006,0.173,0.005,0.005,0.012,0.011,0.003,0.195,0.006,0.008,0.003,0.002,0.012,0.012,0.005,0.003,0.006,0.002,0.004,0.003,0.003,0.007,0.002,0.004,0.002,0.010,0.005,0.010,0.017,0.003,0.006,0.019,0.012,0.004,0.003,0.004,0.004,0.005,0.006,0.003,0.002,0.004,0.003,0.008,0.004,0.007,0.004,0.002,0.003,0.005,0.002,0.006,0.012,0.000,0.002,0.007,0.001,0.010,0.001,0.001,0.002,0.003,0.004,0.006,0.004,0.014,0.006,0.013,0.001,0.002,0.001,0.006,0.007,0.010,0.001,0.004,0.071,0.157,0.205,0.180,0.183,0.195,0.180,0.148,0.006,0.008,0.015,0.011,0.009,0.012,0.013,0.007,0.141,0.141,0.141,0.150,0.159,0.127,0.135,0.014,0.018,0.019,0.006,0.016,0.015,0.008,0.011,0.009,0.011,0.010,0.014,0.006,0.010,0.009,0.178,0.129,0.147,0.107,0.161,0.180,0.145,0.182,0.040,0.041,0.068,0.079,0.062,0.045,0.050,0.047,0.060,0.058,0.038,0.049,0.057,0.055,0.044,0.053,0.061,0.059,0.092,0.088,0.031,0.038,0.021,0.029,0.027,0.019,0.007,0.012,0.010,0.008,0.006,0.008,0.014,0.008,0.002,0.012,0.174,0.002,0.008,0.089,0.115,0.012,0.012,0.019,0.021,0.016,0.006,0.007,0.015,0.064,0.144,0.147,0.146,0.151,0.133,0.145,0.135,0.151,0.142,0.145,0.132,0.130,0.130,0.152,0.128,0.163,0.093,0.114
ALR06,0.085,0.072,0.084,0.091,0.120,0.110,0.016,0.065,0.057,0.038,0.044,0.047,0.054,0.051,0.059,0.047,0.063,0.062,0.046,0.047,0.053,0.051,0.047,0.048,0.053,0.054,0.044,0.049,0.069,0.047,0.050,0.059,0.055,0.042,0.010,0.014,0.007,0.015,0.015,0.014,0.078,0.074,0.141,0.143,0.173,0.135,0.183,0.151,0.152,0.130,0.138,0.134,0.125,0.135,0.151,0.151,0.157,0.149,0.150,0.168,0.125,0.135,0.165,0.132,0.148,0.155,0.173,0.086,0.086,0.064,0.069,0.073,0.086,0.091,0.068,0.068,0.085,0.019,0.029,0.031,0.024,0.039,0.036,0.003,0.082,0.003,0.001,0.168,0.008,0.004,0.101,0.012,0.002,0.005,0.004,0.010,0.157,0.006,0.001,0.005,0.005,0.012,0.008,0.004,0.010,0.002,0.005,0.003,0.001,0.005,0.006,0.010,0.015,0.017,0.003,0.011,0.005,0.004,0.001,0.009,0.001,0.004,0.008,0.002,0.014,0.009,0.010,0.002,0.005,0.004,0.003,0.003,0.006,0.006,0.011,0.014,0.013,0.003,0.010,0.008,0.013,0.002,0.001,0.005,0.001,0.002,0.012,0.007,0.007,0.014,0.002,0.000,0.010,0.003,0.002,0.001,0.000,0.006,0.005,0.001,0.004,0.006,0.006,0.004,0.010,0.001,0.005,0.003,0.003,0.002,0.013,0.002,0.009,0.005,0.001,0.005,0.004,0.003,0.003,0.003,0.010,0.006,0.005,0.009,0.008,0.001,0.006,0.009,0.005,0.003,0.003,0.007,0.004,0.003,0.011,0.007,0.005,0.005,0.009,0.010,0.009,0.016,0.007,0.001,0.011,0.179,0.008,0.011,0.010,0.006,0.009,0.001,0.010,0.152,0.003,0.005,0.004,0.008,0.010,0.144,0.137,0.006,0.002,0.015,0.010,0.005,0.004,0.014,0.153,0.152,0.008,0.013,0.006,0.154,0.160,0.008,0.002,0.008,0.020,0.007,0.015,0.003,0.141,0.134,0.002,0.008,0.016,0.012,0.006,0.012,0.158,0.007,0.006,0.006,0.004,0.005,0.175,0.003,0.006,0.002,0.002,0.006,0.009,0.005,0.004,0.012,0.006,0.007,0.006,0.014,0.009,0.003,0.007,0.003,0.010,0.012,0.005,0.012,0.007,0.004,0.011,0.011,0.004,0.007,0.009,0.006,0.001,0.002,0.006,0.003,0.004,0.002,0.003,0.008,0.008,0.001,0.003,0.001,0.007,0.002,0.009,0.009,0.001,0.004,0.007,0.000,0.014,0.005,0.002,0.007,0.002,0.005,0.009,0.004,0.006,0.015,0.010,0.002,0.003,0.012,0.006,0.007,0.015,0.003,0.007,0.073,0.169,0.139,0.146,0.122,0.150,0.150,0.115,0.007,0.011,0.009,0.013,0.010,0.006,0.007,0.011,0.128,0.145,0.142,0.133,0.145,0.110,0.145,0.012,0.008,0.010,0.011,0.008,0.006,0.007,0.011,0.006,0.012,0.009,0.012,0.011,0.003,0.009,0.157,0.109,0.166,0.094,0.132,0.155,0.121,0.140,0.059,0.038,0.054,0.066,0.036,0.047,0.050,0.057,0.027,0.043,0.046,0.062,0.051,0.045,0.057,0.039,0.056,0.050,0.084,0.071,0.015,0.033,0.017,0.037,0.022,0.027,0.006,0.016,0.012,0.017,0.011,0.011,0.010,0.006,0.005,0.010,0.163,0.001,0.013,0.080,0.086,0.004,0.018,0.017,0.022,0.013,0.015,0.013,0.018,0.090,0.115,0.149,0.117,0.146,0.149,0.136,0.141,0.141,0.133,0.148,0.147,0.147,0.138,0.157,0.139,0.122,0.084,0.096
ALR11,0.070,0.090,0.083,0.085,0.053,0.107,0.021,0.065,0.068,0.061,0.051,0.053,0.057,0.043,0.064,0.069,0.050,0.069,0.052,0.055,0.050,0.043,0.062,0.030,0.045,0.059,0.040,0.037,0.041,0.053,0.030,0.041,0.037,0.041,0.010,0.015,0.014,0.004,0.015,0.007,0.090,0.088,0.153,0.149,0.134,0.137,0.158,0.136,0.122,0.147,0.162,0.145,0.149,0.167,0.165,0.164,0.161,0.154,0.161,0.157,0.130,0.146,0.146,0.174,0.164,0.169,0.186,0.079,0.083,0.066,0.074,0.061,0.089,0.082,0.083,0.068,0.079,0.013,0.024,0.030,0.043,0.024,0.012,0.002,0.091,0.001,0.002,0.180,0.004,0.003,0.091,0.006,0.002,0.003,0.006,0.013,0.163,0.002,0.002,0.003,0.002,0.005,0.005,0.003,0.005,0.001,0.001,0.002,0.001,0.001,0.002,0.007,0.011,0.012,0.001,0.007,0.002,0.002,0.001,0.005,0.001,0.002,0.003,0.001,0.008,0.004,0.006,0.001,0.003,0.004,0.002,0.002,0.007,0.006,0.004,0.010,0.007,0.001,0.011,0.003,0.006,0.001,0.001,0.001,0.003,0.001,0.008,0.003,0.003,0.007,0.001,0.001,0.005,0.002,0.001,0.001,0.000,0.005,0.002,0.002,0.003,0.007,0.004,0.001,0.002,0.001,0.002,0.010,0.001,0.003,0.010,0.002,0.007,0.005,0.001,0.001,0.001,0.002,0.003,0.002,0.014,0.000,0.008,0.006,0.005,0.001,0.002,0.008,0.006,0.002,0.000,0.003,0.002,0.002,0.005,0.004,0.002,0.001,0.008,0.005,0.004,0.012,0.003,0.001,0.011,0.154,0.006,0.005,0.010,0.004,0.007,0.002,0.008,0.161,0.003,0.007,0.002,0.009,0.007,0.149,0.148,0.015,0.004,0.011,0.004,0.002,0.003,0.007,0.159,0.198,0.005,0.007,0.006,0.158,0.155,0.008,0.002,0.002,0.010,0.004,0.007,0.005,0.139,0.141,0.001,0.002,0.011,0.011,0.004,0.005,0.154,0.002,0.004,0.002,0.004,0.000,0.178,0.001,0.001,0.001,0.004,0.002,0.002,0.004,0.002,0.006,0.003,0.003,0.005,0.009,0.003,0.002,0.005,0.003,0.006,0.005,0.008,0.010,0.003,0.010,0.007,0.002,0.002,0.004,0.008,0.003,0.002,0.004,0.001,0.002,0.004,0.003,0.006,0.008,0.006,0.002,0.002,0.002,0.005,0.000,0.006,0.006,0.002,0.003,0.004,0.000,0.012,0.000,0.002,0.005,0.002,0.002,0.005,0.002,0.003,0.006,0.002,0.001,0.000,0.004,0.006,0.003,0.006,0.002,0.003,0.065,0.180,0.175,0.151,0.175,0.145,0.187,0.151,0.004,0.005,0.012,0.004,0.005,0.011,0.010,0.004,0.153,0.139,0.134,0.114,0.162,0.100,0.151,0.009,0.006,0.009,0.008,0.010,0.005,0.011,0.010,0.005,0.005,0.005,0.007,0.005,0.010,0.005,0.161,0.116,0.160,0.087,0.162,0.185,0.112,0.156,0.055,0.047,0.050,0.054,0.041,0.035,0.050,0.048,0.039,0.056,0.038,0.054,0.046,0.039,0.051,0.043,0.045,0.047,0.061,0.069,0.016,0.032,0.016,0.022,0.020,0.018,0.007,0.009,0.010,0.008,0.007,0.009,0.009,0.004,0.001,0.008,0.193,0.001,0.004,0.084,0.110,0.003,0.010,0.019,0.017,0.022,0.008,0.007,0.016,0.084,0.101,0.110,0.110,0.136,0.124,0.116,0.115,0.105,0.117,0.112,0.121,0.130,0.097,0.121,0.144,0.120,0.071,0.108
ALR21,0.085,0.091,0.114,0.082,0.110,0.120,0.010,0.075,0.073,0.052,0.045,0.058,0.078,0.059,0.086,0.052,0.057,0.090,0.060,0.046,0.053,0.050,0.050,0.028,0.040,0.048,0.036,0.057,0.066,0.046,0.037,0.040,0.041,0.047,0.009,0.008,0.007,0.007,0.007,0.009,0.075,0.110,0.190,0.180,0.163,0.162,0.183,0.198,0.189,0.202,0.195,0.149,0.173,0.202,0.219,0.191,0.191,0.195,0.196,0.223,0.167,0.183,0.187,0.182,0.236,0.217,0.228,0.098,0.118,0.086,0.071,0.099,0.075,0.095,0.092,0.067,0.096,0.023,0.016,0.018,0.035,0.019,0.020,0.001,0.117,0.001,0.002,0.191,0.004,0.002,0.100,0.005,0.003,0.002,0.005,0.006,0.205,0.002,0.000,0.002,0.002,0.006,0.008,0.003,0.007,0.004,0.004,0.001,0.001,0.003,0.003,0.006,0.010,0.012,0.001,0.005,0.004,0.004,0.001,0.004,0.001,0.004,0.007,0.000,0.009,0.003,0.010,0.000,0.003,0.007,0.003,0.002,0.005,0.006,0.005,0.011,0.007,0.001,0.008,0.004,0.010,0.001,0.001,0.003,0.004,0.002,0.008,0.004,0.007,0.007,0.001,0.001,0.006,0.003,0.002,0.002,0.001,0.004,0.003,0.002,0.002,0.005,0.002,0.001,0.004,0.003,0.002,0.007,0.002,0.001,0.005,0.001,0.007,0.004,0.001,0.002,0.002,0.002,0.003,0.001,0.007,0.002,0.005,0.005,0.005,0.001,0.003,0.008,0.003,0.002,0.002,0.004,0.003,0.003,0.011,0.005,0.004,0.002,0.004,0.005,0.004,0.010,0.004,0.001,0.004,0.207,0.006,0.005,0.008,0.005,0.005,0.002,0.007,0.224,0.001,0.007,0.002,0.006,0.008,0.215,0.191,0.005,0.003,0.007,0.007,0.004,0.001,0.008,0.162,0.212,0.004,0.009,0.009,0.184,0.190,0.003,0.002,0.005,0.007,0.005,0.007,0.003,0.189,0.163,0.001,0.004,0.008,0.009,0.006,0.005,0.194,0.007,0.004,0.005,0.007,0.001,0.170,0.002,0.004,0.007,0.003,0.003,0.004,0.004,0.007,0.006,0.003,0.005,0.006,0.005,0.004,0.002,0.006,0.007,0.008,0.009,0.005,0.015,0.003,0.002,0.012,0.005,0.005,0.005,0.005,0.004,0.003,0.004,0.002,0.002,0.003,0.002,0.006,0.006,0.008,0.000,0.006,0.002,0.005,0.002,0.005,0.004,0.002,0.002,0.006,0.000,0.007,0.003,0.001,0.004,0.002,0.005,0.005,0.003,0.006,0.009,0.004,0.001,0.002,0.010,0.006,0.004,0.005,0.004,0.006,0.083,0.224,0.225,0.216,0.193,0.204,0.225,0.211,0.005,0.006,0.006,0.013,0.004,0.008,0.010,0.004,0.171,0.165,0.162,0.149,0.183,0.104,0.155,0.004,0.004,0.006,0.008,0.008,0.003,0.007,0.012,0.006,0.007,0.008,0.009,0.008,0.005,0.007,0.180,0.137,0.195,0.103,0.220,0.196,0.145,0.210,0.061,0.053,0.039,0.057,0.053,0.038,0.050,0.039,0.033,0.053,0.039,0.067,0.046,0.069,0.044,0.037,0.054,0.074,0.064,0.090,0.013,0.035,0.023,0.021,0.020,0.019,0.002,0.013,0.009,0.009,0.006,0.010,0.007,0.004,0.002,0.005,0.210,0.001,0.005,0.097,0.113,0.004,0.011,0.008,0.007,0.009,0.007,0.008,0.006,0.083,0.140,0.163,0.143,0.147,0.148,0.115,0.168,0.119,0.130,0.128,0.143,0.151,0.150,0.173,0.164,0.144,0.097,0.108
BLI615,0.051,0.137,0.072,0.077,0.141,0.066,0.101,0.025,0.078,0.061,0.089,0.073,0.053,0.061,0.051,0.117,0.074,0.143,0.073,0.072,0.080,0.069,0.058,0.057,0.072,0.068,0.046,0.104,0.071,0.060,0.042,0.097,0.070,0.079,0.100,0.082,0.112,0.070,0.096,0.098,0.081,0.084,0.114,0.103,0.072,0.079,0.087,0.089,0.071,0.136,0.065,0.062,0.055,0.066,0.056,0.116,0.070,0.099,0.088,0.097,0.055,0.110,0.092,0.077,0.069,0.070,0.132,0.067,0.056,0.078,0.085,0.075,0.093,0.095,0.068,0.041,0.073,0.038,0.071,0.070,0.101,0.063,0.054,0.017,0.071,0.004,0.007,0.160,0.051,0.020,0.061,0.053,0.007,0.018,0.051,0.089,0.112,0.045,0.013,0.023,0.013,0.050,0.047,0.012,0.055,0.030,0.004,0.015,0.007,0.018,0.040,0.071,0.095,0.082,0.002,0.085,0.029,0.022,0.006,0.033,0.005,0.040,0.048,0.011,0.040,0.043,0.062,0.017,0.009,0.025,0.041,0.020,0.020,0.044,0.061,0.043,0.074,0.007,0.043,0.054,0.068,0.005,0.003,0.023,0.022,0.024,0.074,0.049,0.082,0.044,0.008,0.016,0.047,0.017,0.024,0.032,0.021,0.035,0.022,0.005,0.020,0.036,0.013,0.020,0.040,0.022,0.026,0.023,0.009,0.019,0.071,0.017,0.074,0.078,0.007,0.004,0.017,0.019,0.067,0.012,0.068,0.014,0.035,0.055,0.071,0.013,0.007,0.032,0.037,0.015,0.013,0.030,0.033,0.042,0.053,0.057,0.018,0.021,0.059,0.047,0.056,0.095,0.024,0.023,0.046,0.063,0.059,0.084,0.042,0.021,0.068,0.007,0.060,0.113,0.026,0.063,0.038,0.053,0.065,0.132,0.096,0.044,0.027,0.076,0.036,0.039,0.022,0.052,0.066,0.100,0.084,0.065,0.036,0.068,0.119,0.039,0.020,0.050,0.055,0.033,0.025,0.038,0.080,0.081,0.020,0.049,0.087,0.038,0.020,0.061,0.103,0.058,0.052,0.034,0.040,0.012,0.096,0.027,0.040,0.028,0.033,0.061,0.031,0.041,0.014,0.059,0.028,0.042,0.026,0.079,0.037,0.012,0.020,0.022,0.050,0.039,0.039,0.108,0.038,0.021,0.074,0.061,0.015,0.051,0.047,0.022,0.025,0.031,0.017,0.014,0.035,0.035,0.054,0.032,0.058,0.018,0.016,0.035,0.046,0.013,0.081,0.092,0.013,0.010,0.050,0.009,0.088,0.007,0.015,0.027,0.018,0.025,0.037,0.017,0.043,0.053,0.035,0.006,0.007,0.041,0.026,0.041,0.045,0.028,0.013,0.073,0.082,0.115,0.070,0.081,0.072,0.081,0.058,0.046,0.065,0.094,0.079,0.055,0.052,0.063,0.064,0.083,0.095,0.074,0.076,0.108,0.072,0.078,0.055,0.097,0.095,0.103,0.081,0.063,0.066,0.080,0.037,0.041,0.033,0.069,0.074,0.059,0.058,0.078,0.078,0.147,0.090,0.067,0.064,0.051,0.042,0.092,0.058,0.116,0.065,0.101,0.081,0.066,0.075,0.068,0.086,0.066,0.081,0.058,0.042,0.064,0.069,0.051,0.069,0.046,0.059,0.082,0.062,0.086,0.036,0.097,0.053,0.064,0.054,0.054,0.071,0.058,0.070,0.060,0.066,0.015,0.057,0.086,0.007,0.050,0.059,0.105,0.036,0.103,0.044,0.093,0.086,0.082,0.048,0.049,0.078,0.093,0.091,0.062,0.099,0.103,0.097,0.072,0.079,0.105,0.066,0.083,0.099,0.083,0.080,0.093,0.058,0.078,0.078
BNA01,0.090,0.108,0.132,0.087,0.125,0.136,0.007,0.073,0.088,0.079,0.057,0.087,0.084,0.101,0.089,0.086,0.104,0.113,0.039,0.058,0.069,0.048,0.067,0.049,0.030,0.045,0.043,0.049,0.046,0.041,0.040,0.048,0.055,0.054,0.015,0.022,0.009,0.012,0.007,0.011,0.096,0.120,0.145,0.162,0.151,0.118,0.151,0.187,0.164,0.162,0.176,0.147,0.133,0.188,0.127,0.141,0.180,0.156,0.168,0.151,0.155,0.154,0.195,0.146,0.169,0.158,0.213,0.108,0.120,0.081,0.081,0.094,0.080,0.117,0.094,0.080,0.108,0.038,0.029,0.035,0.058,0.034,0.018,0.002,0.131,0.005,0.002,0.172,0.007,0.004,0.107,0.010,0.006,0.004,0.008,0.021,0.178,0.006,0.001,0.002,0.007,0.007,0.010,0.006,0.011,0.001,0.004,0.001,0.002,0.008,0.006,0.014,0.015,0.016,0.003,0.007,0.003,0.010,0.003,0.011,0.001,0.003,0.004,0.002,0.021,0.008,0.015,0.002,0.009,0.009,0.006,0.003,0.010,0.007,0.010,0.026,0.012,0.003,0.013,0.010,0.012,0.007,0.001,0.004,0.008,0.004,0.013,0.005,0.010,0.011,0.001,0.003,0.011,0.002,0.003,0.002,0.002,0.005,0.003,0.006,0.008,0.013,0.006,0.006,0.004,0.002,0.001,0.003,0.002,0.004,0.011,0.002,0.012,0.004,0.002,0.003,0.007,0.003,0.014,0.002,0.024,0.005,0.008,0.007,0.006,0.003,0.012,0.020,0.006,0.004,0.003,0.003,0.007,0.004,0.007,0.005,0.006,0.002,0.010,0.007,0.005,0.012,0.007,0.003,0.010,0.140,0.005,0.013,0.020,0.007,0.003,0.004,0.015,0.157,0.005,0.010,0.005,0.009,0.018,0.186,0.158,0.006,0.001,0.019,0.009,0.007,0.004,0.015,0.172,0.188,0.005,0.015,0.012,0.154,0.180,0.013,0.003,0.010,0.019,0.010,0.011,0.002,0.168,0.140,0.004,0.007,0.020,0.011,0.011,0.013,0.186,0.002,0.006,0.014,0.008,0.003,0.181,0.003,0.008,0.003,0.008,0.006,0.010,0.010,0.005,0.008,0.005,0.012,0.006,0.012,0.008,0.009,0.011,0.006,0.009,0.014,0.013,0.019,0.006,0.005,0.016,0.008,0.006,0.008,0.015,0.008,0.002,0.004,0.005,0.002,0.005,0.005,0.015,0.010,0.018,0.000,0.002,0.003,0.007,0.002,0.006,0.011,0.001,0.002,0.005,0.001,0.014,0.002,0.003,0.010,0.011,0.000,0.012,0.003,0.008,0.013,0.013,0.002,0.004,0.009,0.010,0.005,0.007,0.007,0.002,0.094,0.133,0.171,0.173,0.182,0.141,0.181,0.167,0.005,0.011,0.010,0.019,0.008,0.018,0.014,0.011,0.162,0.169,0.154,0.132,0.163,0.110,0.126,0.012,0.008,0.020,0.023,0.017,0.004,0.010,0.020,0.007,0.012,0.013,0.017,0.008,0.006,0.006,0.156,0.140,0.162,0.091,0.186,0.148,0.138,0.135,0.035,0.046,0.066,0.064,0.062,0.054,0.072,0.062,0.025,0.048,0.038,0.055,0.038,0.071,0.047,0.041,0.064,0.070,0.074,0.098,0.031,0.034,0.033,0.033,0.021,0.029,0.013,0.016,0.017,0.017,0.013,0.014,0.014,0.008,0.003,0.018,0.197,0.001,0.009,0.110,0.121,0.008,0.021,0.019,0.023,0.023,0.009,0.017,0.016,0.058,0.122,0.167,0.148,0.136,0.130,0.142,0.159,0.141,0.168,0.141,0.147,0.133,0.133,0.145,0.144,0.152,0.110,0.125
BNA03-F,0.102,0.083,0.124,0.067,0.104,0.109,0.017,0.075,0.088,0.092,0.074,0.080,0.091,0.060,0.083,0.090,0.080,0.087,0.048,0.045,0.078,0.044,0.053,0.070,0.039,0.071,0.063,0.057,0.060,0.037,0.058,0.052,0.045,0.051,0.019,0.018,0.003,0.004,0.007,0.008,0.094,0.094,0.158,0.176,0.166,0.178,0.186,0.144,0.152,0.125,0.166,0.167,0.112,0.180,0.193,0.132,0.170,0.160,0.184,0.187,0.175,0.153,0.176,0.182,0.170,0.164,0.178,0.076,0.088,0.089,0.114,0.068,0.090,0.080,0.089,0.065,0.109,0.027,0.031,0.041,0.057,0.031,0.025,0.004,0.112,0.003,0.002,0.166,0.007,0.003,0.085,0.006,0.005,0.005,0.017,0.007,0.191,0.007,0.003,0.002,0.005,0.010,0.005,0.002,0.009,0.004,0.007,0.001,0.003,0.006,0.008,0.012,0.012,0.005,0.003,0.009,0.006,0.010,0.001,0.013,0.001,0.003,0.004,0.002,0.011,0.007,0.004,0.002,0.002,0.007,0.004,0.005,0.013,0.005,0.011,0.009,0.009,0.004,0.010,0.009,0.003,0.001,0.002,0.004,0.004,0.003,0.012,0.002,0.011,0.004,0.000,0.003,0.005,0.003,0.005,0.005,0.001,0.007,0.006,0.003,0.008,0.010,0.007,0.003,0.007,0.005,0.003,0.002,0.001,0.005,0.016,0.001,0.020,0.010,0.000,0.002,0.005,0.002,0.011,0.002,0.012,0.002,0.004,0.011,0.009,0.006,0.009,0.005,0.006,0.003,0.004,0.004,0.005,0.002,0.007,0.005,0.010,0.004,0.009,0.009,0.006,0.021,0.006,0.003,0.007,0.171,0.003,0.005,0.008,0.006,0.007,0.004,0.010,0.167,0.006,0.011,0.004,0.015,0.009,0.157,0.176,0.006,0.003,0.009,0.006,0.011,0.005,0.010,0.152,0.168,0.013,0.014,0.007,0.147,0.158,0.005,0.004,0.005,0.007,0.006,0.003,0.008,0.163,0.154,0.004,0.007,0.009,0.016,0.005,0.004,0.175,0.002,0.005,0.014,0.011,0.003,0.193,0.003,0.004,0.004,0.003,0.013,0.009,0.007,0.006,0.009,0.006,0.007,0.004,0.009,0.005,0.004,0.005,0.005,0.014,0.012,0.009,0.019,0.005,0.003,0.015,0.006,0.006,0.008,0.006,0.006,0.007,0.003,0.007,0.005,0.005,0.005,0.004,0.006,0.012,0.006,0.004,0.004,0.007,0.002,0.009,0.009,0.002,0.004,0.003,0.000,0.006,0.001,0.003,0.007,0.004,0.003,0.011,0.005,0.011,0.008,0.010,0.000,0.003,0.008,0.004,0.005,0.014,0.001,0.007,0.065,0.176,0.190,0.119,0.177,0.171,0.222,0.133,0.012,0.009,0.018,0.017,0.009,0.012,0.012,0.012,0.131,0.137,0.129,0.132,0.176,0.113,0.145,0.018,0.024,0.025,0.016,0.022,0.012,0.010,0.020,0.008,0.012,0.008,0.020,0.006,0.015,0.014,0.141,0.114,0.175,0.089,0.161,0.176,0.115,0.154,0.080,0.048,0.071,0.092,0.064,0.037,0.051,0.047,0.052,0.067,0.052,0.065,0.055,0.052,0.047,0.037,0.060,0.103,0.082,0.102,0.027,0.036,0.018,0.036,0.022,0.019,0.007,0.022,0.014,0.007,0.011,0.006,0.018,0.007,0.004,0.011,0.193,0.002,0.010,0.110,0.121,0.012,0.015,0.023,0.025,0.021,0.012,0.014,0.024,0.085,0.126,0.131,0.130,0.129,0.118,0.110,0.145,0.134,0.118,0.137,0.132,0.127,0.123,0.144,0.168,0.150,0.081,0.136
BNA05,0.091,0.066,0.093,0.060,0.138,0.112,0.019,0.095,0.131,0.106,0.198,0.076,0.086,0.091,0.100,0.100,0.067,0.109,0.063,0.063,0.060,0.066,0.081,0.061,0.044,0.056,0.066,0.053,0.063,0.048,0.063,0.046,0.068,0.060,0.017,0.028,0.009,0.011,0.009,0.027,0.100,0.122,0.166,0.166,0.198,0.216,0.172,0.139,0.123,0.122,0.171,0.165,0.140,0.196,0.154,0.158,0.141,0.170,0.184,0.169,0.163,0.200,0.146,0.157,0.140,0.138,0.200,0.093,0.091,0.081,0.105,0.082,0.099,0.085,0.079,0.065,0.109,0.037,0.036,0.041,0.090,0.026,0.029,0.004,0.085,0.001,0.003,0.182,0.012,0.005,0.082,0.009,0.006,0.003,0.020,0.015,0.215,0.008,0.003,0.006,0.002,0.014,0.011,0.004,0.014,0.005,0.002,0.003,0.004,0.004,0.011,0.015,0.016,0.009,0.003,0.014,0.006,0.007,0.004,0.012,0.003,0.005,0.009,0.003,0.015,0.010,0.011,0.001,0.006,0.010,0.017,0.006,0.019,0.017,0.011,0.011,0.023,0.003,0.013,0.012,0.016,0.002,0.002,0.003,0.008,0.000,0.014,0.011,0.009,0.007,0.003,0.002,0.008,0.003,0.005,0.006,0.003,0.015,0.012,0.003,0.009,0.017,0.008,0.003,0.008,0.002,0.003,0.003,0.007,0.006,0.013,0.002,0.027,0.012,0.002,0.005,0.003,0.005,0.010,0.003,0.026,0.002,0.010,0.019,0.011,0.001,0.008,0.014,0.008,0.003,0.003,0.005,0.003,0.010,0.013,0.007,0.006,0.006,0.013,0.017,0.013,0.029,0.011,0.001,0.022,0.167,0.017,0.017,0.017,0.019,0.018,0.005,0.012,0.127,0.004,0.020,0.007,0.026,0.019,0.153,0.187,0.013,0.005,0.016,0.013,0.012,0.002,0.013,0.136,0.186,0.012,0.014,0.010,0.143,0.132,0.013,0.004,0.010,0.016,0.005,0.006,0.014,0.180,0.136,0.004,0.008,0.016,0.019,0.008,0.020,0.183,0.008,0.010,0.017,0.012,0.003,0.167,0.008,0.004,0.004,0.012,0.011,0.009,0.013,0.009,0.014,0.010,0.014,0.008,0.008,0.007,0.005,0.014,0.006,0.014,0.013,0.014,0.018,0.008,0.008,0.018,0.009,0.002,0.009,0.013,0.010,0.006,0.006,0.003,0.003,0.009,0.008,0.006,0.006,0.019,0.006,0.004,0.002,0.008,0.003,0.011,0.010,0.003,0.003,0.012,0.002,0.013,0.006,0.002,0.021,0.008,0.006,0.021,0.007,0.011,0.011,0.008,0.001,0.002,0.008,0.010,0.009,0.011,0.010,0.009,0.076,0.175,0.158,0.138,0.196,0.138,0.196,0.137,0.008,0.016,0.024,0.018,0.011,0.013,0.020,0.008,0.131,0.140,0.123,0.130,0.200,0.122,0.132,0.023,0.020,0.027,0.025,0.022,0.013,0.014,0.026,0.014,0.022,0.009,0.030,0.016,0.019,0.015,0.156,0.111,0.168,0.100,0.159,0.210,0.118,0.152,0.050,0.033,0.066,0.080,0.059,0.040,0.069,0.060,0.039,0.055,0.046,0.050,0.063,0.053,0.032,0.050,0.065,0.071,0.104,0.098,0.036,0.043,0.025,0.015,0.032,0.034,0.009,0.026,0.014,0.014,0.012,0.016,0.020,0.012,0.003,0.017,0.162,0.005,0.012,0.096,0.153,0.010,0.018,0.028,0.024,0.030,0.019,0.014,0.020,0.084,0.102,0.129,0.112,0.123,0.109,0.112,0.133,0.106,0.112,0.099,0.100,0.115,0.110,0.126,0.146,0.154,0.103,0.122
BNA12-F,0.080,0.078,0.100,0.061,0.105,0.084,0.028,0.060,0.095,0.179,0.082,0.067,0.072,0.074,0.101,0.095,0.068,0.110,0.051,0.058,0.070,0.038,0.072,0.062,0.058,0.056,0.045,0.048,0.040,0.053,0.050,0.056,0.056,0.042,0.023,0.032,0.016,0.007,0.010,0.022,0.089,0.102,0.149,0.121,0.165,0.128,0.149,0.184,0.143,0.157,0.159,0.148,0.132,0.144,0.109,0.142,0.130,0.127,0.133,0.173,0.140,0.163,0.123,0.123,0.155,0.136,0.168,0.071,0.066,0.061,0.092,0.058,0.053,0.077,0.075,0.079,0.116,0.028,0.043,0.035,0.070,0.026,0.039,0.002,0.114,0.003,0.002,0.150,0.009,0.003,0.094,0.009,0.007,0.002,0.026,0.014,0.201,0.009,0.002,0.003,0.002,0.015,0.010,0.003,0.006,0.004,0.004,0.002,0.004,0.005,0.011,0.014,0.008,0.008,0.001,0.015,0.004,0.008,0.004,0.013,0.001,0.003,0.005,0.005,0.009,0.008,0.008,0.002,0.004,0.006,0.014,0.004,0.010,0.016,0.013,0.010,0.022,0.002,0.013,0.013,0.016,0.005,0.000,0.004,0.004,0.003,0.024,0.010,0.009,0.005,0.001,0.002,0.008,0.002,0.009,0.006,0.003,0.011,0.009,0.005,0.006,0.016,0.005,0.006,0.007,0.002,0.002,0.007,0.007,0.005,0.021,0.000,0.027,0.007,0.001,0.001,0.006,0.004,0.009,0.002,0.021,0.004,0.005,0.012,0.011,0.002,0.008,0.010,0.008,0.003,0.001,0.004,0.008,0.009,0.006,0.007,0.002,0.005,0.010,0.012,0.011,0.023,0.009,0.000,0.015,0.163,0.017,0.020,0.017,0.013,0.012,0.004,0.012,0.135,0.002,0.014,0.004,0.024,0.017,0.166,0.188,0.011,0.002,0.012,0.008,0.009,0.002,0.016,0.128,0.145,0.011,0.018,0.011,0.162,0.180,0.009,0.004,0.009,0.016,0.002,0.004,0.007,0.125,0.132,0.004,0.007,0.014,0.012,0.008,0.016,0.160,0.009,0.011,0.013,0.012,0.004,0.177,0.005,0.006,0.004,0.009,0.014,0.010,0.008,0.006,0.015,0.006,0.007,0.009,0.013,0.010,0.005,0.016,0.008,0.023,0.007,0.007,0.011,0.007,0.009,0.019,0.010,0.002,0.006,0.011,0.011,0.007,0.006,0.003,0.002,0.008,0.009,0.011,0.008,0.025,0.006,0.001,0.003,0.008,0.002,0.011,0.013,0.004,0.003,0.008,0.001,0.013,0.002,0.002,0.014,0.005,0.005,0.018,0.005,0.013,0.010,0.007,0.002,0.004,0.011,0.009,0.009,0.014,0.007,0.005,0.071,0.111,0.159,0.123,0.176,0.137,0.134,0.104,0.003,0.014,0.013,0.017,0.017,0.016,0.022,0.008,0.144,0.164,0.139,0.139,0.147,0.101,0.116,0.022,0.027,0.030,0.020,0.024,0.017,0.012,0.029,0.014,0.016,0.010,0.023,0.009,0.015,0.011,0.130,0.137,0.145,0.098,0.174,0.139,0.112,0.168,0.058,0.027,0.051,0.063,0.071,0.030,0.060,0.043,0.034,0.078,0.047,0.056,0.058,0.055,0.051,0.038,0.043,0.059,0.083,0.088,0.029,0.040,0.030,0.030,0.023,0.024,0.009,0.024,0.014,0.008,0.011,0.014,0.021,0.014,0.003,0.016,0.133,0.004,0.008,0.093,0.143,0.011,0.020,0.023,0.025,0.020,0.019,0.014,0.017,0.063,0.126,0.130,0.112,0.132,0.129,0.114,0.134,0.106,0.110,0.119,0.094,0.098,0.128,0.108,0.099,0.107,0.083,0.100
BNA14-F,0.090,0.094,0.097,0.067,0.109,0.111,0.020,0.091,0.101,0.068,0.065,0.116,0.066,0.133,0.138,0.083,0.099,0.081,0.074,0.057,0.056,0.065,0.048,0.055,0.040,0.055,0.033,0.061,0.062,0.044,0.046,0.061,0.055,0.043,0.020,0.017,0.012,0.007,0.009,0.011,0.105,0.084,0.151,0.137,0.138,0.121,0.151,0.161,0.167,0.123,0.145,0.115,0.133,0.165,0.152,0.152,0.158,0.145,0.159,0.164,0.161,0.121,0.106,0.181,0.181,0.162,0.145,0.073,0.080,0.089,0.061,0.065,0.094,0.116,0.072,0.079,0.106,0.030,0.036,0.035,0.026,0.037,0.016,0.001,0.093,0.004,0.002,0.133,0.010,0.003,0.096,0.008,0.007,0.003,0.008,0.011,0.150,0.007,0.002,0.000,0.001,0.015,0.003,0.002,0.006,0.001,0.003,0.000,0.002,0.015,0.008,0.013,0.018,0.007,0.003,0.008,0.002,0.010,0.004,0.006,0.003,0.001,0.008,0.004,0.005,0.005,0.005,0.009,0.006,0.007,0.007,0.003,0.009,0.017,0.007,0.007,0.012,0.004,0.009,0.010,0.009,0.008,0.003,0.004,0.008,0.003,0.017,0.006,0.007,0.011,0.000,0.002,0.007,0.002,0.004,0.004,0.009,0.005,0.006,0.005,0.011,0.007,0.005,0.006,0.010,0.004,0.001,0.004,0.005,0.003,0.021,0.007,0.013,0.001,0.000,0.002,0.005,0.004,0.020,0.003,0.017,0.002,0.009,0.009,0.006,0.003,0.006,0.007,0.003,0.001,0.003,0.001,0.007,0.006,0.017,0.003,0.003,0.003,0.012,0.004,0.010,0.012,0.008,0.003,0.015,0.118,0.006,0.006,0.015,0.014,0.015,0.003,0.014,0.144,0.003,0.010,0.010,0.015,0.011,0.134,0.159,0.007,0.003,0.021,0.006,0.014,0.003,0.009,0.131,0.195,0.008,0.003,0.010,0.155,0.135,0.015,0.004,0.003,0.007,0.004,0.001,0.009,0.124,0.127,0.007,0.003,0.025,0.004,0.007,0.011,0.183,0.004,0.012,0.010,0.006,0.003,0.163,0.008,0.003,0.005,0.012,0.013,0.006,0.016,0.008,0.009,0.009,0.017,0.012,0.022,0.001,0.006,0.012,0.008,0.014,0.009,0.016,0.026,0.005,0.005,0.018,0.011,0.010,0.013,0.012,0.006,0.003,0.002,0.006,0.001,0.010,0.005,0.008,0.002,0.018,0.002,0.005,0.004,0.006,0.008,0.010,0.018,0.004,0.000,0.008,0.006,0.016,0.003,0.003,0.006,0.011,0.003,0.004,0.003,0.003,0.006,0.005,0.001,0.004,0.008,0.005,0.002,0.010,0.006,0.004,0.079,0.124,0.171,0.130,0.132,0.187,0.161,0.155,0.006,0.018,0.022,0.014,0.020,0.025,0.023,0.017,0.131,0.146,0.126,0.121,0.145,0.102,0.124,0.015,0.016,0.024,0.025,0.032,0.020,0.012,0.016,0.015,0.007,0.012,0.026,0.013,0.021,0.015,0.144,0.142,0.150,0.107,0.152,0.169,0.150,0.146,0.049,0.039,0.059,0.077,0.047,0.039,0.041,0.058,0.034,0.053,0.043,0.054,0.057,0.068,0.064,0.043,0.053,0.044,0.064,0.075,0.017,0.036,0.039,0.024,0.025,0.020,0.018,0.010,0.021,0.012,0.013,0.013,0.011,0.012,0.003,0.019,0.149,0.000,0.005,0.062,0.123,0.008,0.032,0.014,0.022,0.024,0.016,0.017,0.013,0.085,0.141,0.128,0.136,0.156,0.131,0.128,0.113,0.106,0.113,0.135,0.133,0.128,0.115,0.116,0.150,0.130,0.105,0.095
BNA21-F,0.082,0.105,0.097,0.077,0.117,0.152,0.015,0.090,0.116,0.074,0.068,0.064,0.132,0.082,0.131,0.179,0.121,0.137,0.051,0.071,0.068,0.054,0.050,0.038,0.069,0.071,0.047,0.053,0.049,0.069,0.054,0.081,0.049,0.045,0.023,0.013,0.015,0.012,0.015,0.015,0.091,0.062,0.154,0.135,0.157,0.154,0.164,0.128,0.144,0.198,0.157,0.175,0.157,0.183,0.205,0.180,0.148,0.155,0.138,0.180,0.121,0.147,0.148,0.123,0.173,0.183,0.174,0.082,0.080,0.060,0.081,0.120,0.089,0.090,0.084,0.053,0.069,0.026,0.034,0.031,0.045,0.031,0.028,0.003,0.112,0.003,0.004,0.167,0.012,0.001,0.095,0.006,0.005,0.007,0.016,0.014,0.188,0.012,0.002,0.003,0.005,0.018,0.023,0.004,0.020,0.009,0.004,0.003,0.004,0.004,0.005,0.013,0.013,0.012,0.004,0.013,0.009,0.009,0.002,0.016,0.002,0.006,0.005,0.002,0.016,0.006,0.008,0.004,0.002,0.016,0.010,0.006,0.010,0.008,0.006,0.011,0.020,0.004,0.010,0.011,0.010,0.001,0.002,0.007,0.005,0.008,0.019,0.011,0.007,0.007,0.000,0.005,0.007,0.001,0.004,0.003,0.002,0.006,0.004,0.002,0.008,0.007,0.001,0.007,0.010,0.008,0.007,0.006,0.000,0.013,0.010,0.001,0.012,0.012,0.001,0.003,0.006,0.004,0.008,0.002,0.011,0.003,0.006,0.013,0.020,0.005,0.005,0.008,0.005,0.002,0.003,0.008,0.010,0.011,0.010,0.008,0.011,0.003,0.010,0.012,0.018,0.017,0.009,0.002,0.009,0.172,0.012,0.023,0.003,0.008,0.008,0.006,0.018,0.178,0.005,0.005,0.007,0.013,0.022,0.156,0.189,0.006,0.007,0.014,0.016,0.006,0.003,0.017,0.160,0.170,0.008,0.009,0.022,0.144,0.167,0.014,0.006,0.005,0.014,0.009,0.005,0.008,0.202,0.173,0.003,0.010,0.015,0.013,0.004,0.014,0.176,0.007,0.008,0.007,0.015,0.005,0.141,0.004,0.003,0.008,0.008,0.012,0.008,0.011,0.007,0.012,0.007,0.008,0.005,0.009,0.012,0.006,0.010,0.007,0.010,0.010,0.005,0.026,0.004,0.008,0.013,0.011,0.005,0.005,0.007,0.007,0.009,0.008,0.005,0.003,0.005,0.005,0.026,0.008,0.022,0.005,0.003,0.003,0.011,0.005,0.008,0.012,0.003,0.002,0.013,0.001,0.020,0.005,0.002,0.003,0.008,0.009,0.016,0.011,0.007,0.005,0.010,0.002,0.003,0.019,0.011,0.007,0.015,0.006,0.014,0.083,0.182,0.167,0.164,0.161,0.160,0.177,0.157,0.017,0.016,0.014,0.046,0.013,0.022,0.006,0.012,0.161,0.182,0.178,0.147,0.148,0.102,0.130,0.010,0.012,0.011,0.016,0.019,0.011,0.011,0.020,0.007,0.010,0.024,0.017,0.007,0.008,0.005,0.167,0.134,0.167,0.080,0.147,0.173,0.146,0.153,0.041,0.049,0.047,0.066,0.047,0.046,0.055,0.061,0.053,0.071,0.038,0.068,0.041,0.057,0.057,0.061,0.062,0.073,0.097,0.074,0.031,0.058,0.021,0.028,0.036,0.029,0.013,0.027,0.028,0.017,0.007,0.010,0.009,0.010,0.003,0.011,0.145,0.003,0.015,0.117,0.141,0.004,0.016,0.015,0.012,0.022,0.013,0.017,0.016,0.063,0.108,0.130,0.135,0.141,0.147,0.118,0.118,0.148,0.089,0.117,0.122,0.121,0.083,0.154,0.153,0.146,0.085,0.106
BNA22-F,0.068,0.067,0.109,0.067,0.086,0.112,0.016,0.108,0.080,0.086,0.080,0.132,0.083,0.077,0.167,0.086,0.136,0.134,0.069,0.049,0.056,0.050,0.045,0.035,0.045,0.049,0.039,0.048,0.058,0.061,0.042,0.059,0.037,0.047,0.020,0.021,0.005,0.016,0.012,0.021,0.090,0.061,0.165,0.122,0.108,0.115,0.135,0.153,0.149,0.132,0.168,0.111,0.115,0.135,0.130,0.134,0.128,0.133,0.111,0.139,0.123,0.128,0.101,0.135,0.118,0.137,0.128,0.072,0.064,0.059,0.077,0.071,0.073,0.076,0.061,0.067,0.094,0.029,0.030,0.020,0.043,0.041,0.023,0.004,0.102,0.004,0.003,0.132,0.014,0.005,0.079,0.010,0.006,0.003,0.013,0.016,0.143,0.015,0.004,0.004,0.008,0.012,0.015,0.003,0.011,0.003,0.005,0.008,0.001,0.009,0.010,0.016,0.022,0.008,0.000,0.006,0.005,0.011,0.003,0.011,0.002,0.003,0.016,0.003,0.005,0.009,0.013,0.003,0.013,0.016,0.013,0.008,0.012,0.018,0.016,0.008,0.017,0.003,0.015,0.016,0.012,0.006,0.002,0.006,0.009,0.005,0.021,0.012,0.015,0.011,0.003,0.003,0.003,0.004,0.006,0.004,0.006,0.013,0.004,0.005,0.010,0.013,0.006,0.006,0.008,0.003,0.003,0.003,0.005,0.003,0.013,0.002,0.017,0.007,0.002,0.002,0.004,0.005,0.010,0.005,0.022,0.006,0.013,0.010,0.010,0.003,0.007,0.007,0.006,0.001,0.002,0.005,0.008,0.006,0.014,0.010,0.003,0.007,0.017,0.007,0.022,0.013,0.012,0.006,0.012,0.124,0.013,0.010,0.015,0.011,0.010,0.002,0.011,0.110,0.005,0.013,0.008,0.020,0.024,0.134,0.144,0.008,0.005,0.018,0.014,0.012,0.008,0.014,0.142,0.130,0.010,0.010,0.018,0.111,0.128,0.016,0.004,0.012,0.010,0.012,0.011,0.010,0.123,0.105,0.006,0.008,0.016,0.013,0.009,0.011,0.166,0.010,0.015,0.012,0.011,0.001,0.129,0.011,0.009,0.011,0.009,0.012,0.013,0.010,0.008,0.014,0.006,0.011,0.003,0.013,0.011,0.003,0.013,0.009,0.018,0.013,0.018,0.025,0.006,0.006,0.023,0.014,0.006,0.010,0.012,0.006,0.005,0.005,0.005,0.002,0.010,0.009,0.020,0.006,0.027,0.004,0.006,0.006,0.007,0.002,0.011,0.016,0.002,0.003,0.015,0.001,0.016,0.002,0.002,0.015,0.012,0.003,0.011,0.004,0.011,0.011,0.011,0.003,0.006,0.004,0.011,0.005,0.014,0.007,0.003,0.075,0.123,0.125,0.134,0.128,0.102,0.129,0.135,0.013,0.007,0.014,0.025,0.004,0.024,0.013,0.009,0.126,0.137,0.137,0.132,0.183,0.105,0.108,0.010,0.012,0.020,0.023,0.023,0.012,0.009,0.023,0.008,0.008,0.014,0.024,0.013,0.008,0.009,0.120,0.092,0.094,0.080,0.133,0.136,0.112,0.158,0.048,0.031,0.055,0.051,0.059,0.037,0.036,0.047,0.039,0.046,0.039,0.043,0.056,0.045,0.050,0.056,0.046,0.050,0.045,0.074,0.011,0.036,0.038,0.026,0.032,0.028,0.015,0.021,0.020,0.014,0.014,0.015,0.011,0.012,0.006,0.010,0.132,0.002,0.014,0.100,0.095,0.005,0.028,0.016,0.018,0.031,0.012,0.019,0.014,0.074,0.093,0.144,0.107,0.125,0.112,0.109,0.119,0.109,0.108,0.136,0.125,0.113,0.134,0.127,0.132,0.143,0.088,0.075
BNA25-F,0.079,0.092,0.119,0.070,0.109,0.137,0.012,0.081,0.092,0.074,0.086,0.116,0.107,0.138,0.084,0.080,0.116,0.109,0.058,0.052,0.062,0.049,0.045,0.045,0.027,0.043,0.040,0.047,0.056,0.043,0.038,0.054,0.056,0.048,0.022,0.022,0.004,0.008,0.006,0.009,0.097,0.098,0.147,0.155,0.139,0.154,0.178,0.168,0.168,0.145,0.181,0.127,0.148,0.159,0.146,0.153,0.163,0.150,0.139,0.180,0.155,0.135,0.131,0.153,0.152,0.175,0.194,0.084,0.102,0.062,0.074,0.077,0.091,0.091,0.065,0.076,0.098,0.026,0.034,0.036,0.030,0.034,0.032,0.001,0.101,0.002,0.002,0.171,0.009,0.003,0.109,0.007,0.003,0.007,0.011,0.008,0.165,0.007,0.003,0.003,0.003,0.005,0.013,0.004,0.008,0.003,0.010,0.002,0.003,0.006,0.005,0.015,0.013,0.009,0.001,0.009,0.004,0.003,0.004,0.004,0.002,0.003,0.017,0.002,0.003,0.008,0.010,0.005,0.002,0.011,0.004,0.007,0.005,0.007,0.007,0.008,0.009,0.003,0.008,0.009,0.005,0.001,0.002,0.004,0.004,0.004,0.006,0.006,0.005,0.003,0.001,0.001,0.006,0.003,0.003,0.004,0.003,0.006,0.004,0.003,0.004,0.008,0.002,0.003,0.010,0.003,0.005,0.007,0.002,0.005,0.013,0.005,0.012,0.005,0.002,0.002,0.003,0.004,0.008,0.001,0.007,0.004,0.008,0.007,0.007,0.002,0.003,0.006,0.007,0.002,0.002,0.003,0.005,0.005,0.015,0.004,0.004,0.003,0.006,0.007,0.007,0.013,0.006,0.002,0.007,0.169,0.008,0.007,0.008,0.008,0.006,0.001,0.008,0.143,0.003,0.005,0.004,0.010,0.012,0.174,0.140,0.007,0.003,0.009,0.008,0.005,0.005,0.006,0.146,0.160,0.004,0.010,0.015,0.151,0.138,0.004,0.003,0.006,0.012,0.006,0.003,0.007,0.139,0.166,0.001,0.009,0.010,0.010,0.006,0.010,0.154,0.006,0.004,0.010,0.009,0.005,0.130,0.005,0.003,0.006,0.010,0.011,0.005,0.003,0.009,0.004,0.006,0.005,0.004,0.011,0.006,0.002,0.008,0.003,0.012,0.005,0.004,0.020,0.004,0.003,0.012,0.007,0.008,0.009,0.006,0.004,0.005,0.005,0.003,0.002,0.003,0.006,0.010,0.004,0.018,0.007,0.005,0.004,0.005,0.004,0.009,0.013,0.002,0.003,0.006,0.002,0.006,0.001,0.002,0.003,0.002,0.006,0.005,0.005,0.010,0.004,0.009,0.001,0.001,0.004,0.004,0.005,0.012,0.004,0.007,0.061,0.146,0.179,0.163,0.145,0.163,0.169,0.135,0.009,0.015,0.012,0.026,0.012,0.019,0.009,0.012,0.145,0.144,0.153,0.105,0.150,0.099,0.120,0.016,0.020,0.022,0.012,0.023,0.015,0.009,0.018,0.012,0.013,0.015,0.017,0.012,0.015,0.014,0.165,0.123,0.168,0.095,0.138,0.174,0.116,0.161,0.030,0.046,0.050,0.056,0.040,0.041,0.060,0.047,0.046,0.053,0.030,0.032,0.062,0.051,0.046,0.044,0.051,0.065,0.056,0.093,0.026,0.053,0.018,0.028,0.029,0.008,0.012,0.018,0.020,0.008,0.009,0.011,0.010,0.007,0.003,0.012,0.140,0.002,0.011,0.114,0.118,0.013,0.016,0.015,0.018,0.015,0.009,0.010,0.021,0.075,0.150,0.133,0.148,0.127,0.115,0.108,0.119,0.128,0.116,0.134,0.126,0.119,0.105,0.114,0.125,0.136,0.097,0.101
BNA26-F,0.072,0.101,0.098,0.061,0.119,0.086,0.029,0.081,0.098,0.079,0.086,0.073,0.155,0.073,0.085,0.069,0.082,0.125,0.054,0.052,0.062,0.062,0.051,0.041,0.036,0.058,0.054,0.047,0.035,0.037,0.054,0.062,0.056,0.042,0.018,0.025,0.029,0.014,0.027,0.017,0.111,0.101,0.153,0.126,0.121,0.158,0.144,0.114,0.133,0.142,0.146,0.159,0.131,0.151,0.149,0.140,0.119,0.146,0.129,0.130,0.131,0.129,0.136,0.131,0.114,0.133,0.179,0.092,0.065,0.076,0.083,0.091,0.077,0.052,0.060,0.089,0.063,0.036,0.043,0.039,0.074,0.023,0.045,0.006,0.106,0.002,0.003,0.167,0.012,0.006,0.072,0.008,0.004,0.006,0.013,0.011,0.189,0.012,0.004,0.005,0.006,0.017,0.016,0.003,0.022,0.002,0.008,0.001,0.001,0.004,0.014,0.019,0.008,0.009,0.004,0.015,0.006,0.011,0.001,0.021,0.002,0.004,0.005,0.001,0.020,0.010,0.007,0.001,0.003,0.012,0.011,0.005,0.012,0.014,0.011,0.014,0.016,0.004,0.011,0.008,0.009,0.004,0.001,0.005,0.004,0.004,0.022,0.011,0.007,0.007,0.000,0.004,0.008,0.005,0.005,0.006,0.001,0.006,0.008,0.002,0.006,0.010,0.003,0.005,0.009,0.005,0.003,0.021,0.003,0.008,0.018,0.001,0.019,0.009,0.001,0.004,0.006,0.004,0.011,0.003,0.021,0.004,0.005,0.011,0.010,0.002,0.009,0.012,0.005,0.004,0.003,0.007,0.007,0.004,0.012,0.007,0.007,0.004,0.010,0.011,0.014,0.019,0.006,0.002,0.014,0.134,0.012,0.016,0.011,0.008,0.011,0.006,0.017,0.137,0.007,0.008,0.006,0.013,0.018,0.111,0.151,0.027,0.003,0.018,0.011,0.006,0.005,0.020,0.104,0.163,0.013,0.006,0.016,0.132,0.144,0.014,0.002,0.008,0.013,0.004,0.009,0.006,0.144,0.123,0.005,0.010,0.021,0.008,0.007,0.021,0.146,0.003,0.011,0.010,0.011,0.004,0.157,0.004,0.003,0.003,0.008,0.013,0.010,0.009,0.004,0.012,0.007,0.010,0.004,0.019,0.011,0.003,0.005,0.006,0.014,0.011,0.013,0.028,0.008,0.012,0.016,0.007,0.005,0.008,0.006,0.006,0.003,0.001,0.006,0.005,0.007,0.004,0.014,0.003,0.024,0.003,0.003,0.003,0.009,0.002,0.011,0.016,0.003,0.004,0.008,0.001,0.018,0.004,0.006,0.008,0.002,0.002,0.014,0.005,0.005,0.011,0.013,0.001,0.003,0.011,0.007,0.011,0.012,0.004,0.008,0.071,0.156,0.157,0.126,0.167,0.163,0.141,0.104,0.009,0.012,0.018,0.037,0.012,0.017,0.010,0.013,0.135,0.132,0.140,0.111,0.171,0.102,0.107,0.013,0.018,0.018,0.018,0.021,0.011,0.016,0.023,0.010,0.014,0.020,0.027,0.010,0.008,0.013,0.154,0.123,0.135,0.080,0.145,0.141,0.099,0.136,0.043,0.025,0.038,0.073,0.047,0.045,0.053,0.055,0.046,0.054,0.037,0.064,0.036,0.067,0.042,0.040,0.058,0.062,0.094,0.081,0.035,0.040,0.023,0.036,0.028,0.020,0.018,0.022,0.022,0.018,0.017,0.014,0.022,0.012,0.005,0.016,0.151,0.001,0.014,0.099,0.105,0.008,0.028,0.021,0.027,0.029,0.020,0.018,0.017,0.052,0.103,0.118,0.086,0.109,0.090,0.099,0.150,0.128,0.095,0.117,0.097,0.091,0.114,0.147,0.113,0.131,0.097,0.081
BNA29-F,0.086,0.098,0.120,0.084,0.095,0.104,0.020,0.106,0.100,0.058,0.066,0.096,0.115,0.125,0.130,0.088,0.059,0.129,0.078,0.049,0.048,0.045,0.047,0.043,0.038,0.063,0.036,0.036,0.060,0.053,0.047,0.041,0.052,0.048,0.014,0.014,0.011,0.022,0.019,0.018,0.103,0.070,0.164,0.133,0.139,0.143,0.164,0.152,0.150,0.162,0.174,0.144,0.128,0.139,0.145,0.143,0.142,0.157,0.129,0.124,0.151,0.135,0.125,0.142,0.149,0.148,0.157,0.080,0.079,0.075,0.074,0.062,0.077,0.090,0.078,0.063,0.078,0.023,0.038,0.040,0.045,0.040,0.049,0.004,0.115,0.002,0.003,0.156,0.014,0.003,0.117,0.011,0.003,0.009,0.008,0.010,0.149,0.009,0.002,0.002,0.003,0.011,0.011,0.002,0.016,0.007,0.003,0.006,0.002,0.006,0.003,0.011,0.025,0.025,0.002,0.014,0.007,0.005,0.003,0.010,0.002,0.006,0.008,0.001,0.016,0.009,0.018,0.005,0.006,0.009,0.008,0.007,0.005,0.008,0.011,0.015,0.022,0.003,0.020,0.010,0.014,0.001,0.002,0.004,0.003,0.004,0.021,0.010,0.011,0.013,0.000,0.003,0.016,0.002,0.004,0.004,0.009,0.007,0.004,0.002,0.004,0.006,0.005,0.006,0.010,0.006,0.004,0.006,0.002,0.006,0.010,0.005,0.015,0.007,0.001,0.004,0.007,0.004,0.014,0.001,0.008,0.005,0.006,0.010,0.011,0.005,0.005,0.009,0.009,0.002,0.003,0.005,0.005,0.006,0.016,0.007,0.009,0.003,0.009,0.010,0.013,0.017,0.007,0.006,0.012,0.148,0.010,0.009,0.013,0.005,0.010,0.004,0.015,0.165,0.005,0.008,0.008,0.010,0.014,0.155,0.199,0.005,0.004,0.016,0.012,0.010,0.002,0.017,0.146,0.155,0.009,0.017,0.010,0.157,0.141,0.006,0.003,0.008,0.024,0.009,0.009,0.008,0.177,0.154,0.004,0.008,0.023,0.021,0.005,0.010,0.181,0.007,0.009,0.008,0.009,0.003,0.158,0.010,0.006,0.006,0.004,0.016,0.007,0.010,0.006,0.008,0.005,0.010,0.009,0.014,0.006,0.002,0.007,0.009,0.007,0.006,0.008,0.025,0.004,0.004,0.014,0.012,0.005,0.008,0.012,0.005,0.006,0.005,0.006,0.003,0.004,0.005,0.014,0.011,0.014,0.003,0.005,0.004,0.009,0.006,0.012,0.014,0.002,0.002,0.008,0.003,0.014,0.002,0.002,0.004,0.004,0.006,0.007,0.007,0.005,0.015,0.013,0.001,0.003,0.010,0.005,0.006,0.011,0.002,0.004,0.068,0.130,0.186,0.175,0.144,0.169,0.151,0.135,0.013,0.015,0.018,0.018,0.017,0.016,0.011,0.013,0.140,0.148,0.167,0.124,0.180,0.114,0.101,0.017,0.011,0.014,0.020,0.019,0.017,0.009,0.012,0.011,0.009,0.012,0.017,0.012,0.014,0.012,0.158,0.144,0.160,0.105,0.169,0.159,0.126,0.165,0.037,0.038,0.056,0.063,0.036,0.039,0.053,0.040,0.043,0.049,0.059,0.048,0.032,0.056,0.056,0.054,0.041,0.067,0.079,0.096,0.015,0.048,0.029,0.030,0.035,0.028,0.015,0.018,0.016,0.022,0.011,0.011,0.008,0.009,0.003,0.015,0.156,0.001,0.016,0.098,0.121,0.010,0.029,0.008,0.021,0.014,0.017,0.010,0.023,0.070,0.132,0.120,0.144,0.127,0.135,0.115,0.159,0.135,0.126,0.159,0.141,0.120,0.131,0.147,0.170,0.142,0.099,0.099
BNA40-F,0.061,0.101,0.109,0.074,0.112,0.149,0.033,0.104,0.092,0.080,0.089,0.070,0.118,0.111,0.114,0.119,0.111,0.107,0.046,0.039,0.047,0.045,0.036,0.022,0.031,0.034,0.036,0.058,0.054,0.036,0.046,0.055,0.037,0.050,0.026,0.018,0.022,0.012,0.023,0.022,0.096,0.064,0.160,0.115,0.127,0.150,0.127,0.175,0.139,0.156,0.157,0.129,0.140,0.170,0.140,0.134,0.123,0.129,0.145,0.152,0.132,0.164,0.128,0.130,0.149,0.158,0.173,0.083,0.099,0.075,0.077,0.116,0.066,0.071,0.069,0.079,0.085,0.021,0.026,0.013,0.053,0.022,0.017,0.005,0.086,0.006,0.003,0.174,0.011,0.004,0.075,0.008,0.005,0.007,0.014,0.012,0.152,0.012,0.008,0.006,0.003,0.014,0.021,0.007,0.015,0.005,0.007,0.004,0.002,0.009,0.008,0.011,0.014,0.010,0.004,0.012,0.005,0.008,0.004,0.010,0.003,0.008,0.010,0.003,0.011,0.005,0.014,0.003,0.004,0.008,0.006,0.006,0.012,0.011,0.013,0.009,0.020,0.003,0.010,0.017,0.011,0.006,0.001,0.006,0.005,0.007,0.022,0.012,0.018,0.012,0.002,0.004,0.006,0.007,0.004,0.007,0.002,0.009,0.006,0.006,0.007,0.012,0.006,0.006,0.009,0.002,0.002,0.017,0.004,0.006,0.011,0.003,0.014,0.009,0.001,0.008,0.008,0.006,0.006,0.004,0.015,0.007,0.014,0.007,0.011,0.001,0.008,0.013,0.008,0.004,0.001,0.007,0.007,0.009,0.012,0.012,0.006,0.007,0.011,0.010,0.011,0.015,0.008,0.006,0.012,0.123,0.010,0.015,0.010,0.007,0.015,0.004,0.011,0.142,0.006,0.015,0.008,0.015,0.024,0.140,0.153,0.025,0.004,0.010,0.014,0.017,0.007,0.015,0.135,0.162,0.014,0.012,0.020,0.126,0.121,0.010,0.006,0.017,0.008,0.011,0.010,0.012,0.137,0.109,0.004,0.007,0.014,0.017,0.011,0.021,0.152,0.010,0.011,0.011,0.014,0.005,0.160,0.006,0.007,0.005,0.011,0.010,0.013,0.009,0.008,0.012,0.009,0.010,0.002,0.012,0.010,0.002,0.014,0.007,0.016,0.005,0.013,0.017,0.007,0.012,0.015,0.015,0.003,0.008,0.011,0.008,0.008,0.008,0.006,0.004,0.008,0.011,0.017,0.007,0.025,0.002,0.004,0.004,0.018,0.005,0.013,0.007,0.002,0.002,0.011,0.002,0.013,0.006,0.002,0.008,0.007,0.008,0.009,0.006,0.010,0.010,0.009,0.003,0.006,0.007,0.005,0.004,0.010,0.004,0.008,0.069,0.149,0.153,0.146,0.172,0.130,0.130,0.129,0.014,0.011,0.014,0.034,0.009,0.019,0.019,0.010,0.147,0.136,0.163,0.105,0.161,0.089,0.122,0.011,0.009,0.016,0.019,0.015,0.011,0.011,0.026,0.007,0.007,0.019,0.019,0.010,0.006,0.012,0.152,0.111,0.130,0.104,0.153,0.178,0.135,0.158,0.050,0.037,0.048,0.048,0.055,0.045,0.056,0.034,0.041,0.056,0.037,0.042,0.031,0.054,0.032,0.062,0.044,0.072,0.084,0.082,0.012,0.040,0.028,0.028,0.035,0.017,0.011,0.026,0.021,0.015,0.014,0.014,0.008,0.012,0.009,0.010,0.197,0.003,0.017,0.087,0.114,0.006,0.023,0.008,0.017,0.017,0.015,0.012,0.016,0.056,0.122,0.148,0.156,0.158,0.137,0.156,0.139,0.102,0.124,0.140,0.147,0.128,0.114,0.142,0.141,0.143,0.081,0.097
BRE05,0.116,0.110,0.119,0.082,0.133,0.144,0.026,0.054,0.079,0.072,0.065,0.093,0.061,0.081,0.090,0.077,0.104,0.070,0.067,0.127,0.100,0.155,0.078,0.065,0.089,0.087,0.076,0.079,0.099,0.054,0.057,0.098,0.101,0.101,0.024,0.034,0.015,0.034,0.038,0.044,0.113,0.119,0.192,0.183,0.172,0.170,0.187,0.172,0.181,0.130,0.177,0.193,0.196,0.190,0.203,0.175,0.176,0.158,0.161,0.210,0.157,0.123,0.148,0.170,0.189,0.193,0.191,0.109,0.090,0.081,0.086,0.049,0.120,0.076,0.085,0.099,0.105,0.045,0.062,0.030,0.044,0.030,0.038,0.007,0.102,0.004,0.003,0.163,0.017,0.006,0.098,0.015,0.007,0.010,0.022,0.025,0.218,0.013,0.011,0.009,0.006,0.028,0.020,0.009,0.026,0.006,0.020,0.012,0.002,0.009,0.008,0.022,0.027,0.019,0.005,0.020,0.006,0.006,0.003,0.011,0.002,0.006,0.020,0.003,0.022,0.017,0.015,0.006,0.011,0.024,0.006,0.004,0.009,0.013,0.017,0.024,0.031,0.004,0.022,0.012,0.011,0.003,0.001,0.005,0.007,0.005,0.037,0.025,0.015,0.017,0.002,0.003,0.012,0.004,0.006,0.005,0.009,0.016,0.008,0.003,0.008,0.022,0.008,0.004,0.012,0.007,0.005,0.021,0.003,0.010,0.014,0.007,0.031,0.017,0.003,0.002,0.005,0.006,0.011,0.006,0.026,0.004,0.019,0.016,0.016,0.001,0.008,0.012,0.022,0.008,0.004,0.007,0.009,0.008,0.030,0.016,0.011,0.006,0.014,0.015,0.022,0.020,0.007,0.003,0.034,0.202,0.011,0.016,0.019,0.013,0.018,0.003,0.022,0.177,0.005,0.026,0.006,0.027,0.021,0.212,0.187,0.014,0.006,0.021,0.017,0.015,0.009,0.017,0.173,0.238,0.017,0.015,0.015,0.180,0.166,0.019,0.004,0.008,0.033,0.012,0.010,0.016,0.158,0.166,0.005,0.012,0.025,0.021,0.016,0.020,0.179,0.013,0.015,0.016,0.017,0.003,0.192,0.012,0.008,0.006,0.013,0.015,0.011,0.009,0.015,0.020,0.008,0.013,0.004,0.022,0.017,0.004,0.006,0.002,0.020,0.013,0.013,0.039,0.010,0.007,0.021,0.016,0.012,0.016,0.006,0.003,0.002,0.002,0.004,0.004,0.007,0.009,0.012,0.008,0.026,0.001,0.004,0.003,0.014,0.004,0.019,0.022,0.005,0.006,0.016,0.003,0.020,0.002,0.004,0.015,0.002,0.006,0.017,0.004,0.014,0.012,0.014,0.003,0.003,0.018,0.005,0.017,0.022,0.005,0.010,0.055,0.150,0.180,0.153,0.126,0.158,0.187,0.163,0.019,0.028,0.025,0.025,0.021,0.024,0.030,0.024,0.146,0.179,0.153,0.149,0.141,0.108,0.157,0.027,0.033,0.030,0.030,0.032,0.016,0.017,0.030,0.011,0.015,0.012,0.026,0.028,0.017,0.023,0.166,0.115,0.197,0.105,0.191,0.182,0.189,0.180,0.098,0.054,0.066,0.157,0.087,0.043,0.065,0.072,0.066,0.094,0.079,0.147,0.050,0.092,0.087,0.055,0.084,0.113,0.088,0.090,0.047,0.047,0.045,0.032,0.035,0.038,0.013,0.038,0.023,0.036,0.027,0.025,0.021,0.015,0.006,0.024,0.213,0.002,0.012,0.105,0.088,0.019,0.038,0.032,0.049,0.042,0.025,0.022,0.042,0.078,0.128,0.117,0.146,0.162,0.136,0.115,0.131,0.102,0.089,0.131,0.102,0.133,0.124,0.129,0.123,0.145,0.100,0.085
BRE06,0.054,0.136,0.104,0.082,0.137,0.107,0.024,0.076,0.068,0.071,0.073,0.072,0.091,0.060,0.077,0.071,0.062,0.059,0.126,0.120,0.071,0.108,0.072,0.093,0.074,0.073,0.079,0.067,0.104,0.083,0.065,0.083,0.107,0.064,0.025,0.050,0.013,0.016,0.017,0.017,0.093,0.125,0.137,0.150,0.141,0.170,0.159,0.217,0.181,0.152,0.179,0.219,0.141,0.206,0.152,0.168,0.182,0.160,0.173,0.201,0.133,0.180,0.185,0.136,0.179,0.169,0.162,0.108,0.077,0.089,0.083,0.083,0.104,0.094,0.099,0.102,0.078,0.053,0.046,0.036,0.062,0.043,0.049,0.010,0.107,0.007,0.004,0.163,0.013,0.008,0.144,0.013,0.004,0.010,0.020,0.027,0.233,0.010,0.003,0.013,0.010,0.020,0.009,0.006,0.025,0.010,0.005,0.003,0.002,0.007,0.006,0.025,0.032,0.012,0.005,0.027,0.012,0.009,0.001,0.020,0.004,0.010,0.011,0.005,0.017,0.017,0.009,0.005,0.008,0.025,0.015,0.010,0.009,0.012,0.014,0.017,0.022,0.005,0.022,0.016,0.006,0.003,0.002,0.010,0.015,0.012,0.014,0.013,0.014,0.016,0.004,0.005,0.005,0.006,0.006,0.003,0.003,0.011,0.011,0.002,0.009,0.016,0.008,0.011,0.016,0.009,0.014,0.006,0.007,0.010,0.044,0.006,0.020,0.008,0.004,0.001,0.008,0.002,0.017,0.003,0.042,0.002,0.031,0.016,0.014,0.006,0.011,0.005,0.012,0.005,0.004,0.012,0.009,0.009,0.031,0.008,0.012,0.006,0.014,0.017,0.014,0.026,0.009,0.008,0.047,0.172,0.020,0.012,0.012,0.018,0.015,0.002,0.025,0.185,0.010,0.024,0.008,0.020,0.016,0.146,0.158,0.012,0.013,0.022,0.020,0.021,0.007,0.015,0.174,0.212,0.023,0.022,0.017,0.156,0.206,0.019,0.011,0.008,0.013,0.022,0.017,0.011,0.162,0.154,0.001,0.010,0.022,0.013,0.007,0.013,0.183,0.010,0.023,0.016,0.010,0.004,0.217,0.008,0.009,0.006,0.010,0.019,0.016,0.008,0.010,0.017,0.003,0.018,0.003,0.020,0.017,0.007,0.016,0.009,0.021,0.026,0.017,0.027,0.011,0.012,0.031,0.013,0.011,0.013,0.021,0.009,0.009,0.011,0.009,0.009,0.007,0.006,0.019,0.013,0.008,0.008,0.009,0.012,0.014,0.005,0.020,0.023,0.000,0.008,0.024,0.001,0.013,0.005,0.004,0.017,0.014,0.010,0.014,0.007,0.021,0.008,0.013,0.001,0.004,0.012,0.019,0.014,0.019,0.010,0.013,0.082,0.146,0.186,0.172,0.177,0.185,0.174,0.179,0.019,0.020,0.029,0.025,0.020,0.014,0.015,0.017,0.189,0.179,0.169,0.151,0.153,0.112,0.113,0.034,0.038,0.064,0.026,0.030,0.029,0.039,0.045,0.019,0.023,0.010,0.039,0.021,0.046,0.026,0.188,0.147,0.198,0.114,0.177,0.176,0.163,0.174,0.063,0.040,0.089,0.125,0.083,0.076,0.074,0.062,0.067,0.070,0.070,0.178,0.045,0.067,0.123,0.069,0.071,0.068,0.112,0.088,0.069,0.068,0.017,0.040,0.050,0.051,0.010,0.028,0.050,0.021,0.019,0.017,0.029,0.020,0.006,0.023,0.182,0.002,0.021,0.118,0.101,0.025,0.023,0.058,0.063,0.066,0.030,0.019,0.072,0.070,0.136,0.133,0.128,0.128,0.148,0.170,0.113,0.127,0.134,0.148,0.124,0.152,0.145,0.139,0.120,0.145,0.063,0.095
BRE10,0.083,0.124,0.123,0.083,0.112,0.114,0.025,0.081,0.106,0.058,0.074,0.061,0.078,0.062,0.080,0.077,0.054,0.064,0.084,0.065,0.096,0.087,0.065,0.069,0.087,0.077,0.096,0.052,0.083,0.063,0.076,0.085,0.105,0.088,0.027,0.039,0.011,0.017,0.019,0.015,0.078,0.110,0.211,0.224,0.190,0.145,0.155,0.227,0.173,0.163,0.155,0.230,0.175,0.170,0.193,0.161,0.186,0.197,0.178,0.174,0.173,0.180,0.203,0.188,0.217,0.196,0.232,0.099,0.106,0.096,0.093,0.088,0.104,0.101,0.076,0.090,0.100,0.047,0.045,0.032,0.044,0.036,0.031,0.006,0.112,0.002,0.006,0.184,0.007,0.007,0.109,0.006,0.004,0.002,0.021,0.021,0.239,0.009,0.007,0.010,0.008,0.020,0.025,0.006,0.020,0.003,0.012,0.007,0.001,0.003,0.010,0.022,0.015,0.006,0.005,0.022,0.005,0.005,0.002,0.016,0.002,0.003,0.012,0.004,0.017,0.013,0.007,0.001,0.009,0.015,0.012,0.006,0.016,0.011,0.020,0.033,0.019,0.002,0.025,0.013,0.012,0.003,0.000,0.002,0.002,0.001,0.010,0.019,0.015,0.009,0.002,0.003,0.007,0.005,0.005,0.006,0.001,0.006,0.009,0.001,0.005,0.010,0.007,0.002,0.003,0.003,0.004,0.015,0.005,0.006,0.019,0.006,0.022,0.010,0.003,0.003,0.005,0.003,0.013,0.005,0.016,0.004,0.012,0.013,0.011,0.001,0.009,0.010,0.014,0.008,0.001,0.006,0.005,0.011,0.017,0.014,0.009,0.005,0.014,0.013,0.008,0.024,0.014,0.002,0.023,0.229,0.008,0.016,0.009,0.006,0.010,0.004,0.019,0.211,0.005,0.015,0.002,0.013,0.020,0.169,0.190,0.020,0.006,0.016,0.014,0.018,0.007,0.012,0.171,0.249,0.016,0.027,0.019,0.171,0.187,0.014,0.004,0.010,0.020,0.009,0.008,0.013,0.182,0.200,0.003,0.004,0.015,0.019,0.011,0.012,0.178,0.008,0.009,0.016,0.020,0.001,0.188,0.005,0.007,0.006,0.012,0.023,0.013,0.007,0.013,0.017,0.003,0.012,0.007,0.014,0.011,0.003,0.008,0.004,0.016,0.013,0.016,0.029,0.009,0.004,0.022,0.007,0.008,0.016,0.006,0.002,0.005,0.004,0.004,0.006,0.016,0.006,0.022,0.008,0.027,0.001,0.002,0.004,0.013,0.001,0.015,0.011,0.003,0.009,0.010,0.001,0.017,0.000,0.002,0.010,0.004,0.004,0.007,0.003,0.020,0.009,0.012,0.001,0.002,0.010,0.008,0.007,0.015,0.006,0.007,0.096,0.208,0.195,0.174,0.183,0.177,0.184,0.166,0.012,0.019,0.019,0.037,0.019,0.024,0.013,0.012,0.176,0.185,0.133,0.158,0.155,0.135,0.197,0.020,0.037,0.037,0.014,0.032,0.017,0.012,0.038,0.017,0.027,0.019,0.029,0.016,0.021,0.023,0.201,0.154,0.183,0.087,0.142,0.184,0.156,0.186,0.057,0.053,0.089,0.126,0.081,0.059,0.104,0.070,0.056,0.087,0.050,0.080,0.060,0.076,0.090,0.064,0.072,0.131,0.109,0.083,0.043,0.061,0.039,0.040,0.051,0.034,0.011,0.042,0.020,0.021,0.020,0.026,0.025,0.013,0.002,0.034,0.148,0.002,0.009,0.087,0.129,0.012,0.020,0.032,0.030,0.027,0.029,0.016,0.035,0.089,0.144,0.141,0.131,0.169,0.132,0.127,0.118,0.121,0.098,0.110,0.107,0.120,0.118,0.132,0.123,0.119,0.134,0.129
CBL002,0.072,0.121,0.094,0.084,0.107,0.119,0.023,0.063,0.064,0.071,0.046,0.082,0.070,0.060,0.077,0.085,0.058,0.065,0.145,0.103,0.093,0.052,0.067,0.048,0.067,0.053,0.096,0.072,0.089,0.064,0.077,0.077,0.063,0.085,0.029,0.033,0.016,0.023,0.024,0.024,0.099,0.112,0.194,0.170,0.149,0.100,0.157,0.180,0.192,0.142,0.144,0.160,0.164,0.153,0.203,0.169,0.211,0.164,0.168,0.177,0.133,0.170,0.138,0.161,0.168,0.167,0.188,0.115,0.121,0.104,0.057,0.101,0.111,0.112,0.072,0.095,0.094,0.034,0.046,0.028,0.050,0.044,0.033,0.005,0.081,0.002,0.003,0.144,0.019,0.007,0.063,0.016,0.005,0.006,0.017,0.020,0.223,0.019,0.002,0.004,0.006,0.024,0.024,0.004,0.030,0.006,0.003,0.004,0.003,0.006,0.010,0.016,0.022,0.011,0.003,0.020,0.006,0.003,0.006,0.020,0.004,0.004,0.009,0.003,0.019,0.011,0.014,0.005,0.007,0.021,0.016,0.005,0.013,0.014,0.018,0.023,0.026,0.003,0.019,0.018,0.017,0.001,0.002,0.003,0.007,0.003,0.019,0.011,0.016,0.013,0.004,0.002,0.008,0.003,0.004,0.003,0.005,0.011,0.005,0.007,0.005,0.020,0.007,0.003,0.014,0.002,0.003,0.007,0.003,0.005,0.020,0.006,0.016,0.015,0.002,0.002,0.008,0.005,0.015,0.005,0.019,0.004,0.012,0.008,0.012,0.002,0.005,0.006,0.015,0.004,0.003,0.007,0.008,0.006,0.021,0.014,0.006,0.005,0.014,0.007,0.021,0.016,0.007,0.003,0.020,0.174,0.018,0.025,0.013,0.021,0.012,0.002,0.015,0.167,0.003,0.017,0.015,0.019,0.023,0.159,0.169,0.015,0.004,0.023,0.017,0.013,0.010,0.018,0.186,0.219,0.010,0.013,0.022,0.170,0.162,0.020,0.006,0.010,0.027,0.005,0.011,0.015,0.114,0.193,0.006,0.013,0.029,0.014,0.007,0.021,0.192,0.012,0.012,0.014,0.019,0.002,0.202,0.013,0.011,0.008,0.009,0.017,0.010,0.009,0.004,0.017,0.003,0.010,0.004,0.016,0.018,0.004,0.008,0.008,0.015,0.008,0.008,0.027,0.006,0.008,0.023,0.015,0.004,0.015,0.006,0.005,0.005,0.007,0.003,0.004,0.010,0.008,0.021,0.008,0.021,0.003,0.002,0.004,0.010,0.004,0.018,0.016,0.004,0.003,0.010,0.003,0.021,0.001,0.002,0.010,0.004,0.005,0.016,0.001,0.010,0.009,0.019,0.003,0.002,0.006,0.009,0.013,0.017,0.007,0.015,0.092,0.219,0.141,0.168,0.158,0.173,0.200,0.181,0.011,0.023,0.023,0.038,0.015,0.020,0.021,0.016,0.137,0.151,0.148,0.116,0.164,0.131,0.159,0.021,0.022,0.020,0.021,0.019,0.017,0.019,0.028,0.015,0.020,0.017,0.031,0.019,0.018,0.016,0.193,0.132,0.186,0.107,0.155,0.185,0.117,0.198,0.087,0.059,0.072,0.159,0.076,0.071,0.124,0.072,0.038,0.068,0.062,0.160,0.054,0.083,0.065,0.053,0.077,0.113,0.072,0.086,0.049,0.043,0.039,0.028,0.037,0.025,0.014,0.027,0.029,0.037,0.018,0.015,0.018,0.015,0.004,0.024,0.187,0.003,0.012,0.116,0.100,0.011,0.039,0.024,0.039,0.020,0.030,0.015,0.025,0.088,0.127,0.128,0.141,0.165,0.116,0.127,0.119,0.099,0.119,0.120,0.098,0.111,0.104,0.113,0.130,0.119,0.090,0.102
CBL006,0.075,0.094,0.083,0.074,0.142,0.102,0.019,0.083,0.075,0.085,0.081,0.055,0.057,0.049,0.062,0.065,0.054,0.049,0.070,0.069,0.067,0.063,0.122,0.058,0.049,0.083,0.064,0.080,0.057,0.079,0.061,0.048,0.079,0.062,0.021,0.022,0.012,0.016,0.020,0.018,0.082,0.077,0.179,0.163,0.167,0.162,0.128,0.175,0.188,0.126,0.165,0.174,0.199,0.173,0.188,0.163,0.162,0.192,0.147,0.151,0.176,0.167,0.164,0.151,0.197,0.172,0.187,0.117,0.115,0.082,0.093,0.072,0.083,0.079,0.063,0.075,0.128,0.021,0.020,0.021,0.040,0.024,0.034,0.006,0.093,0.002,0.001,0.193,0.008,0.005,0.125,0.012,0.005,0.004,0.012,0.020,0.158,0.011,0.004,0.008,0.002,0.015,0.011,0.007,0.015,0.009,0.004,0.004,0.000,0.006,0.004,0.006,0.011,0.011,0.003,0.009,0.003,0.006,0.002,0.009,0.001,0.004,0.004,0.001,0.009,0.009,0.008,0.002,0.007,0.016,0.011,0.007,0.019,0.009,0.015,0.031,0.014,0.001,0.014,0.021,0.011,0.000,0.001,0.006,0.008,0.004,0.023,0.006,0.019,0.013,0.001,0.000,0.003,0.005,0.005,0.005,0.000,0.013,0.006,0.003,0.006,0.010,0.006,0.002,0.004,0.000,0.006,0.004,0.002,0.005,0.006,0.002,0.022,0.011,0.002,0.005,0.004,0.004,0.009,0.003,0.026,0.004,0.005,0.014,0.012,0.000,0.004,0.008,0.006,0.005,0.003,0.004,0.003,0.005,0.018,0.011,0.007,0.002,0.013,0.010,0.012,0.019,0.007,0.002,0.014,0.155,0.013,0.013,0.011,0.009,0.010,0.005,0.022,0.159,0.003,0.013,0.005,0.010,0.021,0.170,0.191,0.015,0.001,0.013,0.015,0.009,0.008,0.010,0.180,0.226,0.014,0.018,0.012,0.245,0.170,0.005,0.003,0.015,0.028,0.006,0.006,0.008,0.168,0.187,0.002,0.018,0.013,0.015,0.008,0.016,0.189,0.011,0.006,0.011,0.021,0.002,0.187,0.008,0.015,0.004,0.006,0.019,0.012,0.006,0.003,0.013,0.006,0.015,0.007,0.014,0.012,0.002,0.007,0.002,0.015,0.007,0.009,0.026,0.003,0.005,0.023,0.012,0.001,0.005,0.008,0.004,0.005,0.004,0.003,0.005,0.007,0.008,0.011,0.006,0.015,0.001,0.006,0.005,0.010,0.002,0.008,0.011,0.002,0.005,0.011,0.001,0.008,0.003,0.003,0.008,0.002,0.005,0.014,0.003,0.021,0.011,0.015,0.002,0.003,0.009,0.006,0.009,0.012,0.005,0.006,0.062,0.188,0.233,0.163,0.212,0.188,0.197,0.170,0.009,0.021,0.015,0.014,0.019,0.019,0.021,0.012,0.142,0.163,0.147,0.179,0.202,0.126,0.127,0.016,0.009,0.016,0.016,0.019,0.013,0.014,0.031,0.016,0.015,0.011,0.012,0.013,0.014,0.016,0.191,0.126,0.159,0.112,0.172,0.148,0.148,0.185,0.060,0.037,0.090,0.089,0.052,0.058,0.109,0.085,0.053,0.051,0.063,0.099,0.076,0.065,0.040,0.044,0.094,0.089,0.126,0.096,0.029,0.026,0.032,0.016,0.049,0.024,0.014,0.017,0.018,0.015,0.017,0.015,0.014,0.014,0.004,0.023,0.158,0.001,0.012,0.116,0.095,0.008,0.017,0.014,0.023,0.024,0.016,0.011,0.017,0.080,0.163,0.149,0.149,0.173,0.170,0.163,0.154,0.099,0.110,0.138,0.158,0.159,0.130,0.145,0.134,0.118,0.097,0.129
CBL010,0.083,0.069,0.103,0.087,0.080,0.069,0.021,0.069,0.116,0.071,0.084,0.071,0.049,0.046,0.064,0.060,0.059,0.035,0.066,0.100,0.084,0.051,0.068,0.109,0.091,0.097,0.071,0.093,0.064,0.043,0.099,0.094,0.096,0.049,0.044,0.050,0.009,0.015,0.018,0.015,0.093,0.129,0.099,0.135,0.138,0.133,0.151,0.119,0.126,0.106,0.123,0.079,0.094,0.159,0.103,0.129,0.136,0.100,0.097,0.135,0.107,0.134,0.117,0.112,0.116,0.124,0.118,0.084,0.066,0.060,0.072,0.098,0.090,0.063,0.061,0.089,0.102,0.070,0.057,0.059,0.045,0.035,0.056,0.004,0.095,0.005,0.006,0.119,0.010,0.010,0.104,0.010,0.004,0.008,0.033,0.028,0.138,0.007,0.006,0.006,0.008,0.018,0.016,0.007,0.021,0.004,0.007,0.003,0.006,0.009,0.004,0.037,0.018,0.011,0.004,0.018,0.008,0.008,0.007,0.011,0.002,0.006,0.011,0.005,0.018,0.011,0.011,0.004,0.007,0.014,0.009,0.006,0.017,0.010,0.012,0.027,0.018,0.004,0.016,0.026,0.007,0.003,0.002,0.005,0.005,0.007,0.013,0.013,0.019,0.011,0.005,0.003,0.006,0.006,0.001,0.007,0.001,0.012,0.006,0.006,0.003,0.014,0.011,0.006,0.012,0.005,0.005,0.006,0.003,0.003,0.046,0.004,0.028,0.011,0.002,0.005,0.007,0.004,0.012,0.005,0.029,0.010,0.016,0.015,0.012,0.002,0.010,0.005,0.013,0.006,0.003,0.006,0.010,0.006,0.018,0.015,0.011,0.007,0.015,0.011,0.014,0.043,0.008,0.003,0.017,0.128,0.007,0.017,0.012,0.010,0.018,0.009,0.022,0.101,0.005,0.014,0.003,0.015,0.016,0.128,0.132,0.018,0.006,0.022,0.015,0.017,0.003,0.012,0.082,0.111,0.008,0.040,0.014,0.128,0.100,0.008,0.005,0.013,0.021,0.013,0.017,0.010,0.107,0.088,0.003,0.012,0.016,0.023,0.007,0.012,0.090,0.010,0.013,0.023,0.017,0.004,0.145,0.011,0.012,0.009,0.008,0.027,0.022,0.003,0.008,0.023,0.011,0.010,0.005,0.021,0.016,0.006,0.011,0.008,0.037,0.011,0.015,0.025,0.008,0.008,0.037,0.012,0.003,0.012,0.005,0.004,0.003,0.005,0.006,0.005,0.006,0.005,0.013,0.008,0.013,0.001,0.009,0.006,0.013,0.003,0.015,0.012,0.005,0.007,0.010,0.000,0.013,0.003,0.002,0.017,0.003,0.008,0.015,0.006,0.036,0.013,0.021,0.003,0.005,0.005,0.007,0.009,0.016,0.006,0.007,0.058,0.119,0.137,0.095,0.097,0.123,0.118,0.098,0.012,0.018,0.016,0.038,0.021,0.016,0.016,0.021,0.077,0.120,0.090,0.084,0.154,0.109,0.104,0.048,0.064,0.086,0.039,0.043,0.036,0.013,0.041,0.037,0.046,0.012,0.044,0.020,0.038,0.036,0.128,0.129,0.104,0.073,0.141,0.123,0.127,0.142,0.083,0.051,0.063,0.112,0.081,0.050,0.075,0.063,0.066,0.053,0.045,0.061,0.055,0.049,0.067,0.036,0.047,0.104,0.058,0.099,0.059,0.084,0.027,0.060,0.062,0.045,0.019,0.045,0.031,0.016,0.019,0.019,0.041,0.013,0.009,0.012,0.133,0.002,0.013,0.080,0.098,0.032,0.018,0.043,0.051,0.044,0.026,0.021,0.042,0.068,0.108,0.123,0.098,0.105,0.113,0.130,0.103,0.107,0.119,0.118,0.111,0.114,0.143,0.100,0.114,0.128,0.082,0.131
CBL018,0.080,0.100,0.078,0.097,0.112,0.097,0.027,0.040,0.063,0.051,0.071,0.051,0.083,0.054,0.040,0.053,0.053,0.050,0.089,0.076,0.104,0.072,0.057,0.086,0.065,0.230,0.069,0.056,0.095,0.091,0.090,0.159,0.089,0.052,0.018,0.023,0.016,0.024,0.026,0.024,0.067,0.088,0.171,0.144,0.155,0.125,0.167,0.155,0.132,0.146,0.154,0.148,0.155,0.131,0.126,0.173,0.135,0.149,0.160,0.157,0.177,0.152,0.142,0.141,0.141,0.163,0.156,0.087,0.089,0.077,0.068,0.051,0.075,0.084,0.072,0.069,0.064,0.034,0.038,0.024,0.033,0.033,0.032,0.005,0.079,0.001,0.012,0.189,0.008,0.008,0.124,0.011,0.002,0.005,0.014,0.027,0.177,0.004,0.009,0.006,0.012,0.021,0.015,0.006,0.018,0.005,0.005,0.006,0.004,0.006,0.009,0.028,0.025,0.011,0.003,0.022,0.007,0.005,0.002,0.023,0.002,0.005,0.012,0.004,0.018,0.012,0.009,0.002,0.005,0.020,0.013,0.005,0.011,0.016,0.012,0.020,0.032,0.001,0.018,0.018,0.012,0.003,0.001,0.006,0.009,0.002,0.021,0.012,0.015,0.013,0.004,0.003,0.004,0.007,0.003,0.007,0.003,0.013,0.004,0.003,0.003,0.016,0.003,0.003,0.009,0.003,0.006,0.010,0.006,0.006,0.016,0.006,0.027,0.009,0.005,0.006,0.007,0.005,0.026,0.007,0.021,0.004,0.014,0.015,0.016,0.000,0.010,0.010,0.010,0.007,0.001,0.007,0.008,0.007,0.015,0.012,0.007,0.006,0.012,0.015,0.017,0.016,0.009,0.002,0.011,0.170,0.008,0.018,0.009,0.011,0.012,0.006,0.025,0.159,0.005,0.021,0.004,0.019,0.017,0.161,0.196,0.011,0.009,0.016,0.019,0.011,0.003,0.013,0.150,0.167,0.008,0.017,0.013,0.178,0.176,0.013,0.005,0.010,0.026,0.007,0.019,0.016,0.151,0.147,0.002,0.008,0.024,0.006,0.011,0.022,0.159,0.008,0.012,0.009,0.014,0.001,0.135,0.007,0.014,0.010,0.009,0.017,0.016,0.010,0.004,0.024,0.009,0.008,0.007,0.024,0.013,0.001,0.008,0.006,0.026,0.017,0.018,0.024,0.008,0.006,0.025,0.016,0.002,0.014,0.005,0.006,0.001,0.003,0.001,0.002,0.011,0.007,0.024,0.011,0.022,0.002,0.006,0.004,0.012,0.007,0.013,0.012,0.004,0.008,0.024,0.000,0.016,0.001,0.002,0.016,0.004,0.010,0.009,0.002,0.019,0.010,0.017,0.001,0.002,0.006,0.009,0.005,0.012,0.009,0.007,0.060,0.134,0.148,0.130,0.131,0.158,0.188,0.116,0.014,0.017,0.017,0.015,0.017,0.016,0.016,0.013,0.138,0.169,0.165,0.139,0.126,0.086,0.152,0.025,0.017,0.022,0.021,0.019,0.023,0.016,0.027,0.012,0.021,0.010,0.017,0.014,0.010,0.013,0.172,0.073,0.171,0.104,0.149,0.104,0.106,0.127,0.073,0.053,0.083,0.083,0.075,0.039,0.102,0.061,0.046,0.070,0.054,0.088,0.055,0.059,0.075,0.068,0.070,0.059,0.100,0.089,0.021,0.051,0.015,0.034,0.024,0.037,0.013,0.022,0.032,0.029,0.018,0.017,0.015,0.022,0.005,0.023,0.140,0.002,0.013,0.058,0.091,0.010,0.024,0.017,0.032,0.042,0.027,0.019,0.049,0.075,0.124,0.098,0.110,0.159,0.133,0.100,0.105,0.097,0.128,0.103,0.078,0.123,0.124,0.112,0.118,0.122,0.101,0.153
CBL019,0.079,0.100,0.112,0.090,0.138,0.110,0.023,0.058,0.106,0.060,0.066,0.067,0.081,0.056,0.058,0.078,0.080,0.049,0.081,0.072,0.084,0.055,0.090,0.089,0.218,0.095,0.048,0.078,0.072,0.086,0.114,0.160,0.077,0.051,0.020,0.030,0.020,0.017,0.023,0.017,0.093,0.067,0.200,0.169,0.166,0.169,0.180,0.151,0.187,0.153,0.191,0.174,0.189,0.197,0.192,0.189,0.197,0.175,0.179,0.190,0.169,0.157,0.192,0.170,0.167,0.177,0.174,0.107,0.113,0.111,0.097,0.066,0.102,0.071,0.105,0.072,0.108,0.036,0.048,0.035,0.043,0.031,0.040,0.005,0.109,0.003,0.009,0.205,0.012,0.004,0.131,0.016,0.006,0.008,0.013,0.021,0.204,0.005,0.006,0.004,0.009,0.029,0.018,0.004,0.015,0.009,0.008,0.002,0.003,0.009,0.019,0.016,0.030,0.030,0.004,0.019,0.009,0.009,0.003,0.024,0.004,0.004,0.011,0.005,0.021,0.011,0.020,0.004,0.004,0.009,0.011,0.006,0.015,0.013,0.014,0.033,0.029,0.004,0.030,0.016,0.021,0.003,0.002,0.006,0.009,0.003,0.021,0.012,0.017,0.020,0.001,0.004,0.016,0.008,0.006,0.009,0.002,0.010,0.005,0.002,0.008,0.009,0.003,0.006,0.012,0.006,0.006,0.008,0.006,0.006,0.019,0.005,0.025,0.007,0.003,0.004,0.005,0.006,0.014,0.008,0.019,0.005,0.015,0.018,0.012,0.000,0.008,0.019,0.009,0.002,0.004,0.010,0.010,0.008,0.015,0.020,0.008,0.008,0.010,0.016,0.012,0.027,0.014,0.004,0.021,0.207,0.013,0.013,0.016,0.016,0.016,0.004,0.024,0.173,0.006,0.016,0.005,0.019,0.015,0.181,0.207,0.004,0.010,0.025,0.009,0.013,0.009,0.028,0.189,0.212,0.010,0.021,0.020,0.212,0.192,0.016,0.002,0.014,0.021,0.006,0.017,0.012,0.192,0.153,0.006,0.012,0.034,0.023,0.010,0.015,0.184,0.011,0.009,0.008,0.006,0.004,0.195,0.008,0.008,0.007,0.017,0.022,0.008,0.016,0.007,0.014,0.013,0.009,0.018,0.035,0.010,0.001,0.010,0.007,0.017,0.020,0.016,0.024,0.006,0.007,0.027,0.011,0.006,0.019,0.018,0.007,0.003,0.008,0.006,0.002,0.009,0.010,0.016,0.016,0.029,0.002,0.008,0.003,0.012,0.007,0.011,0.016,0.006,0.004,0.011,0.001,0.026,0.002,0.005,0.007,0.005,0.010,0.009,0.010,0.009,0.021,0.016,0.003,0.001,0.012,0.012,0.009,0.015,0.008,0.007,0.076,0.184,0.177,0.158,0.198,0.197,0.206,0.135,0.012,0.025,0.028,0.019,0.021,0.014,0.024,0.011,0.191,0.185,0.193,0.136,0.156,0.146,0.157,0.015,0.026,0.013,0.014,0.019,0.017,0.015,0.021,0.013,0.016,0.018,0.025,0.014,0.011,0.012,0.201,0.145,0.208,0.089,0.179,0.170,0.159,0.179,0.105,0.062,0.092,0.098,0.074,0.068,0.076,0.082,0.061,0.066,0.072,0.108,0.046,0.074,0.077,0.065,0.086,0.096,0.108,0.084,0.027,0.071,0.022,0.034,0.036,0.052,0.011,0.014,0.026,0.014,0.020,0.022,0.017,0.017,0.005,0.028,0.215,0.003,0.014,0.077,0.110,0.015,0.026,0.032,0.028,0.034,0.027,0.019,0.032,0.093,0.131,0.101,0.126,0.131,0.110,0.105,0.158,0.137,0.130,0.127,0.149,0.168,0.161,0.169,0.153,0.123,0.106,0.165
CBL022,0.061,0.093,0.077,0.066,0.092,0.072,0.014,0.052,0.090,0.065,0.046,0.034,0.052,0.045,0.052,0.066,0.040,0.047,0.064,0.071,0.093,0.085,0.061,0.056,0.057,0.044,0.052,0.095,0.065,0.035,0.071,0.077,0.086,0.057,0.024,0.027,0.010,0.011,0.014,0.015,0.050,0.079,0.114,0.138,0.166,0.152,0.119,0.121,0.114,0.098,0.132,0.168,0.114,0.166,0.180,0.112,0.164,0.154,0.155,0.114,0.158,0.181,0.157,0.140,0.136,0.120,0.180,0.068,0.065,0.068,0.097,0.090,0.105,0.091,0.090,0.074,0.107,0.029,0.042,0.064,0.056,0.027,0.040,0.004,0.064,0.001,0.001,0.102,0.006,0.006,0.085,0.006,0.002,0.002,0.016,0.017,0.143,0.008,0.006,0.007,0.008,0.012,0.020,0.006,0.020,0.005,0.010,0.002,0.002,0.003,0.007,0.022,0.017,0.008,0.006,0.011,0.001,0.004,0.001,0.014,0.003,0.003,0.008,0.004,0.011,0.009,0.006,0.002,0.008,0.015,0.008,0.005,0.015,0.008,0.009,0.014,0.011,0.001,0.016,0.010,0.005,0.001,0.001,0.003,0.014,0.002,0.010,0.006,0.009,0.012,0.000,0.002,0.005,0.003,0.002,0.003,0.002,0.005,0.003,0.000,0.013,0.011,0.011,0.001,0.007,0.002,0.004,0.013,0.002,0.002,0.024,0.000,0.015,0.015,0.000,0.003,0.003,0.004,0.007,0.002,0.018,0.001,0.011,0.017,0.011,0.000,0.006,0.006,0.008,0.006,0.002,0.005,0.002,0.006,0.020,0.009,0.009,0.004,0.017,0.013,0.012,0.029,0.007,0.000,0.021,0.138,0.006,0.011,0.009,0.013,0.020,0.001,0.011,0.118,0.003,0.013,0.003,0.013,0.021,0.105,0.142,0.012,0.002,0.013,0.011,0.015,0.007,0.011,0.124,0.168,0.008,0.017,0.019,0.113,0.125,0.011,0.002,0.007,0.013,0.004,0.006,0.010,0.139,0.137,0.002,0.007,0.017,0.017,0.007,0.009,0.148,0.003,0.015,0.012,0.010,0.001,0.154,0.007,0.004,0.005,0.010,0.018,0.005,0.009,0.026,0.015,0.004,0.014,0.002,0.016,0.010,0.005,0.009,0.004,0.016,0.018,0.012,0.015,0.005,0.006,0.022,0.005,0.006,0.006,0.016,0.011,0.001,0.004,0.003,0.004,0.005,0.005,0.019,0.004,0.016,0.003,0.003,0.002,0.011,0.001,0.011,0.011,0.003,0.006,0.017,0.000,0.012,0.001,0.003,0.012,0.005,0.003,0.008,0.001,0.018,0.006,0.007,0.001,0.002,0.007,0.006,0.009,0.018,0.005,0.011,0.073,0.157,0.137,0.119,0.153,0.111,0.180,0.098,0.011,0.016,0.024,0.037,0.011,0.023,0.011,0.012,0.113,0.115,0.125,0.098,0.138,0.115,0.148,0.030,0.031,0.041,0.024,0.018,0.019,0.018,0.042,0.018,0.023,0.014,0.035,0.016,0.030,0.022,0.159,0.102,0.134,0.082,0.121,0.158,0.104,0.147,0.081,0.040,0.068,0.116,0.064,0.033,0.056,0.075,0.053,0.063,0.042,0.081,0.072,0.077,0.062,0.049,0.067,0.111,0.062,0.101,0.037,0.062,0.019,0.042,0.045,0.034,0.012,0.036,0.024,0.015,0.026,0.014,0.025,0.013,0.002,0.021,0.140,0.002,0.007,0.088,0.122,0.018,0.016,0.031,0.028,0.030,0.019,0.017,0.022,0.072,0.120,0.107,0.095,0.143,0.070,0.094,0.129,0.099,0.084,0.072,0.110,0.091,0.119,0.104,0.124,0.109,0.076,0.099
CBL025,0.084,0.084,0.111,0.082,0.088,0.127,0.036,0.062,0.088,0.057,0.055,0.075,0.065,0.064,0.065,0.063,0.046,0.083,0.070,0.065,0.056,0.071,0.081,0.086,0.052,0.078,0.104,0.096,0.118,0.051,0.066,0.086,0.110,0.080,0.026,0.033,0.031,0.022,0.023,0.026,0.100,0.075,0.177,0.123,0.159,0.168,0.156,0.168,0.175,0.148,0.181,0.122,0.145,0.170,0.151,0.222,0.171,0.162,0.176,0.169,0.162,0.183,0.157,0.144,0.150,0.189,0.145,0.100,0.066,0.084,0.090,0.096,0.082,0.074,0.093,0.080,0.143,0.044,0.033,0.021,0.053,0.034,0.040,0.007,0.109,0.003,0.002,0.135,0.014,0.006,0.113,0.018,0.005,0.008,0.013,0.040,0.185,0.013,0.006,0.010,0.004,0.018,0.028,0.011,0.023,0.010,0.005,0.006,0.007,0.004,0.012,0.023,0.031,0.017,0.006,0.024,0.007,0.009,0.001,0.019,0.006,0.009,0.006,0.005,0.020,0.017,0.018,0.004,0.010,0.020,0.013,0.009,0.017,0.016,0.025,0.030,0.025,0.003,0.019,0.032,0.019,0.003,0.002,0.008,0.010,0.006,0.019,0.012,0.034,0.017,0.001,0.003,0.010,0.005,0.006,0.007,0.002,0.015,0.008,0.002,0.010,0.013,0.006,0.003,0.011,0.004,0.005,0.009,0.003,0.004,0.019,0.007,0.016,0.017,0.000,0.008,0.004,0.006,0.009,0.003,0.025,0.005,0.015,0.024,0.020,0.003,0.007,0.012,0.013,0.010,0.001,0.009,0.010,0.017,0.027,0.019,0.009,0.006,0.018,0.016,0.021,0.022,0.015,0.002,0.031,0.170,0.021,0.022,0.013,0.020,0.027,0.003,0.023,0.159,0.004,0.022,0.005,0.014,0.021,0.122,0.138,0.017,0.004,0.021,0.022,0.018,0.009,0.022,0.152,0.182,0.020,0.023,0.015,0.163,0.141,0.018,0.005,0.023,0.033,0.016,0.013,0.017,0.132,0.146,0.002,0.026,0.026,0.019,0.010,0.013,0.168,0.025,0.019,0.015,0.023,0.008,0.152,0.007,0.021,0.007,0.016,0.025,0.014,0.015,0.014,0.019,0.011,0.019,0.008,0.023,0.021,0.010,0.020,0.005,0.023,0.023,0.018,0.025,0.011,0.010,0.031,0.022,0.003,0.009,0.016,0.011,0.009,0.008,0.005,0.007,0.009,0.007,0.017,0.008,0.012,0.001,0.010,0.004,0.024,0.005,0.018,0.014,0.004,0.009,0.015,0.002,0.016,0.002,0.006,0.012,0.010,0.007,0.017,0.010,0.034,0.023,0.020,0.003,0.002,0.012,0.009,0.015,0.016,0.009,0.015,0.080,0.219,0.175,0.136,0.156,0.164,0.166,0.147,0.018,0.030,0.028,0.028,0.020,0.021,0.036,0.019,0.134,0.129,0.156,0.133,0.162,0.125,0.156,0.023,0.017,0.032,0.039,0.023,0.020,0.028,0.044,0.011,0.019,0.012,0.028,0.022,0.018,0.019,0.156,0.146,0.192,0.093,0.166,0.159,0.143,0.159,0.077,0.057,0.098,0.125,0.113,0.051,0.086,0.089,0.074,0.067,0.084,0.055,0.069,0.063,0.052,0.052,0.084,0.085,0.073,0.067,0.038,0.041,0.039,0.031,0.056,0.023,0.014,0.028,0.019,0.027,0.023,0.022,0.025,0.016,0.005,0.041,0.155,0.001,0.018,0.109,0.092,0.015,0.026,0.021,0.033,0.035,0.034,0.018,0.022,0.082,0.105,0.147,0.095,0.116,0.106,0.109,0.130,0.122,0.124,0.127,0.131,0.148,0.160,0.115,0.109,0.092,0.095,0.123
CBL027,0.089,0.071,0.123,0.096,0.078,0.121,0.020,0.048,0.073,0.055,0.037,0.060,0.052,0.060,0.066,0.040,0.062,0.064,0.076,0.083,0.073,0.075,0.052,0.047,0.069,0.059,0.061,0.096,0.063,0.059,0.075,0.077,0.098,0.058,0.015,0.028,0.005,0.043,0.030,0.029,0.102,0.073,0.153,0.150,0.145,0.130,0.168,0.207,0.191,0.184,0.196,0.165,0.133,0.170,0.182,0.165,0.162,0.135,0.186,0.179,0.187,0.192,0.163,0.174,0.169,0.149,0.168,0.100,0.100,0.097,0.081,0.078,0.072,0.105,0.061,0.074,0.066,0.023,0.038,0.026,0.039,0.055,0.045,0.005,0.106,0.001,0.007,0.189,0.014,0.003,0.087,0.007,0.001,0.005,0.008,0.009,0.200,0.006,0.004,0.004,0.004,0.011,0.009,0.005,0.013,0.004,0.005,0.002,0.002,0.006,0.004,0.016,0.013,0.010,0.003,0.010,0.006,0.003,0.003,0.010,0.003,0.005,0.010,0.003,0.011,0.009,0.008,0.004,0.007,0.009,0.006,0.003,0.009,0.010,0.010,0.014,0.027,0.001,0.015,0.010,0.006,0.003,0.001,0.002,0.004,0.003,0.021,0.012,0.011,0.007,0.000,0.001,0.008,0.002,0.003,0.002,0.005,0.009,0.002,0.004,0.003,0.006,0.007,0.005,0.010,0.002,0.005,0.003,0.002,0.004,0.021,0.006,0.013,0.010,0.002,0.002,0.005,0.004,0.010,0.001,0.018,0.004,0.013,0.012,0.007,0.002,0.005,0.005,0.009,0.006,0.002,0.006,0.003,0.004,0.018,0.008,0.005,0.001,0.010,0.004,0.006,0.009,0.007,0.003,0.016,0.174,0.012,0.011,0.010,0.009,0.018,0.002,0.011,0.161,0.001,0.009,0.007,0.012,0.009,0.156,0.148,0.007,0.002,0.010,0.009,0.011,0.006,0.009,0.136,0.196,0.006,0.010,0.008,0.196,0.166,0.006,0.001,0.003,0.023,0.012,0.008,0.007,0.136,0.139,0.003,0.005,0.020,0.009,0.010,0.014,0.195,0.009,0.009,0.005,0.012,0.003,0.159,0.009,0.005,0.005,0.005,0.016,0.003,0.007,0.005,0.009,0.005,0.013,0.003,0.011,0.010,0.002,0.007,0.003,0.013,0.006,0.008,0.027,0.003,0.004,0.012,0.010,0.005,0.009,0.002,0.007,0.001,0.004,0.003,0.003,0.004,0.004,0.006,0.008,0.009,0.002,0.006,0.001,0.008,0.006,0.008,0.010,0.002,0.003,0.008,0.004,0.007,0.002,0.002,0.005,0.006,0.006,0.010,0.003,0.005,0.008,0.009,0.003,0.001,0.003,0.004,0.005,0.010,0.003,0.008,0.067,0.177,0.146,0.151,0.175,0.178,0.155,0.115,0.009,0.014,0.019,0.022,0.016,0.018,0.015,0.014,0.148,0.176,0.160,0.159,0.165,0.100,0.174,0.017,0.016,0.026,0.020,0.017,0.017,0.014,0.018,0.007,0.009,0.008,0.017,0.015,0.027,0.014,0.172,0.111,0.153,0.098,0.145,0.169,0.114,0.195,0.055,0.062,0.067,0.108,0.082,0.065,0.097,0.064,0.037,0.061,0.068,0.105,0.040,0.049,0.100,0.063,0.067,0.070,0.081,0.069,0.042,0.024,0.026,0.054,0.040,0.018,0.017,0.025,0.022,0.027,0.015,0.009,0.017,0.010,0.002,0.014,0.151,0.001,0.010,0.094,0.083,0.011,0.033,0.027,0.037,0.026,0.035,0.011,0.034,0.060,0.111,0.141,0.138,0.167,0.125,0.163,0.110,0.127,0.102,0.129,0.106,0.132,0.139,0.126,0.135,0.130,0.102,0.138
CBL054,0.068,0.112,0.081,0.083,0.129,0.104,0.021,0.054,0.056,0.053,0.064,0.054,0.085,0.074,0.061,0.051,0.068,0.054,0.051,0.081,0.070,0.063,0.083,0.040,0.087,0.088,0.040,0.050,0.075,0.017,0.070,0.079,0.078,0.038,0.010,0.027,0.014,0.010,0.010,0.006,0.066,0.112,0.199,0.166,0.152,0.131,0.135,0.160,0.175,0.133,0.138,0.126,0.151,0.154,0.132,0.151,0.171,0.187,0.165,0.160,0.123,0.160,0.139,0.130,0.174,0.124,0.171,0.088,0.076,0.097,0.048,0.082,0.081,0.078,0.071,0.068,0.076,0.018,0.037,0.052,0.033,0.026,0.036,0.002,0.067,0.003,0.002,0.177,0.014,0.003,0.071,0.009,0.003,0.008,0.013,0.008,0.187,0.013,0.004,0.002,0.003,0.022,0.006,0.005,0.023,0.005,0.004,0.005,0.004,0.008,0.003,0.006,0.013,0.008,0.003,0.017,0.007,0.006,0.003,0.008,0.002,0.003,0.008,0.004,0.013,0.008,0.003,0.002,0.007,0.012,0.018,0.006,0.012,0.009,0.006,0.023,0.012,0.002,0.009,0.012,0.014,0.001,0.002,0.004,0.003,0.005,0.011,0.006,0.012,0.012,0.001,0.004,0.005,0.004,0.005,0.002,0.002,0.005,0.003,0.001,0.003,0.010,0.001,0.005,0.010,0.004,0.009,0.006,0.005,0.007,0.019,0.003,0.011,0.013,0.003,0.003,0.008,0.004,0.013,0.002,0.035,0.006,0.016,0.012,0.008,0.004,0.004,0.004,0.005,0.004,0.002,0.006,0.005,0.006,0.016,0.012,0.005,0.001,0.009,0.013,0.021,0.012,0.008,0.003,0.025,0.196,0.017,0.015,0.003,0.007,0.011,0.001,0.010,0.181,0.007,0.006,0.009,0.013,0.006,0.153,0.181,0.003,0.008,0.013,0.011,0.006,0.005,0.018,0.155,0.163,0.011,0.008,0.010,0.169,0.163,0.009,0.006,0.007,0.018,0.011,0.010,0.006,0.129,0.162,0.002,0.014,0.011,0.010,0.002,0.009,0.156,0.006,0.010,0.004,0.013,0.005,0.163,0.005,0.004,0.007,0.005,0.009,0.009,0.005,0.004,0.009,0.005,0.006,0.012,0.015,0.012,0.005,0.007,0.004,0.006,0.013,0.007,0.018,0.006,0.009,0.014,0.011,0.004,0.007,0.009,0.005,0.005,0.006,0.004,0.003,0.008,0.011,0.018,0.012,0.014,0.006,0.003,0.007,0.010,0.002,0.012,0.011,0.002,0.004,0.011,0.001,0.012,0.001,0.001,0.005,0.007,0.007,0.013,0.010,0.007,0.009,0.014,0.000,0.001,0.002,0.008,0.007,0.017,0.004,0.011,0.067,0.141,0.131,0.164,0.176,0.182,0.217,0.152,0.013,0.010,0.017,0.017,0.015,0.010,0.014,0.018,0.180,0.159,0.177,0.160,0.164,0.092,0.110,0.014,0.010,0.030,0.019,0.011,0.013,0.018,0.015,0.011,0.012,0.006,0.018,0.009,0.020,0.006,0.149,0.142,0.191,0.107,0.141,0.177,0.136,0.134,0.095,0.053,0.061,0.054,0.086,0.059,0.055,0.056,0.075,0.075,0.049,0.080,0.062,0.056,0.085,0.077,0.065,0.069,0.079,0.079,0.042,0.046,0.036,0.016,0.038,0.016,0.011,0.020,0.040,0.016,0.010,0.014,0.012,0.006,0.004,0.007,0.165,0.002,0.014,0.100,0.077,0.011,0.015,0.020,0.023,0.039,0.014,0.009,0.038,0.086,0.120,0.124,0.100,0.146,0.159,0.132,0.153,0.090,0.143,0.127,0.116,0.105,0.117,0.155,0.120,0.116,0.085,0.124
CBL33,0.103,0.076,0.111,0.077,0.063,0.080,0.013,0.052,0.083,0.064,0.057,0.048,0.064,0.045,0.053,0.068,0.053,0.057,0.048,0.057,0.081,0.071,0.067,0.083,0.076,0.100,0.073,0.058,0.084,0.060,0.054,0.100,0.077,0.056,0.014,0.027,0.005,0.018,0.016,0.015,0.064,0.050,0.159,0.141,0.160,0.120,0.107,0.202,0.198,0.127,0.159,0.189,0.169,0.185,0.168,0.179,0.188,0.172,0.172,0.176,0.189,0.157,0.153,0.164,0.211,0.157,0.160,0.093,0.077,0.062,0.057,0.048,0.073,0.068,0.084,0.056,0.129,0.020,0.030,0.032,0.028,0.027,0.022,0.006,0.094,0.002,0.004,0.127,0.010,0.005,0.084,0.007,0.005,0.005,0.007,0.009,0.190,0.007,0.003,0.005,0.007,0.015,0.011,0.006,0.016,0.008,0.005,0.002,0.002,0.007,0.004,0.017,0.010,0.009,0.003,0.013,0.006,0.006,0.003,0.009,0.003,0.006,0.008,0.004,0.011,0.009,0.008,0.002,0.005,0.007,0.005,0.007,0.005,0.015,0.012,0.016,0.014,0.004,0.015,0.012,0.010,0.002,0.001,0.003,0.006,0.004,0.012,0.014,0.008,0.011,0.002,0.000,0.006,0.005,0.004,0.002,0.003,0.010,0.004,0.003,0.004,0.014,0.005,0.005,0.010,0.004,0.006,0.007,0.002,0.009,0.016,0.003,0.012,0.011,0.002,0.003,0.006,0.005,0.009,0.004,0.036,0.005,0.019,0.011,0.008,0.000,0.006,0.005,0.009,0.005,0.007,0.007,0.004,0.006,0.017,0.009,0.009,0.004,0.008,0.010,0.015,0.009,0.005,0.003,0.021,0.183,0.012,0.013,0.006,0.018,0.010,0.003,0.015,0.169,0.002,0.008,0.009,0.008,0.014,0.182,0.215,0.006,0.002,0.006,0.009,0.009,0.006,0.010,0.155,0.204,0.008,0.010,0.010,0.177,0.180,0.009,0.004,0.010,0.020,0.012,0.009,0.009,0.190,0.177,0.004,0.010,0.011,0.014,0.009,0.011,0.186,0.009,0.010,0.009,0.013,0.002,0.208,0.009,0.006,0.003,0.008,0.011,0.010,0.005,0.007,0.009,0.004,0.007,0.008,0.022,0.009,0.007,0.011,0.004,0.010,0.005,0.009,0.019,0.005,0.008,0.013,0.008,0.003,0.006,0.003,0.006,0.001,0.004,0.004,0.002,0.007,0.006,0.010,0.007,0.015,0.000,0.001,0.003,0.007,0.002,0.011,0.011,0.003,0.006,0.012,0.000,0.008,0.004,0.001,0.006,0.005,0.007,0.009,0.004,0.005,0.009,0.014,0.003,0.004,0.004,0.006,0.006,0.006,0.005,0.008,0.089,0.146,0.135,0.131,0.184,0.175,0.161,0.105,0.012,0.011,0.009,0.018,0.016,0.012,0.008,0.018,0.172,0.143,0.144,0.134,0.184,0.132,0.156,0.019,0.014,0.028,0.024,0.009,0.011,0.017,0.019,0.010,0.011,0.009,0.012,0.013,0.017,0.008,0.208,0.110,0.159,0.072,0.126,0.161,0.145,0.151,0.059,0.042,0.073,0.119,0.055,0.046,0.048,0.044,0.045,0.056,0.068,0.084,0.071,0.073,0.070,0.068,0.092,0.105,0.049,0.066,0.037,0.028,0.032,0.038,0.025,0.022,0.010,0.015,0.037,0.014,0.014,0.011,0.020,0.013,0.005,0.012,0.177,0.003,0.015,0.075,0.111,0.011,0.014,0.024,0.020,0.028,0.013,0.015,0.040,0.072,0.102,0.158,0.114,0.139,0.135,0.148,0.152,0.145,0.114,0.088,0.132,0.108,0.121,0.139,0.116,0.143,0.067,0.113
CBL34,0.072,0.094,0.091,0.090,0.089,0.092,0.034,0.063,0.083,0.046,0.062,0.072,0.095,0.073,0.067,0.080,0.053,0.077,0.084,0.069,0.091,0.075,0.045,0.075,0.130,0.139,0.079,0.080,0.089,0.067,0.092,0.056,0.090,0.038,0.028,0.022,0.015,0.012,0.019,0.012,0.090,0.075,0.148,0.133,0.150,0.131,0.162,0.150,0.171,0.141,0.152,0.158,0.164,0.175,0.156,0.171,0.171,0.153,0.154,0.200,0.165,0.135,0.131,0.153,0.163,0.148,0.150,0.106,0.070,0.070,0.086,0.068,0.087,0.079,0.052,0.081,0.089,0.032,0.042,0.021,0.037,0.028,0.018,0.005,0.089,0.002,0.006,0.141,0.015,0.003,0.121,0.009,0.004,0.004,0.014,0.021,0.187,0.013,0.008,0.004,0.006,0.025,0.020,0.006,0.009,0.003,0.011,0.001,0.002,0.003,0.016,0.023,0.025,0.022,0.004,0.016,0.003,0.006,0.002,0.019,0.001,0.012,0.011,0.004,0.011,0.009,0.008,0.002,0.006,0.020,0.018,0.003,0.010,0.009,0.010,0.009,0.017,0.002,0.014,0.014,0.011,0.001,0.002,0.004,0.005,0.003,0.022,0.006,0.012,0.007,0.000,0.004,0.007,0.004,0.006,0.006,0.001,0.006,0.006,0.004,0.006,0.007,0.005,0.005,0.013,0.006,0.003,0.009,0.004,0.007,0.012,0.002,0.015,0.015,0.003,0.002,0.005,0.006,0.010,0.004,0.016,0.004,0.010,0.010,0.020,0.001,0.005,0.006,0.010,0.002,0.004,0.008,0.006,0.005,0.011,0.015,0.007,0.004,0.007,0.010,0.017,0.022,0.003,0.003,0.017,0.163,0.012,0.014,0.009,0.009,0.006,0.002,0.017,0.160,0.005,0.022,0.012,0.012,0.018,0.127,0.200,0.011,0.004,0.022,0.008,0.006,0.006,0.015,0.161,0.191,0.012,0.013,0.024,0.156,0.204,0.014,0.002,0.005,0.014,0.002,0.002,0.012,0.157,0.148,0.006,0.009,0.026,0.010,0.008,0.012,0.156,0.007,0.011,0.010,0.008,0.004,0.199,0.006,0.005,0.004,0.011,0.011,0.006,0.012,0.008,0.012,0.007,0.008,0.004,0.016,0.013,0.003,0.006,0.006,0.015,0.010,0.011,0.017,0.005,0.002,0.018,0.009,0.007,0.009,0.012,0.001,0.006,0.007,0.006,0.003,0.006,0.007,0.016,0.002,0.023,0.004,0.003,0.001,0.012,0.003,0.023,0.018,0.004,0.003,0.012,0.000,0.027,0.001,0.005,0.005,0.001,0.004,0.008,0.002,0.006,0.012,0.009,0.002,0.003,0.010,0.006,0.007,0.012,0.005,0.007,0.074,0.158,0.154,0.128,0.174,0.170,0.141,0.104,0.011,0.014,0.016,0.035,0.009,0.016,0.018,0.010,0.142,0.180,0.168,0.165,0.139,0.130,0.159,0.019,0.030,0.017,0.010,0.009,0.012,0.016,0.033,0.011,0.012,0.022,0.025,0.009,0.007,0.015,0.177,0.112,0.153,0.096,0.156,0.190,0.115,0.152,0.094,0.066,0.054,0.103,0.087,0.042,0.080,0.072,0.030,0.073,0.045,0.076,0.070,0.093,0.059,0.058,0.074,0.083,0.064,0.074,0.026,0.039,0.032,0.031,0.036,0.028,0.018,0.031,0.026,0.015,0.018,0.020,0.018,0.015,0.003,0.027,0.169,0.002,0.012,0.091,0.134,0.005,0.022,0.028,0.022,0.025,0.023,0.012,0.019,0.044,0.100,0.136,0.117,0.144,0.105,0.100,0.102,0.117,0.114,0.132,0.081,0.114,0.113,0.123,0.113,0.116,0.089,0.105
CBL49,0.068,0.095,0.130,0.082,0.080,0.078,0.021,0.062,0.061,0.064,0.060,0.059,0.052,0.042,0.071,0.067,0.059,0.047,0.083,0.094,0.101,0.056,0.074,0.076,0.072,0.068,0.088,0.096,0.106,0.069,0.076,0.089,0.070,0.083,0.024,0.031,0.009,0.026,0.025,0.020,0.063,0.123,0.149,0.135,0.166,0.114,0.122,0.157,0.146,0.130,0.172,0.140,0.136,0.176,0.125,0.170,0.169,0.158,0.128,0.159,0.161,0.151,0.147,0.128,0.121,0.157,0.141,0.089,0.070,0.050,0.052,0.065,0.082,0.093,0.068,0.081,0.086,0.052,0.037,0.046,0.042,0.040,0.034,0.005,0.082,0.005,0.009,0.134,0.007,0.006,0.117,0.007,0.002,0.006,0.019,0.015,0.199,0.009,0.008,0.006,0.009,0.026,0.023,0.008,0.023,0.009,0.008,0.002,0.004,0.008,0.006,0.021,0.022,0.016,0.003,0.018,0.006,0.007,0.003,0.014,0.001,0.007,0.011,0.003,0.014,0.008,0.011,0.002,0.003,0.018,0.007,0.009,0.009,0.012,0.014,0.036,0.024,0.003,0.014,0.014,0.011,0.001,0.001,0.009,0.007,0.004,0.011,0.019,0.010,0.015,0.006,0.002,0.008,0.009,0.002,0.005,0.001,0.008,0.004,0.005,0.006,0.010,0.004,0.004,0.013,0.001,0.003,0.010,0.002,0.004,0.022,0.008,0.026,0.007,0.002,0.005,0.002,0.004,0.008,0.007,0.013,0.008,0.021,0.012,0.013,0.002,0.005,0.016,0.011,0.004,0.002,0.005,0.006,0.004,0.027,0.014,0.005,0.008,0.013,0.012,0.017,0.023,0.012,0.006,0.026,0.164,0.008,0.017,0.011,0.015,0.009,0.004,0.022,0.134,0.003,0.017,0.003,0.017,0.020,0.119,0.150,0.011,0.004,0.022,0.014,0.016,0.004,0.020,0.125,0.191,0.014,0.022,0.009,0.144,0.177,0.017,0.006,0.015,0.020,0.010,0.015,0.013,0.122,0.135,0.002,0.008,0.019,0.027,0.008,0.021,0.123,0.009,0.013,0.015,0.020,0.003,0.154,0.012,0.012,0.007,0.011,0.022,0.022,0.007,0.007,0.016,0.003,0.008,0.015,0.028,0.011,0.002,0.008,0.003,0.021,0.005,0.013,0.024,0.011,0.010,0.026,0.015,0.005,0.016,0.007,0.008,0.005,0.007,0.004,0.006,0.009,0.010,0.011,0.012,0.014,0.001,0.006,0.005,0.017,0.009,0.015,0.016,0.002,0.005,0.011,0.001,0.023,0.001,0.002,0.011,0.005,0.007,0.010,0.003,0.020,0.012,0.017,0.001,0.003,0.007,0.007,0.008,0.015,0.006,0.011,0.056,0.125,0.174,0.146,0.126,0.154,0.147,0.124,0.011,0.021,0.017,0.022,0.017,0.016,0.017,0.008,0.119,0.139,0.138,0.145,0.137,0.113,0.112,0.024,0.041,0.035,0.017,0.021,0.019,0.011,0.025,0.016,0.024,0.011,0.022,0.020,0.016,0.022,0.172,0.083,0.172,0.070,0.144,0.158,0.135,0.132,0.051,0.038,0.065,0.093,0.105,0.038,0.082,0.067,0.077,0.071,0.046,0.052,0.064,0.071,0.105,0.065,0.070,0.084,0.086,0.071,0.041,0.057,0.019,0.051,0.042,0.036,0.011,0.033,0.023,0.016,0.017,0.012,0.022,0.010,0.009,0.023,0.164,0.003,0.007,0.091,0.095,0.018,0.021,0.029,0.042,0.029,0.033,0.011,0.023,0.061,0.125,0.158,0.099,0.143,0.128,0.139,0.123,0.130,0.136,0.125,0.104,0.115,0.151,0.120,0.076,0.107,0.083,0.106
CBL55,0.094,0.107,0.132,0.070,0.098,0.105,0.026,0.068,0.076,0.063,0.048,0.051,0.055,0.056,0.068,0.056,0.058,0.069,0.092,0.062,0.096,0.085,0.064,0.043,0.048,0.051,0.063,0.078,0.070,0.037,0.059,0.042,0.092,0.084,0.019,0.024,0.008,0.033,0.031,0.032,0.079,0.070,0.144,0.162,0.148,0.129,0.093,0.159,0.145,0.103,0.140,0.126,0.148,0.177,0.127,0.136,0.154,0.158,0.138,0.109,0.130,0.119,0.120,0.146,0.154,0.125,0.176,0.083,0.135,0.070,0.088,0.084,0.058,0.073,0.064,0.060,0.077,0.031,0.025,0.018,0.058,0.027,0.022,0.004,0.095,0.001,0.003,0.146,0.009,0.007,0.104,0.011,0.004,0.005,0.011,0.027,0.157,0.011,0.009,0.009,0.004,0.021,0.015,0.006,0.014,0.004,0.003,0.005,0.003,0.004,0.013,0.023,0.018,0.008,0.002,0.018,0.009,0.007,0.003,0.017,0.002,0.008,0.014,0.002,0.013,0.012,0.016,0.003,0.007,0.014,0.014,0.007,0.016,0.016,0.024,0.013,0.022,0.001,0.013,0.013,0.018,0.002,0.001,0.007,0.008,0.002,0.007,0.017,0.014,0.012,0.002,0.002,0.009,0.004,0.006,0.006,0.002,0.010,0.006,0.005,0.009,0.009,0.009,0.007,0.007,0.003,0.007,0.012,0.006,0.009,0.012,0.001,0.025,0.009,0.003,0.003,0.004,0.005,0.013,0.008,0.021,0.005,0.012,0.012,0.009,0.004,0.009,0.007,0.014,0.006,0.002,0.004,0.007,0.012,0.017,0.012,0.007,0.008,0.019,0.012,0.018,0.016,0.015,0.003,0.029,0.141,0.012,0.019,0.010,0.020,0.013,0.003,0.011,0.130,0.004,0.015,0.003,0.012,0.014,0.151,0.183,0.011,0.006,0.010,0.016,0.016,0.006,0.015,0.177,0.155,0.022,0.013,0.009,0.160,0.159,0.025,0.003,0.010,0.016,0.012,0.007,0.015,0.127,0.115,0.005,0.010,0.015,0.020,0.009,0.011,0.138,0.013,0.016,0.016,0.014,0.003,0.147,0.010,0.010,0.010,0.009,0.016,0.013,0.014,0.012,0.019,0.007,0.014,0.008,0.014,0.011,0.005,0.010,0.009,0.018,0.014,0.011,0.034,0.007,0.013,0.021,0.015,0.006,0.013,0.011,0.010,0.004,0.006,0.005,0.003,0.011,0.012,0.010,0.008,0.024,0.006,0.005,0.002,0.014,0.005,0.013,0.013,0.003,0.004,0.017,0.001,0.021,0.007,0.002,0.015,0.008,0.012,0.011,0.005,0.009,0.010,0.011,0.002,0.002,0.014,0.010,0.012,0.020,0.009,0.009,0.051,0.125,0.156,0.166,0.168,0.145,0.126,0.124,0.012,0.015,0.018,0.022,0.010,0.012,0.018,0.010,0.113,0.112,0.119,0.109,0.119,0.100,0.138,0.016,0.018,0.020,0.019,0.019,0.017,0.014,0.015,0.013,0.011,0.011,0.032,0.027,0.013,0.017,0.156,0.096,0.139,0.090,0.145,0.176,0.196,0.156,0.080,0.057,0.059,0.097,0.082,0.049,0.063,0.072,0.065,0.085,0.069,0.100,0.051,0.077,0.086,0.068,0.072,0.070,0.087,0.095,0.048,0.029,0.034,0.045,0.028,0.029,0.015,0.013,0.018,0.024,0.018,0.023,0.019,0.015,0.003,0.020,0.171,0.002,0.009,0.108,0.119,0.010,0.030,0.028,0.034,0.028,0.034,0.019,0.016,0.082,0.142,0.134,0.130,0.143,0.132,0.136,0.115,0.122,0.145,0.112,0.133,0.102,0.093,0.127,0.129,0.118,0.098,0.120
DNG02,0.047,0.059,0.076,0.056,0.074,0.064,0.104,0.058,0.080,0.054,0.089,0.075,0.084,0.078,0.091,0.078,0.054,0.115,0.071,0.078,0.091,0.085,0.072,0.121,0.051,0.063,0.084,0.079,0.054,0.030,0.046,0.092,0.086,0.059,0.049,0.142,0.056,0.114,0.060,0.068,0.095,0.117,0.074,0.040,0.050,0.067,0.060,0.060,0.054,0.071,0.044,0.043,0.037,0.062,0.079,0.061,0.064,0.043,0.061,0.062,0.064,0.040,0.061,0.071,0.056,0.049,0.054,0.058,0.064,0.059,0.049,0.084,0.093,0.065,0.044,0.101,0.110,0.079,0.115,0.099,0.049,0.071,0.048,0.026,0.040,0.022,0.016,0.076,0.057,0.017,0.041,0.040,0.018,0.015,0.078,0.062,0.045,0.058,0.027,0.017,0.022,0.089,0.054,0.018,0.054,0.024,0.024,0.012,0.011,0.042,0.030,0.094,0.067,0.040,0.005,0.078,0.010,0.021,0.021,0.038,0.011,0.019,0.032,0.012,0.036,0.041,0.045,0.017,0.013,0.029,0.033,0.008,0.030,0.037,0.052,0.048,0.054,0.014,0.049,0.046,0.054,0.026,0.003,0.024,0.027,0.025,0.120,0.061,0.054,0.054,0.008,0.011,0.032,0.016,0.024,0.020,0.012,0.023,0.028,0.020,0.021,0.035,0.028,0.031,0.046,0.008,0.012,0.023,0.012,0.021,0.097,0.027,0.075,0.035,0.011,0.006,0.035,0.020,0.035,0.016,0.054,0.026,0.031,0.043,0.048,0.003,0.027,0.021,0.033,0.011,0.010,0.025,0.037,0.027,0.045,0.063,0.013,0.016,0.041,0.071,0.044,0.086,0.023,0.013,0.046,0.051,0.051,0.075,0.038,0.033,0.051,0.019,0.053,0.062,0.009,0.035,0.021,0.042,0.059,0.070,0.066,0.036,0.009,0.058,0.045,0.052,0.034,0.051,0.055,0.100,0.066,0.077,0.055,0.051,0.068,0.049,0.017,0.042,0.059,0.027,0.027,0.042,0.060,0.080,0.018,0.028,0.065,0.064,0.039,0.071,0.065,0.054,0.055,0.066,0.045,0.004,0.035,0.035,0.023,0.020,0.032,0.083,0.028,0.035,0.014,0.032,0.018,0.037,0.011,0.068,0.046,0.016,0.039,0.019,0.077,0.022,0.048,0.081,0.033,0.016,0.105,0.056,0.016,0.032,0.034,0.023,0.015,0.008,0.024,0.011,0.020,0.036,0.048,0.014,0.071,0.007,0.020,0.022,0.047,0.013,0.050,0.047,0.020,0.008,0.033,0.014,0.058,0.009,0.009,0.027,0.028,0.019,0.041,0.014,0.066,0.056,0.046,0.015,0.020,0.012,0.026,0.018,0.023,0.023,0.016,0.070,0.066,0.049,0.057,0.062,0.029,0.065,0.091,0.074,0.070,0.060,0.133,0.050,0.067,0.064,0.054,0.052,0.063,0.062,0.031,0.070,0.035,0.029,0.098,0.144,0.167,0.105,0.102,0.083,0.061,0.161,0.094,0.093,0.047,0.108,0.059,0.086,0.088,0.057,0.073,0.041,0.039,0.047,0.039,0.048,0.062,0.041,0.056,0.096,0.083,0.094,0.079,0.081,0.044,0.083,0.090,0.062,0.063,0.045,0.059,0.057,0.087,0.049,0.083,0.043,0.078,0.095,0.129,0.086,0.100,0.112,0.069,0.072,0.090,0.087,0.066,0.071,0.070,0.096,0.054,0.030,0.063,0.037,0.008,0.047,0.053,0.045,0.056,0.076,0.076,0.095,0.067,0.091,0.061,0.072,0.085,0.049,0.068,0.051,0.057,0.056,0.047,0.038,0.042,0.037,0.021,0.059,0.062,0.044,0.038,0.051,0.034,0.061,0.047
DNG05,0.103,0.074,0.125,0.087,0.136,0.071,0.103,0.102,0.088,0.107,0.139,0.075,0.060,0.091,0.104,0.121,0.063,0.098,0.121,0.163,0.155,0.122,0.086,0.154,0.082,0.116,0.108,0.125,0.123,0.091,0.111,0.084,0.125,0.090,0.163,0.062,0.063,0.123,0.084,0.115,0.073,0.162,0.088,0.067,0.082,0.076,0.086,0.074,0.071,0.070,0.087,0.039,0.072,0.078,0.066,0.080,0.066,0.077,0.082,0.085,0.095,0.062,0.075,0.085,0.114,0.086,0.090,0.123,0.112,0.117,0.146,0.102,0.141,0.084,0.064,0.092,0.102,0.117,0.134,0.131,0.099,0.092,0.078,0.029,0.057,0.010,0.013,0.081,0.095,0.019,0.053,0.054,0.024,0.020,0.094,0.076,0.083,0.048,0.020,0.016,0.023,0.077,0.058,0.024,0.108,0.026,0.030,0.015,0.018,0.026,0.053,0.085,0.091,0.076,0.016,0.102,0.024,0.036,0.010,0.063,0.007,0.022,0.035,0.015,0.059,0.068,0.072,0.016,0.026,0.073,0.050,0.016,0.045,0.064,0.061,0.076,0.093,0.016,0.089,0.055,0.068,0.001,0.007,0.017,0.008,0.020,0.046,0.109,0.053,0.064,0.004,0.013,0.041,0.018,0.026,0.023,0.014,0.047,0.033,0.005,0.010,0.073,0.019,0.016,0.066,0.014,0.011,0.011,0.022,0.023,0.138,0.015,0.090,0.058,0.011,0.010,0.019,0.017,0.046,0.016,0.107,0.011,0.109,0.080,0.066,0.004,0.026,0.044,0.073,0.015,0.018,0.035,0.029,0.019,0.080,0.065,0.033,0.020,0.056,0.047,0.066,0.119,0.024,0.017,0.122,0.080,0.124,0.078,0.052,0.047,0.079,0.011,0.106,0.052,0.010,0.054,0.044,0.070,0.093,0.088,0.093,0.056,0.012,0.105,0.063,0.054,0.050,0.086,0.055,0.095,0.072,0.085,0.051,0.076,0.094,0.048,0.014,0.041,0.086,0.055,0.037,0.068,0.062,0.055,0.022,0.054,0.092,0.073,0.057,0.084,0.092,0.087,0.089,0.085,0.041,0.009,0.084,0.049,0.051,0.026,0.046,0.123,0.040,0.025,0.016,0.061,0.025,0.058,0.013,0.101,0.071,0.008,0.024,0.018,0.079,0.041,0.028,0.097,0.033,0.020,0.126,0.079,0.024,0.042,0.022,0.015,0.005,0.007,0.019,0.018,0.028,0.020,0.071,0.033,0.099,0.009,0.013,0.011,0.056,0.014,0.062,0.123,0.011,0.015,0.057,0.009,0.061,0.003,0.010,0.034,0.009,0.018,0.064,0.018,0.077,0.086,0.064,0.011,0.012,0.025,0.021,0.019,0.037,0.013,0.031,0.144,0.092,0.071,0.092,0.100,0.052,0.109,0.033,0.094,0.100,0.104,0.117,0.079,0.081,0.098,0.083,0.075,0.077,0.071,0.076,0.079,0.070,0.059,0.097,0.152,0.195,0.121,0.098,0.082,0.097,0.160,0.060,0.076,0.059,0.138,0.086,0.130,0.100,0.079,0.110,0.104,0.053,0.075,0.054,0.075,0.078,0.092,0.070,0.131,0.118,0.113,0.128,0.103,0.067,0.097,0.127,0.114,0.123,0.076,0.107,0.141,0.094,0.083,0.069,0.084,0.133,0.145,0.165,0.097,0.131,0.148,0.077,0.072,0.097,0.107,0.070,0.079,0.088,0.132,0.064,0.025,0.114,0.072,0.004,0.075,0.071,0.068,0.075,0.118,0.152,0.162,0.162,0.113,0.076,0.178,0.064,0.061,0.106,0.068,0.091,0.072,0.107,0.063,0.082,0.072,0.063,0.095,0.089,0.092,0.066,0.076,0.074,0.077,0.027
DNG06,0.040,0.118,0.036,0.047,0.129,0.054,0.147,0.039,0.019,0.036,0.071,0.052,0.066,0.026,0.022,0.154,0.055,0.131,0.051,0.050,0.045,0.054,0.045,0.031,0.055,0.075,0.042,0.111,0.022,0.048,0.025,0.047,0.042,0.030,0.064,0.061,0.137,0.064,0.120,0.070,0.073,0.115,0.049,0.081,0.075,0.055,0.061,0.048,0.056,0.067,0.066,0.070,0.056,0.039,0.050,0.051,0.054,0.056,0.084,0.049,0.056,0.031,0.078,0.052,0.082,0.044,0.067,0.047,0.084,0.052,0.080,0.043,0.036,0.043,0.064,0.058,0.066,0.038,0.036,0.050,0.101,0.046,0.015,0.007,0.054,0.006,0.010,0.126,0.057,0.013,0.063,0.051,0.007,0.003,0.049,0.104,0.051,0.075,0.009,0.007,0.008,0.053,0.032,0.010,0.068,0.036,0.014,0.005,0.004,0.004,0.021,0.076,0.054,0.054,0.002,0.072,0.010,0.022,0.002,0.037,0.001,0.011,0.022,0.005,0.060,0.056,0.043,0.007,0.006,0.053,0.051,0.005,0.050,0.034,0.059,0.048,0.086,0.005,0.055,0.044,0.067,0.002,0.000,0.009,0.014,0.010,0.051,0.040,0.053,0.039,0.004,0.010,0.025,0.001,0.019,0.014,0.005,0.016,0.021,0.010,0.008,0.027,0.008,0.005,0.043,0.008,0.002,0.036,0.002,0.014,0.044,0.005,0.076,0.060,0.007,0.002,0.004,0.012,0.021,0.007,0.067,0.010,0.028,0.032,0.032,0.004,0.004,0.024,0.018,0.015,0.005,0.025,0.022,0.032,0.052,0.046,0.005,0.010,0.039,0.023,0.083,0.063,0.017,0.004,0.055,0.085,0.082,0.084,0.034,0.042,0.054,0.008,0.068,0.061,0.007,0.025,0.033,0.049,0.051,0.068,0.056,0.050,0.009,0.047,0.058,0.029,0.008,0.084,0.015,0.073,0.050,0.060,0.043,0.047,0.064,0.061,0.005,0.043,0.089,0.023,0.043,0.023,0.100,0.070,0.009,0.066,0.074,0.044,0.016,0.054,0.056,0.045,0.049,0.041,0.057,0.005,0.055,0.016,0.045,0.014,0.014,0.050,0.037,0.052,0.007,0.036,0.012,0.016,0.028,0.051,0.074,0.022,0.034,0.026,0.041,0.052,0.075,0.041,0.033,0.014,0.056,0.054,0.007,0.006,0.032,0.030,0.016,0.029,0.002,0.005,0.019,0.014,0.028,0.021,0.054,0.028,0.006,0.008,0.031,0.007,0.030,0.046,0.009,0.003,0.041,0.003,0.069,0.008,0.006,0.016,0.008,0.014,0.067,0.006,0.040,0.055,0.045,0.005,0.007,0.033,0.013,0.015,0.027,0.010,0.034,0.057,0.063,0.053,0.047,0.106,0.088,0.040,0.041,0.034,0.054,0.088,0.055,0.045,0.049,0.035,0.042,0.054,0.082,0.050,0.081,0.061,0.056,0.037,0.041,0.050,0.063,0.073,0.051,0.055,0.068,0.078,0.020,0.037,0.043,0.051,0.042,0.036,0.031,0.074,0.070,0.068,0.051,0.066,0.048,0.070,0.056,0.064,0.031,0.058,0.031,0.044,0.030,0.027,0.074,0.011,0.061,0.052,0.052,0.022,0.055,0.045,0.065,0.117,0.046,0.050,0.057,0.051,0.048,0.063,0.046,0.054,0.047,0.035,0.030,0.049,0.074,0.055,0.062,0.073,0.048,0.007,0.047,0.078,0.012,0.039,0.062,0.084,0.024,0.076,0.049,0.073,0.083,0.080,0.065,0.043,0.040,0.032,0.038,0.048,0.045,0.062,0.052,0.048,0.057,0.080,0.058,0.075,0.054,0.089,0.035,0.063,0.059,0.072,0.055
DNG09,0.046,0.071,0.057,0.101,0.046,0.064,0.095,0.058,0.028,0.049,0.034,0.034,0.065,0.081,0.051,0.082,0.118,0.071,0.127,0.060,0.080,0.093,0.077,0.053,0.088,0.068,0.049,0.088,0.212,0.041,0.077,0.048,0.121,0.138,0.147,0.138,0.073,0.254,0.187,0.192,0.089,0.047,0.069,0.062,0.047,0.086,0.063,0.073,0.060,0.067,0.045,0.051,0.058,0.073,0.085,0.098,0.074,0.061,0.086,0.074,0.062,0.066,0.103,0.060,0.076,0.095,0.103,0.108,0.062,0.101,0.075,0.057,0.065,0.064,0.050,0.023,0.046,0.071,0.050,0.064,0.055,0.143,0.123,0.020,0.058,0.006,0.022,0.072,0.077,0.019,0.069,0.056,0.003,0.017,0.040,0.080,0.073,0.060,0.040,0.020,0.034,0.114,0.058,0.011,0.051,0.023,0.018,0.014,0.005,0.022,0.022,0.074,0.074,0.051,0.001,0.073,0.028,0.020,0.012,0.045,0.008,0.028,0.047,0.018,0.031,0.074,0.074,0.008,0.009,0.034,0.019,0.012,0.050,0.091,0.061,0.068,0.147,0.009,0.050,0.043,0.101,0.011,0.004,0.014,0.011,0.012,0.133,0.098,0.079,0.062,0.009,0.013,0.035,0.016,0.021,0.011,0.005,0.045,0.005,0.010,0.010,0.044,0.023,0.020,0.052,0.016,0.020,0.015,0.014,0.045,0.029,0.010,0.091,0.050,0.019,0.009,0.019,0.022,0.054,0.019,0.066,0.020,0.072,0.062,0.037,0.005,0.018,0.049,0.067,0.014,0.019,0.055,0.025,0.018,0.059,0.093,0.024,0.016,0.059,0.087,0.064,0.061,0.026,0.015,0.082,0.057,0.097,0.100,0.023,0.029,0.036,0.014,0.064,0.083,0.019,0.030,0.018,0.044,0.073,0.063,0.069,0.022,0.022,0.063,0.022,0.024,0.037,0.049,0.081,0.088,0.099,0.048,0.034,0.095,0.079,0.069,0.018,0.056,0.138,0.036,0.054,0.056,0.077,0.041,0.023,0.061,0.053,0.071,0.043,0.113,0.072,0.090,0.041,0.036,0.061,0.004,0.059,0.039,0.042,0.031,0.030,0.077,0.024,0.021,0.016,0.033,0.014,0.016,0.017,0.100,0.080,0.009,0.028,0.009,0.041,0.046,0.032,0.088,0.041,0.027,0.101,0.082,0.020,0.040,0.014,0.028,0.004,0.015,0.010,0.001,0.024,0.029,0.030,0.064,0.070,0.009,0.013,0.015,0.033,0.008,0.031,0.042,0.010,0.015,0.081,0.002,0.067,0.008,0.010,0.033,0.016,0.019,0.064,0.011,0.053,0.090,0.072,0.016,0.013,0.013,0.021,0.008,0.019,0.014,0.023,0.060,0.090,0.065,0.070,0.090,0.081,0.074,0.067,0.033,0.072,0.056,0.098,0.044,0.072,0.104,0.045,0.086,0.068,0.050,0.071,0.087,0.072,0.073,0.067,0.130,0.094,0.101,0.077,0.077,0.090,0.109,0.038,0.036,0.067,0.098,0.097,0.044,0.060,0.090,0.066,0.075,0.071,0.053,0.059,0.056,0.062,0.054,0.059,0.108,0.093,0.104,0.067,0.171,0.055,0.078,0.045,0.145,0.068,0.037,0.045,0.192,0.079,0.090,0.072,0.121,0.036,0.051,0.061,0.063,0.188,0.093,0.072,0.053,0.066,0.064,0.138,0.057,0.048,0.083,0.061,0.014,0.066,0.086,0.009,0.092,0.053,0.036,0.024,0.169,0.067,0.165,0.080,0.199,0.059,0.081,0.035,0.068,0.102,0.092,0.069,0.089,0.076,0.061,0.061,0.053,0.042,0.047,0.062,0.053,0.057,0.040,0.087,0.092,0.044
DNG17,0.045,0.130,0.054,0.100,0.139,0.059,0.134,0.035,0.045,0.039,0.049,0.043,0.077,0.059,0.033,0.154,0.101,0.141,0.140,0.069,0.087,0.101,0.093,0.067,0.095,0.096,0.063,0.089,0.151,0.041,0.066,0.077,0.115,0.130,0.079,0.088,0.122,0.185,0.051,0.142,0.097,0.058,0.054,0.052,0.038,0.043,0.044,0.051,0.044,0.046,0.053,0.062,0.047,0.050,0.042,0.057,0.054,0.050,0.064,0.061,0.044,0.072,0.040,0.037,0.047,0.045,0.058,0.082,0.052,0.088,0.093,0.038,0.051,0.056,0.054,0.065,0.098,0.089,0.086,0.057,0.146,0.082,0.099,0.029,0.039,0.008,0.016,0.125,0.056,0.019,0.062,0.024,0.014,0.013,0.052,0.092,0.049,0.039,0.043,0.014,0.014,0.112,0.063,0.017,0.060,0.029,0.021,0.003,0.013,0.010,0.029,0.092,0.069,0.069,0.009,0.055,0.029,0.018,0.016,0.073,0.013,0.028,0.035,0.017,0.053,0.043,0.045,0.010,0.024,0.059,0.034,0.023,0.052,0.058,0.040,0.073,0.152,0.012,0.083,0.052,0.040,0.003,0.009,0.023,0.020,0.020,0.098,0.071,0.044,0.031,0.006,0.012,0.026,0.017,0.019,0.014,0.007,0.051,0.023,0.018,0.024,0.043,0.026,0.023,0.039,0.014,0.010,0.044,0.011,0.067,0.044,0.009,0.086,0.039,0.013,0.011,0.014,0.021,0.043,0.026,0.084,0.017,0.049,0.049,0.055,0.001,0.018,0.024,0.065,0.013,0.026,0.026,0.039,0.022,0.070,0.076,0.042,0.027,0.042,0.045,0.052,0.083,0.022,0.023,0.102,0.058,0.049,0.068,0.042,0.053,0.046,0.014,0.078,0.051,0.006,0.050,0.026,0.055,0.051,0.035,0.066,0.065,0.020,0.056,0.040,0.032,0.021,0.066,0.034,0.040,0.077,0.057,0.065,0.060,0.054,0.081,0.016,0.024,0.132,0.032,0.036,0.036,0.057,0.057,0.018,0.028,0.077,0.061,0.041,0.067,0.036,0.040,0.066,0.036,0.046,0.005,0.049,0.034,0.023,0.045,0.031,0.069,0.037,0.040,0.022,0.049,0.014,0.029,0.023,0.069,0.048,0.013,0.020,0.010,0.060,0.036,0.030,0.133,0.026,0.019,0.110,0.037,0.012,0.029,0.033,0.029,0.012,0.032,0.010,0.013,0.020,0.026,0.030,0.036,0.068,0.016,0.010,0.019,0.057,0.005,0.043,0.042,0.017,0.015,0.053,0.000,0.082,0.006,0.006,0.022,0.016,0.025,0.052,0.010,0.039,0.040,0.044,0.018,0.009,0.024,0.041,0.027,0.036,0.035,0.037,0.072,0.044,0.032,0.031,0.104,0.036,0.038,0.017,0.058,0.044,0.049,0.050,0.041,0.041,0.062,0.041,0.048,0.046,0.045,0.045,0.053,0.049,0.059,0.087,0.101,0.069,0.066,0.053,0.064,0.080,0.075,0.040,0.059,0.040,0.072,0.098,0.055,0.104,0.071,0.054,0.056,0.032,0.058,0.048,0.036,0.051,0.068,0.051,0.078,0.098,0.111,0.053,0.113,0.080,0.067,0.051,0.147,0.059,0.071,0.069,0.155,0.069,0.067,0.083,0.149,0.059,0.083,0.051,0.061,0.102,0.082,0.070,0.065,0.088,0.071,0.113,0.068,0.050,0.088,0.074,0.021,0.070,0.039,0.015,0.049,0.045,0.062,0.043,0.108,0.078,0.133,0.086,0.147,0.070,0.094,0.052,0.057,0.086,0.090,0.075,0.075,0.046,0.056,0.040,0.051,0.043,0.083,0.045,0.062,0.067,0.036,0.070,0.067,0.044
DNG34,0.051,0.067,0.040,0.093,0.064,0.083,0.129,0.057,0.050,0.110,0.094,0.054,0.071,0.095,0.049,0.095,0.097,0.131,0.163,0.065,0.066,0.101,0.075,0.053,0.084,0.069,0.063,0.103,0.146,0.022,0.060,0.051,0.093,0.133,0.089,0.113,0.074,0.191,0.144,0.092,0.104,0.065,0.050,0.074,0.057,0.063,0.051,0.045,0.065,0.052,0.046,0.054,0.066,0.078,0.028,0.051,0.092,0.066,0.073,0.082,0.051,0.082,0.055,0.041,0.100,0.053,0.072,0.081,0.082,0.081,0.104,0.043,0.063,0.067,0.048,0.055,0.067,0.070,0.078,0.057,0.100,0.102,0.094,0.022,0.050,0.018,0.009,0.069,0.067,0.032,0.052,0.060,0.015,0.009,0.073,0.108,0.050,0.077,0.008,0.022,0.020,0.077,0.088,0.020,0.051,0.034,0.007,0.015,0.011,0.010,0.042,0.105,0.070,0.064,0.007,0.121,0.037,0.023,0.011,0.057,0.003,0.025,0.058,0.011,0.034,0.055,0.091,0.004,0.026,0.061,0.065,0.021,0.064,0.076,0.119,0.066,0.182,0.011,0.081,0.071,0.083,0.004,0.005,0.024,0.021,0.015,0.137,0.071,0.076,0.051,0.004,0.013,0.033,0.020,0.028,0.034,0.003,0.059,0.040,0.010,0.026,0.076,0.027,0.020,0.047,0.015,0.012,0.022,0.007,0.019,0.045,0.009,0.120,0.061,0.011,0.007,0.007,0.010,0.022,0.022,0.106,0.023,0.061,0.087,0.063,0.003,0.015,0.037,0.046,0.025,0.010,0.030,0.037,0.051,0.090,0.071,0.025,0.022,0.100,0.035,0.046,0.086,0.042,0.010,0.113,0.054,0.081,0.076,0.059,0.072,0.071,0.009,0.088,0.046,0.010,0.087,0.015,0.092,0.107,0.078,0.055,0.076,0.016,0.034,0.069,0.058,0.032,0.089,0.046,0.054,0.061,0.071,0.053,0.052,0.051,0.073,0.010,0.059,0.110,0.036,0.027,0.063,0.080,0.052,0.022,0.051,0.063,0.073,0.036,0.092,0.054,0.099,0.054,0.095,0.082,0.002,0.043,0.043,0.065,0.025,0.048,0.067,0.051,0.034,0.032,0.064,0.021,0.059,0.012,0.054,0.073,0.031,0.040,0.017,0.075,0.035,0.063,0.097,0.049,0.031,0.076,0.086,0.008,0.015,0.051,0.035,0.014,0.032,0.012,0.012,0.040,0.024,0.036,0.042,0.093,0.029,0.015,0.017,0.083,0.005,0.047,0.093,0.013,0.017,0.081,0.003,0.096,0.011,0.007,0.062,0.016,0.041,0.079,0.014,0.062,0.057,0.065,0.007,0.016,0.045,0.032,0.022,0.040,0.022,0.032,0.052,0.046,0.079,0.052,0.073,0.067,0.080,0.067,0.038,0.081,0.086,0.091,0.055,0.044,0.085,0.044,0.063,0.057,0.032,0.055,0.068,0.057,0.057,0.058,0.065,0.112,0.089,0.063,0.055,0.065,0.125,0.035,0.042,0.041,0.136,0.091,0.055,0.061,0.084,0.067,0.079,0.056,0.065,0.036,0.050,0.047,0.064,0.053,0.110,0.089,0.161,0.065,0.117,0.072,0.077,0.074,0.132,0.078,0.038,0.096,0.143,0.089,0.079,0.075,0.089,0.072,0.095,0.090,0.117,0.104,0.079,0.095,0.039,0.098,0.054,0.119,0.064,0.077,0.078,0.070,0.027,0.068,0.059,0.012,0.072,0.036,0.039,0.023,0.132,0.066,0.165,0.109,0.175,0.094,0.083,0.052,0.047,0.036,0.047,0.028,0.050,0.033,0.076,0.045,0.031,0.022,0.047,0.040,0.027,0.056,0.027,0.042,0.050,0.048
DTT-KEI-006,0.097,0.092,0.105,0.077,0.122,0.097,0.015,0.073,0.082,0.061,0.062,0.074,0.062,0.062,0.075,0.086,0.076,0.078,0.059,0.049,0.048,0.056,0.050,0.048,0.034,0.053,0.032,0.054,0.071,0.037,0.039,0.052,0.041,0.045,0.018,0.012,0.010,0.012,0.013,0.015,0.091,0.112,0.166,0.133,0.160,0.122,0.160,0.131,0.171,0.164,0.186,0.157,0.173,0.157,0.176,0.171,0.173,0.162,0.159,0.171,0.168,0.143,0.142,0.151,0.164,0.163,0.176,0.093,0.103,0.091,0.061,0.077,0.094,0.084,0.074,0.079,0.096,0.035,0.035,0.031,0.044,0.025,0.036,0.003,0.108,0.005,0.001,0.195,0.012,0.001,0.077,0.010,0.005,0.005,0.012,0.018,0.188,0.009,0.005,0.001,0.002,0.014,0.012,0.004,0.006,0.004,0.006,0.001,0.003,0.007,0.004,0.017,0.013,0.008,0.001,0.012,0.005,0.008,0.004,0.010,0.002,0.003,0.008,0.004,0.006,0.007,0.008,0.002,0.002,0.005,0.006,0.005,0.006,0.010,0.010,0.012,0.010,0.004,0.010,0.009,0.007,0.005,0.001,0.004,0.007,0.005,0.010,0.010,0.010,0.008,0.002,0.003,0.003,0.004,0.006,0.002,0.002,0.008,0.005,0.005,0.003,0.013,0.005,0.006,0.006,0.003,0.003,0.010,0.003,0.006,0.017,0.004,0.017,0.006,0.001,0.002,0.007,0.003,0.008,0.002,0.019,0.005,0.004,0.011,0.006,0.003,0.005,0.008,0.008,0.002,0.002,0.005,0.008,0.006,0.006,0.008,0.004,0.006,0.011,0.007,0.007,0.006,0.005,0.003,0.012,0.149,0.011,0.010,0.014,0.012,0.006,0.003,0.010,0.163,0.004,0.012,0.003,0.014,0.017,0.178,0.182,0.014,0.004,0.012,0.010,0.009,0.007,0.008,0.144,0.199,0.016,0.008,0.010,0.199,0.156,0.015,0.005,0.006,0.008,0.007,0.005,0.009,0.163,0.197,0.003,0.010,0.013,0.014,0.009,0.014,0.200,0.007,0.007,0.008,0.011,0.002,0.187,0.004,0.007,0.004,0.006,0.010,0.007,0.005,0.004,0.006,0.006,0.002,0.003,0.012,0.010,0.003,0.012,0.006,0.013,0.011,0.013,0.027,0.005,0.012,0.023,0.008,0.005,0.006,0.009,0.008,0.004,0.006,0.003,0.003,0.005,0.007,0.012,0.010,0.015,0.005,0.004,0.005,0.008,0.001,0.006,0.011,0.002,0.002,0.008,0.002,0.014,0.001,0.002,0.007,0.006,0.004,0.012,0.004,0.009,0.010,0.009,0.002,0.004,0.001,0.006,0.008,0.011,0.004,0.005,0.055,0.157,0.173,0.157,0.166,0.214,0.182,0.147,0.007,0.009,0.015,0.012,0.013,0.014,0.016,0.007,0.133,0.150,0.167,0.120,0.173,0.128,0.154,0.013,0.016,0.014,0.020,0.022,0.009,0.016,0.020,0.011,0.013,0.010,0.016,0.014,0.010,0.012,0.158,0.132,0.143,0.112,0.173,0.173,0.123,0.151,0.047,0.034,0.061,0.054,0.045,0.046,0.041,0.036,0.025,0.042,0.032,0.054,0.046,0.056,0.052,0.041,0.058,0.045,0.082,0.085,0.021,0.035,0.029,0.033,0.027,0.015,0.012,0.010,0.014,0.013,0.012,0.011,0.012,0.007,0.005,0.009,0.191,0.003,0.011,0.079,0.086,0.004,0.023,0.010,0.012,0.019,0.011,0.014,0.009,0.081,0.122,0.130,0.138,0.125,0.124,0.130,0.118,0.137,0.126,0.145,0.126,0.110,0.126,0.150,0.145,0.124,0.101,0.105
DTT-KEI-031,0.104,0.087,0.120,0.070,0.120,0.142,0.016,0.087,0.080,0.073,0.069,0.058,0.041,0.041,0.079,0.077,0.050,0.052,0.063,0.069,0.068,0.061,0.046,0.066,0.046,0.037,0.052,0.042,0.052,0.062,0.031,0.046,0.079,0.040,0.022,0.027,0.018,0.007,0.008,0.010,0.114,0.147,0.172,0.165,0.153,0.135,0.160,0.161,0.196,0.162,0.160,0.167,0.190,0.182,0.190,0.162,0.150,0.202,0.181,0.165,0.158,0.159,0.173,0.159,0.168,0.160,0.214,0.116,0.130,0.070,0.071,0.086,0.089,0.090,0.065,0.080,0.105,0.046,0.041,0.039,0.025,0.025,0.028,0.005,0.108,0.002,0.004,0.203,0.007,0.005,0.088,0.005,0.003,0.005,0.019,0.016,0.212,0.005,0.003,0.005,0.001,0.010,0.011,0.007,0.012,0.005,0.009,0.002,0.003,0.004,0.002,0.022,0.016,0.009,0.003,0.017,0.004,0.003,0.001,0.009,0.003,0.003,0.006,0.005,0.010,0.009,0.006,0.001,0.006,0.011,0.009,0.007,0.004,0.010,0.010,0.008,0.011,0.003,0.007,0.010,0.006,0.001,0.002,0.005,0.006,0.004,0.013,0.007,0.013,0.004,0.000,0.004,0.007,0.003,0.004,0.005,0.001,0.006,0.006,0.000,0.003,0.009,0.005,0.003,0.008,0.004,0.005,0.008,0.002,0.004,0.021,0.000,0.020,0.009,0.000,0.004,0.005,0.002,0.005,0.001,0.012,0.003,0.009,0.008,0.007,0.004,0.006,0.004,0.009,0.004,0.002,0.006,0.004,0.009,0.014,0.008,0.007,0.002,0.008,0.010,0.012,0.020,0.004,0.004,0.015,0.158,0.005,0.011,0.008,0.007,0.010,0.005,0.011,0.161,0.005,0.009,0.002,0.010,0.009,0.194,0.213,0.010,0.003,0.013,0.010,0.013,0.002,0.008,0.176,0.194,0.007,0.021,0.005,0.173,0.182,0.008,0.005,0.007,0.011,0.008,0.007,0.008,0.158,0.181,0.004,0.008,0.013,0.013,0.004,0.006,0.176,0.005,0.009,0.013,0.012,0.003,0.199,0.005,0.004,0.005,0.006,0.017,0.006,0.004,0.008,0.009,0.005,0.005,0.003,0.010,0.008,0.002,0.005,0.003,0.018,0.008,0.023,0.019,0.007,0.005,0.015,0.005,0.006,0.004,0.006,0.003,0.005,0.006,0.005,0.005,0.001,0.006,0.011,0.006,0.007,0.004,0.002,0.004,0.009,0.001,0.010,0.012,0.002,0.006,0.008,0.002,0.008,0.002,0.001,0.006,0.003,0.003,0.012,0.004,0.015,0.006,0.009,0.001,0.001,0.007,0.003,0.010,0.015,0.004,0.006,0.074,0.154,0.161,0.170,0.174,0.189,0.198,0.145,0.013,0.010,0.014,0.019,0.014,0.016,0.011,0.009,0.173,0.160,0.137,0.115,0.191,0.115,0.147,0.025,0.034,0.036,0.019,0.028,0.015,0.012,0.027,0.015,0.021,0.005,0.027,0.011,0.020,0.019,0.183,0.125,0.204,0.115,0.161,0.191,0.115,0.145,0.055,0.027,0.058,0.092,0.064,0.043,0.054,0.067,0.056,0.068,0.034,0.063,0.063,0.053,0.055,0.038,0.066,0.069,0.076,0.106,0.039,0.058,0.019,0.042,0.029,0.022,0.013,0.029,0.010,0.015,0.013,0.017,0.027,0.008,0.002,0.009,0.191,0.002,0.008,0.101,0.099,0.013,0.020,0.034,0.031,0.029,0.010,0.014,0.029,0.071,0.124,0.125,0.107,0.150,0.133,0.139,0.136,0.121,0.138,0.152,0.098,0.112,0.128,0.157,0.119,0.112,0.102,0.132
EGAN00001279031,0.063,0.068,0.091,0.060,0.091,0.109,0.010,0.046,0.058,0.044,0.043,0.045,0.047,0.047,0.053,0.050,0.051,0.057,0.045,0.033,0.057,0.048,0.048,0.022,0.040,0.050,0.032,0.045,0.047,0.049,0.044,0.041,0.041,0.036,0.006,0.006,0.003,0.004,0.003,0.003,0.073,0.075,0.234,0.273,0.217,0.210,0.220,0.240,0.246,0.232,0.242,0.200,0.195,0.233,0.227,0.218,0.223,0.234,0.223,0.221,0.181,0.219,0.179,0.208,0.245,0.215,0.238,0.099,0.079,0.066,0.070,0.088,0.069,0.070,0.066,0.059,0.070,0.011,0.015,0.015,0.020,0.015,0.026,0.002,0.125,0.001,0.001,0.208,0.003,0.001,0.106,0.002,0.002,0.002,0.003,0.003,0.272,0.003,0.001,0.002,0.002,0.005,0.002,0.001,0.003,0.002,0.001,0.004,0.001,0.003,0.002,0.002,0.005,0.001,0.001,0.005,0.003,0.001,0.002,0.003,0.001,0.001,0.002,0.001,0.003,0.003,0.002,0.001,0.002,0.002,0.004,0.003,0.004,0.004,0.006,0.005,0.006,0.001,0.003,0.006,0.004,0.002,0.001,0.002,0.002,0.002,0.006,0.003,0.005,0.002,0.001,0.001,0.002,0.002,0.003,0.001,0.003,0.002,0.002,0.002,0.003,0.003,0.002,0.003,0.002,0.002,0.002,0.007,0.002,0.003,0.002,0.002,0.004,0.003,0.001,0.002,0.003,0.001,0.003,0.001,0.003,0.001,0.002,0.004,0.002,0.002,0.003,0.002,0.003,0.001,0.002,0.002,0.002,0.005,0.003,0.003,0.003,0.001,0.004,0.006,0.002,0.003,0.004,0.003,0.003,0.228,0.004,0.005,0.001,0.004,0.003,0.002,0.006,0.233,0.002,0.003,0.001,0.003,0.004,0.227,0.228,0.003,0.002,0.002,0.003,0.003,0.002,0.002,0.189,0.235,0.005,0.004,0.003,0.228,0.242,0.003,0.003,0.003,0.003,0.002,0.002,0.005,0.238,0.214,0.001,0.002,0.003,0.004,0.002,0.002,0.221,0.002,0.003,0.003,0.004,0.003,0.218,0.001,0.002,0.006,0.002,0.004,0.003,0.005,0.002,0.003,0.003,0.002,0.005,0.005,0.003,0.002,0.004,0.002,0.004,0.004,0.005,0.006,0.004,0.003,0.005,0.002,0.001,0.006,0.003,0.002,0.002,0.003,0.002,0.002,0.005,0.004,0.004,0.003,0.004,0.002,0.002,0.005,0.003,0.003,0.004,0.005,0.001,0.002,0.003,0.001,0.003,0.001,0.000,0.002,0.003,0.003,0.002,0.003,0.003,0.003,0.003,0.000,0.002,0.007,0.005,0.004,0.007,0.005,0.004,0.080,0.232,0.230,0.212,0.225,0.206,0.228,0.180,0.005,0.004,0.006,0.003,0.005,0.003,0.003,0.003,0.191,0.191,0.176,0.138,0.216,0.122,0.164,0.004,0.004,0.004,0.006,0.004,0.003,0.003,0.003,0.003,0.003,0.004,0.005,0.002,0.002,0.002,0.233,0.137,0.218,0.101,0.205,0.199,0.151,0.233,0.047,0.036,0.048,0.050,0.039,0.033,0.055,0.044,0.031,0.051,0.028,0.054,0.040,0.046,0.043,0.034,0.053,0.047,0.049,0.071,0.010,0.022,0.016,0.014,0.013,0.015,0.004,0.004,0.007,0.004,0.004,0.008,0.002,0.003,0.001,0.004,0.237,0.001,0.005,0.117,0.130,0.002,0.008,0.005,0.007,0.005,0.006,0.005,0.007,0.084,0.141,0.176,0.171,0.189,0.155,0.152,0.184,0.146,0.130,0.144,0.142,0.131,0.149,0.191,0.146,0.150,0.090,0.106
EGAN00001279032,0.076,0.078,0.071,0.057,0.085,0.096,0.008,0.049,0.063,0.042,0.032,0.038,0.038,0.033,0.052,0.041,0.039,0.039,0.039,0.035,0.058,0.040,0.041,0.029,0.031,0.040,0.036,0.029,0.043,0.038,0.035,0.033,0.036,0.039,0.003,0.005,0.005,0.003,0.003,0.004,0.055,0.069,0.261,0.241,0.209,0.205,0.221,0.230,0.215,0.202,0.217,0.213,0.164,0.211,0.213,0.188,0.204,0.222,0.206,0.212,0.185,0.196,0.184,0.178,0.213,0.204,0.228,0.082,0.080,0.068,0.075,0.061,0.067,0.072,0.055,0.060,0.069,0.010,0.015,0.021,0.020,0.015,0.019,0.001,0.127,0.001,0.001,0.207,0.004,0.001,0.093,0.003,0.002,0.002,0.002,0.004,0.241,0.005,0.001,0.002,0.002,0.002,0.004,0.002,0.003,0.004,0.004,0.002,0.001,0.003,0.001,0.002,0.004,0.003,0.001,0.003,0.002,0.002,0.001,0.003,0.001,0.002,0.006,0.001,0.002,0.004,0.005,0.001,0.003,0.002,0.003,0.002,0.005,0.004,0.007,0.001,0.003,0.001,0.004,0.005,0.005,0.001,0.001,0.002,0.003,0.001,0.005,0.004,0.006,0.004,0.001,0.001,0.001,0.001,0.003,0.001,0.001,0.003,0.001,0.001,0.002,0.003,0.003,0.001,0.004,0.002,0.002,0.003,0.001,0.002,0.003,0.002,0.003,0.005,0.001,0.002,0.002,0.002,0.001,0.002,0.003,0.001,0.003,0.005,0.004,0.001,0.002,0.002,0.002,0.002,0.002,0.002,0.001,0.003,0.003,0.002,0.003,0.002,0.006,0.006,0.004,0.005,0.004,0.002,0.003,0.212,0.005,0.004,0.003,0.004,0.005,0.001,0.004,0.207,0.002,0.002,0.001,0.003,0.004,0.226,0.209,0.003,0.002,0.003,0.006,0.003,0.003,0.002,0.190,0.231,0.005,0.004,0.004,0.211,0.232,0.003,0.002,0.004,0.003,0.003,0.001,0.006,0.230,0.202,0.001,0.005,0.002,0.009,0.003,0.002,0.214,0.004,0.003,0.005,0.004,0.002,0.195,0.003,0.003,0.002,0.001,0.002,0.003,0.002,0.004,0.003,0.002,0.001,0.001,0.002,0.003,0.002,0.004,0.004,0.002,0.003,0.004,0.007,0.003,0.003,0.001,0.004,0.002,0.002,0.003,0.002,0.002,0.003,0.001,0.001,0.003,0.003,0.003,0.002,0.002,0.003,0.001,0.004,0.002,0.002,0.003,0.006,0.000,0.002,0.004,0.000,0.004,0.001,0.000,0.002,0.002,0.004,0.003,0.002,0.004,0.003,0.003,0.001,0.001,0.009,0.003,0.004,0.006,0.003,0.003,0.065,0.192,0.221,0.194,0.204,0.205,0.208,0.157,0.002,0.002,0.006,0.003,0.002,0.005,0.002,0.003,0.175,0.175,0.154,0.123,0.184,0.110,0.173,0.006,0.003,0.003,0.005,0.004,0.003,0.003,0.002,0.002,0.003,0.003,0.002,0.002,0.003,0.002,0.190,0.115,0.194,0.090,0.188,0.202,0.144,0.194,0.051,0.035,0.039,0.050,0.033,0.023,0.039,0.040,0.026,0.049,0.030,0.055,0.041,0.053,0.039,0.032,0.036,0.052,0.063,0.077,0.009,0.020,0.014,0.011,0.011,0.015,0.004,0.004,0.003,0.003,0.004,0.010,0.003,0.003,0.001,0.002,0.215,0.001,0.004,0.099,0.121,0.004,0.004,0.005,0.004,0.005,0.002,0.006,0.007,0.063,0.130,0.165,0.145,0.166,0.145,0.149,0.163,0.146,0.114,0.136,0.138,0.140,0.143,0.185,0.138,0.156,0.079,0.100
EGAN00001279033,0.080,0.076,0.085,0.078,0.086,0.100,0.006,0.052,0.068,0.056,0.051,0.044,0.051,0.033,0.054,0.043,0.046,0.049,0.043,0.037,0.055,0.041,0.047,0.033,0.038,0.044,0.048,0.042,0.047,0.040,0.046,0.044,0.051,0.040,0.004,0.006,0.005,0.003,0.002,0.004,0.074,0.073,0.232,0.236,0.201,0.226,0.218,0.251,0.234,0.213,0.240,0.227,0.195,0.226,0.209,0.203,0.237,0.230,0.219,0.208,0.215,0.203,0.217,0.194,0.231,0.235,0.226,0.078,0.077,0.059,0.075,0.070,0.075,0.080,0.065,0.053,0.084,0.014,0.016,0.024,0.027,0.014,0.021,0.001,0.123,0.001,0.002,0.193,0.002,0.002,0.102,0.004,0.002,0.003,0.002,0.004,0.286,0.002,0.002,0.002,0.002,0.003,0.002,0.002,0.004,0.002,0.003,0.002,0.001,0.004,0.001,0.003,0.007,0.006,0.002,0.003,0.002,0.001,0.001,0.003,0.001,0.002,0.004,0.001,0.005,0.002,0.005,0.001,0.001,0.002,0.001,0.002,0.005,0.003,0.004,0.008,0.004,0.001,0.005,0.003,0.005,0.001,0.001,0.001,0.002,0.001,0.005,0.002,0.003,0.005,0.001,0.001,0.005,0.002,0.001,0.001,0.001,0.003,0.004,0.000,0.003,0.002,0.002,0.001,0.002,0.001,0.002,0.003,0.001,0.002,0.002,0.002,0.005,0.003,0.001,0.002,0.004,0.001,0.003,0.001,0.003,0.001,0.004,0.003,0.002,0.001,0.002,0.004,0.003,0.001,0.001,0.002,0.001,0.003,0.003,0.003,0.004,0.001,0.003,0.004,0.003,0.005,0.003,0.001,0.003,0.238,0.002,0.003,0.004,0.003,0.003,0.002,0.007,0.220,0.001,0.002,0.001,0.004,0.004,0.251,0.234,0.003,0.002,0.006,0.002,0.002,0.000,0.004,0.199,0.260,0.003,0.006,0.002,0.229,0.248,0.004,0.001,0.003,0.005,0.001,0.005,0.005,0.252,0.216,0.001,0.001,0.006,0.007,0.002,0.001,0.258,0.002,0.001,0.003,0.003,0.002,0.222,0.003,0.003,0.002,0.002,0.003,0.004,0.003,0.003,0.004,0.004,0.002,0.006,0.003,0.003,0.001,0.003,0.001,0.002,0.005,0.004,0.005,0.003,0.002,0.006,0.003,0.002,0.003,0.005,0.003,0.001,0.002,0.001,0.001,0.003,0.003,0.001,0.005,0.002,0.001,0.002,0.003,0.002,0.001,0.004,0.001,0.001,0.002,0.004,0.000,0.006,0.001,0.000,0.002,0.002,0.002,0.001,0.001,0.003,0.005,0.004,0.000,0.001,0.008,0.003,0.004,0.008,0.002,0.005,0.071,0.185,0.215,0.182,0.206,0.203,0.216,0.175,0.003,0.004,0.006,0.002,0.003,0.003,0.003,0.002,0.197,0.196,0.184,0.143,0.207,0.122,0.180,0.005,0.004,0.002,0.005,0.004,0.002,0.002,0.002,0.003,0.003,0.004,0.004,0.002,0.003,0.003,0.225,0.120,0.224,0.103,0.204,0.213,0.157,0.214,0.047,0.028,0.044,0.060,0.040,0.027,0.038,0.042,0.031,0.041,0.033,0.058,0.054,0.046,0.041,0.032,0.049,0.056,0.065,0.080,0.014,0.022,0.006,0.017,0.011,0.019,0.002,0.005,0.004,0.004,0.003,0.006,0.003,0.003,0.001,0.004,0.214,0.001,0.002,0.116,0.121,0.003,0.005,0.004,0.005,0.005,0.005,0.004,0.005,0.064,0.145,0.144,0.146,0.160,0.143,0.144,0.151,0.138,0.120,0.133,0.126,0.136,0.146,0.167,0.128,0.145,0.088,0.099
EGAN00001279034,0.061,0.064,0.077,0.059,0.084,0.093,0.007,0.038,0.069,0.058,0.039,0.037,0.047,0.034,0.056,0.053,0.046,0.055,0.040,0.042,0.040,0.025,0.044,0.031,0.029,0.043,0.043,0.044,0.040,0.033,0.031,0.036,0.033,0.033,0.005,0.005,0.004,0.005,0.003,0.004,0.054,0.061,0.215,0.222,0.215,0.230,0.210,0.224,0.222,0.213,0.233,0.190,0.211,0.237,0.207,0.216,0.210,0.230,0.221,0.206,0.203,0.215,0.207,0.195,0.216,0.221,0.241,0.101,0.069,0.062,0.077,0.074,0.078,0.076,0.063,0.058,0.074,0.009,0.012,0.019,0.028,0.014,0.025,0.002,0.119,0.002,0.001,0.197,0.002,0.002,0.102,0.001,0.001,0.003,0.003,0.003,0.233,0.002,0.002,0.002,0.002,0.003,0.005,0.001,0.004,0.003,0.005,0.003,0.000,0.002,0.002,0.002,0.004,0.003,0.001,0.003,0.002,0.001,0.001,0.004,0.001,0.002,0.006,0.001,0.002,0.003,0.002,0.000,0.003,0.002,0.003,0.004,0.005,0.005,0.003,0.006,0.003,0.001,0.003,0.003,0.003,0.001,0.000,0.001,0.002,0.001,0.005,0.004,0.003,0.002,0.001,0.001,0.002,0.003,0.002,0.001,0.002,0.003,0.001,0.001,0.002,0.003,0.003,0.001,0.002,0.001,0.003,0.005,0.002,0.002,0.003,0.002,0.003,0.005,0.001,0.002,0.002,0.002,0.002,0.001,0.003,0.002,0.005,0.004,0.004,0.002,0.002,0.003,0.003,0.001,0.002,0.003,0.001,0.002,0.006,0.003,0.003,0.001,0.005,0.006,0.005,0.008,0.004,0.002,0.003,0.202,0.003,0.004,0.002,0.003,0.006,0.001,0.004,0.214,0.002,0.003,0.001,0.003,0.003,0.206,0.223,0.003,0.003,0.004,0.005,0.005,0.003,0.004,0.181,0.228,0.006,0.002,0.003,0.209,0.232,0.003,0.002,0.003,0.003,0.002,0.002,0.005,0.242,0.173,0.000,0.002,0.002,0.008,0.002,0.004,0.226,0.001,0.003,0.002,0.005,0.002,0.200,0.002,0.001,0.003,0.004,0.002,0.004,0.002,0.004,0.003,0.003,0.002,0.002,0.003,0.001,0.002,0.003,0.002,0.003,0.004,0.004,0.006,0.002,0.002,0.005,0.002,0.003,0.004,0.002,0.002,0.002,0.003,0.002,0.001,0.004,0.003,0.003,0.003,0.003,0.002,0.002,0.003,0.005,0.001,0.003,0.005,0.000,0.001,0.005,0.000,0.006,0.001,0.001,0.002,0.003,0.003,0.002,0.003,0.003,0.002,0.003,0.001,0.001,0.007,0.004,0.003,0.006,0.003,0.002,0.066,0.212,0.233,0.187,0.206,0.216,0.215,0.154,0.003,0.005,0.006,0.004,0.003,0.005,0.002,0.003,0.177,0.169,0.164,0.141,0.207,0.119,0.144,0.007,0.004,0.002,0.004,0.005,0.003,0.005,0.003,0.002,0.003,0.004,0.003,0.002,0.003,0.003,0.234,0.122,0.198,0.093,0.193,0.211,0.150,0.207,0.049,0.030,0.041,0.046,0.035,0.031,0.041,0.036,0.033,0.036,0.026,0.042,0.050,0.054,0.039,0.033,0.041,0.050,0.067,0.068,0.009,0.021,0.010,0.014,0.014,0.014,0.004,0.004,0.005,0.004,0.005,0.008,0.002,0.003,0.002,0.003,0.214,0.000,0.003,0.099,0.125,0.003,0.006,0.003,0.003,0.008,0.006,0.004,0.006,0.067,0.128,0.155,0.176,0.169,0.149,0.155,0.179,0.137,0.122,0.131,0.137,0.152,0.138,0.171,0.161,0.146,0.078,0.103
EGAN00001279035,0.064,0.067,0.095,0.079,0.096,0.108,0.008,0.050,0.073,0.047,0.047,0.046,0.049,0.041,0.065,0.049,0.053,0.047,0.044,0.040,0.043,0.040,0.035,0.035,0.040,0.046,0.033,0.040,0.053,0.034,0.030,0.047,0.035,0.024,0.005,0.006,0.004,0.004,0.003,0.003,0.072,0.072,0.226,0.240,0.210,0.212,0.239,0.240,0.245,0.224,0.231,0.209,0.187,0.234,0.222,0.219,0.213,0.217,0.217,0.215,0.217,0.213,0.209,0.201,0.220,0.222,0.235,0.096,0.076,0.065,0.084,0.074,0.069,0.096,0.066,0.057,0.055,0.019,0.017,0.026,0.032,0.017,0.029,0.002,0.136,0.001,0.001,0.186,0.004,0.001,0.104,0.002,0.002,0.004,0.003,0.004,0.233,0.003,0.002,0.002,0.002,0.004,0.003,0.001,0.002,0.002,0.003,0.001,0.001,0.002,0.001,0.003,0.006,0.003,0.001,0.005,0.002,0.003,0.001,0.002,0.001,0.001,0.004,0.002,0.002,0.003,0.003,0.001,0.001,0.002,0.003,0.002,0.005,0.004,0.005,0.004,0.004,0.001,0.003,0.005,0.004,0.000,0.001,0.002,0.004,0.002,0.006,0.002,0.006,0.004,0.001,0.001,0.001,0.002,0.003,0.001,0.001,0.004,0.003,0.001,0.002,0.003,0.004,0.001,0.003,0.001,0.002,0.003,0.002,0.001,0.002,0.002,0.006,0.006,0.000,0.001,0.002,0.001,0.003,0.001,0.003,0.001,0.003,0.007,0.003,0.001,0.001,0.003,0.004,0.001,0.001,0.002,0.002,0.003,0.003,0.004,0.002,0.002,0.006,0.005,0.005,0.006,0.004,0.001,0.004,0.221,0.005,0.005,0.002,0.004,0.005,0.002,0.007,0.220,0.002,0.002,0.001,0.004,0.005,0.231,0.210,0.004,0.002,0.004,0.003,0.003,0.003,0.003,0.208,0.236,0.006,0.003,0.003,0.211,0.231,0.002,0.002,0.004,0.002,0.002,0.003,0.006,0.210,0.195,0.001,0.003,0.004,0.007,0.001,0.001,0.250,0.002,0.004,0.003,0.004,0.002,0.226,0.003,0.004,0.002,0.003,0.003,0.005,0.002,0.002,0.004,0.003,0.002,0.001,0.004,0.004,0.001,0.003,0.005,0.006,0.005,0.003,0.008,0.002,0.002,0.004,0.004,0.005,0.004,0.003,0.002,0.001,0.003,0.002,0.002,0.003,0.003,0.002,0.003,0.002,0.002,0.002,0.002,0.003,0.001,0.004,0.004,0.001,0.001,0.004,0.000,0.006,0.000,0.001,0.003,0.003,0.002,0.002,0.001,0.004,0.004,0.005,0.001,0.001,0.006,0.003,0.004,0.007,0.002,0.003,0.067,0.213,0.234,0.201,0.199,0.221,0.223,0.171,0.003,0.003,0.009,0.005,0.003,0.007,0.004,0.003,0.172,0.193,0.189,0.166,0.207,0.115,0.170,0.008,0.005,0.004,0.003,0.006,0.004,0.004,0.003,0.003,0.004,0.004,0.003,0.002,0.005,0.003,0.218,0.129,0.208,0.106,0.201,0.211,0.135,0.201,0.045,0.040,0.043,0.041,0.037,0.034,0.045,0.037,0.029,0.034,0.025,0.049,0.055,0.046,0.043,0.030,0.039,0.044,0.057,0.069,0.008,0.021,0.008,0.017,0.017,0.013,0.003,0.005,0.005,0.002,0.004,0.008,0.002,0.003,0.002,0.004,0.221,0.001,0.005,0.094,0.125,0.004,0.006,0.003,0.009,0.011,0.004,0.004,0.008,0.062,0.141,0.161,0.171,0.162,0.159,0.151,0.156,0.154,0.121,0.166,0.130,0.129,0.137,0.164,0.165,0.147,0.092,0.100
EGAN00001279036,0.069,0.072,0.087,0.058,0.073,0.103,0.007,0.054,0.050,0.033,0.050,0.043,0.035,0.041,0.054,0.035,0.043,0.056,0.036,0.049,0.056,0.040,0.042,0.024,0.033,0.034,0.030,0.038,0.057,0.035,0.049,0.036,0.040,0.036,0.004,0.005,0.003,0.004,0.003,0.003,0.052,0.064,0.219,0.221,0.213,0.200,0.211,0.270,0.289,0.229,0.236,0.220,0.192,0.212,0.210,0.195,0.229,0.236,0.225,0.212,0.209,0.202,0.186,0.199,0.237,0.217,0.230,0.102,0.070,0.063,0.062,0.065,0.060,0.068,0.056,0.054,0.088,0.012,0.015,0.010,0.019,0.013,0.019,0.001,0.138,0.001,0.001,0.215,0.003,0.001,0.116,0.003,0.002,0.004,0.003,0.005,0.263,0.003,0.002,0.002,0.002,0.004,0.001,0.001,0.002,0.000,0.002,0.001,0.000,0.003,0.002,0.003,0.004,0.001,0.001,0.003,0.001,0.004,0.003,0.002,0.001,0.002,0.002,0.001,0.002,0.002,0.002,0.001,0.002,0.002,0.001,0.002,0.005,0.002,0.004,0.007,0.003,0.001,0.002,0.005,0.003,0.002,0.001,0.002,0.004,0.002,0.004,0.002,0.004,0.004,0.001,0.000,0.001,0.001,0.001,0.000,0.001,0.003,0.003,0.002,0.003,0.002,0.002,0.003,0.003,0.001,0.002,0.003,0.002,0.002,0.002,0.001,0.004,0.002,0.000,0.002,0.003,0.001,0.003,0.001,0.002,0.001,0.002,0.002,0.002,0.002,0.003,0.001,0.002,0.000,0.002,0.001,0.003,0.004,0.003,0.002,0.002,0.002,0.003,0.004,0.003,0.003,0.003,0.002,0.003,0.221,0.003,0.004,0.001,0.002,0.002,0.002,0.007,0.220,0.001,0.002,0.001,0.003,0.004,0.245,0.215,0.002,0.001,0.002,0.002,0.004,0.003,0.002,0.193,0.256,0.003,0.004,0.003,0.203,0.247,0.003,0.001,0.005,0.002,0.001,0.003,0.004,0.224,0.192,0.001,0.002,0.003,0.003,0.002,0.001,0.222,0.002,0.003,0.005,0.005,0.003,0.224,0.002,0.004,0.003,0.002,0.003,0.005,0.003,0.002,0.003,0.003,0.001,0.002,0.004,0.004,0.001,0.003,0.004,0.004,0.006,0.002,0.005,0.002,0.001,0.006,0.005,0.004,0.002,0.002,0.002,0.001,0.003,0.002,0.000,0.002,0.004,0.002,0.001,0.003,0.001,0.002,0.002,0.002,0.001,0.002,0.001,0.000,0.001,0.002,0.001,0.003,0.002,0.001,0.002,0.002,0.002,0.002,0.002,0.005,0.005,0.006,0.001,0.001,0.004,0.005,0.003,0.006,0.003,0.003,0.063,0.201,0.225,0.208,0.202,0.202,0.212,0.174,0.003,0.002,0.003,0.003,0.002,0.002,0.003,0.002,0.187,0.171,0.158,0.136,0.202,0.120,0.161,0.004,0.004,0.004,0.005,0.005,0.003,0.002,0.002,0.002,0.002,0.004,0.004,0.002,0.001,0.002,0.239,0.117,0.198,0.089,0.218,0.217,0.151,0.224,0.045,0.037,0.051,0.057,0.032,0.035,0.047,0.039,0.025,0.040,0.032,0.057,0.044,0.045,0.046,0.032,0.049,0.059,0.061,0.072,0.007,0.018,0.013,0.017,0.013,0.013,0.003,0.003,0.005,0.002,0.003,0.008,0.002,0.003,0.001,0.004,0.225,0.001,0.003,0.109,0.121,0.004,0.004,0.007,0.007,0.003,0.003,0.002,0.004,0.062,0.147,0.157,0.166,0.159,0.140,0.155,0.151,0.127,0.124,0.131,0.138,0.151,0.145,0.155,0.136,0.138,0.078,0.096
EGAN00001279037,0.075,0.064,0.086,0.057,0.064,0.095,0.005,0.046,0.050,0.028,0.038,0.044,0.037,0.039,0.053,0.039,0.041,0.043,0.037,0.039,0.041,0.042,0.044,0.025,0.026,0.040,0.028,0.038,0.051,0.038,0.046,0.042,0.036,0.032,0.004,0.004,0.003,0.003,0.002,0.004,0.066,0.075,0.217,0.199,0.191,0.190,0.208,0.277,0.226,0.219,0.233,0.184,0.189,0.226,0.204,0.193,0.203,0.218,0.203,0.195,0.197,0.195,0.170,0.195,0.241,0.204,0.204,0.091,0.073,0.067,0.063,0.069,0.070,0.064,0.057,0.055,0.081,0.014,0.016,0.013,0.014,0.012,0.024,0.001,0.131,0.001,0.001,0.194,0.003,0.001,0.106,0.003,0.002,0.002,0.002,0.004,0.251,0.003,0.001,0.001,0.001,0.002,0.004,0.002,0.004,0.001,0.003,0.001,0.000,0.002,0.002,0.002,0.005,0.005,0.001,0.004,0.002,0.002,0.002,0.003,0.001,0.002,0.003,0.001,0.003,0.002,0.006,0.001,0.000,0.001,0.002,0.002,0.003,0.002,0.005,0.006,0.002,0.002,0.005,0.003,0.004,0.002,0.001,0.001,0.003,0.002,0.004,0.003,0.004,0.004,0.000,0.001,0.004,0.001,0.002,0.001,0.000,0.002,0.002,0.002,0.002,0.002,0.002,0.002,0.001,0.003,0.001,0.006,0.002,0.002,0.003,0.001,0.003,0.002,0.000,0.002,0.003,0.001,0.002,0.001,0.002,0.002,0.002,0.002,0.002,0.001,0.002,0.004,0.003,0.001,0.001,0.002,0.002,0.003,0.004,0.003,0.002,0.001,0.003,0.004,0.003,0.003,0.003,0.001,0.003,0.205,0.003,0.003,0.003,0.002,0.002,0.001,0.004,0.214,0.001,0.002,0.001,0.003,0.004,0.231,0.217,0.004,0.001,0.005,0.003,0.003,0.002,0.004,0.183,0.252,0.002,0.004,0.004,0.203,0.236,0.002,0.002,0.003,0.004,0.003,0.003,0.003,0.232,0.191,0.001,0.003,0.005,0.006,0.003,0.002,0.228,0.002,0.002,0.004,0.003,0.001,0.213,0.003,0.002,0.005,0.002,0.002,0.003,0.003,0.002,0.002,0.002,0.001,0.002,0.003,0.002,0.001,0.004,0.003,0.003,0.005,0.002,0.005,0.002,0.001,0.004,0.003,0.003,0.005,0.004,0.002,0.002,0.002,0.002,0.001,0.002,0.002,0.004,0.003,0.003,0.002,0.002,0.002,0.003,0.004,0.003,0.004,0.001,0.001,0.003,0.001,0.006,0.001,0.001,0.001,0.002,0.002,0.002,0.002,0.003,0.006,0.004,0.000,0.002,0.003,0.003,0.003,0.004,0.001,0.003,0.079,0.201,0.214,0.189,0.186,0.202,0.215,0.167,0.002,0.004,0.004,0.003,0.003,0.003,0.002,0.002,0.188,0.168,0.161,0.124,0.204,0.114,0.164,0.002,0.003,0.003,0.003,0.005,0.003,0.004,0.003,0.002,0.001,0.004,0.004,0.002,0.001,0.002,0.225,0.119,0.196,0.087,0.213,0.201,0.138,0.226,0.038,0.032,0.040,0.056,0.034,0.031,0.038,0.033,0.024,0.036,0.032,0.058,0.044,0.050,0.039,0.029,0.044,0.044,0.051,0.058,0.011,0.018,0.011,0.019,0.016,0.014,0.003,0.004,0.004,0.002,0.004,0.007,0.002,0.002,0.002,0.004,0.218,0.001,0.005,0.103,0.114,0.003,0.005,0.004,0.006,0.005,0.007,0.003,0.005,0.058,0.130,0.144,0.172,0.161,0.135,0.151,0.160,0.143,0.129,0.143,0.149,0.138,0.151,0.177,0.145,0.135,0.084,0.095
EGAN00001279038,0.065,0.059,0.088,0.052,0.079,0.107,0.010,0.048,0.043,0.030,0.042,0.035,0.053,0.037,0.048,0.044,0.046,0.051,0.029,0.034,0.040,0.032,0.031,0.022,0.030,0.034,0.026,0.034,0.052,0.030,0.034,0.036,0.034,0.024,0.005,0.005,0.004,0.004,0.003,0.003,0.064,0.065,0.214,0.197,0.185,0.193,0.199,0.231,0.232,0.191,0.216,0.181,0.161,0.203,0.190,0.196,0.195,0.211,0.203,0.188,0.182,0.201,0.182,0.195,0.222,0.216,0.200,0.085,0.066,0.050,0.055,0.070,0.064,0.063,0.057,0.053,0.065,0.015,0.013,0.008,0.016,0.016,0.020,0.001,0.129,0.001,0.001,0.183,0.002,0.001,0.101,0.003,0.002,0.003,0.002,0.006,0.236,0.002,0.002,0.002,0.001,0.002,0.004,0.001,0.002,0.001,0.003,0.001,0.000,0.003,0.000,0.003,0.004,0.005,0.000,0.003,0.002,0.001,0.001,0.001,0.001,0.001,0.004,0.001,0.004,0.002,0.004,0.001,0.001,0.001,0.002,0.002,0.004,0.002,0.005,0.009,0.003,0.001,0.004,0.005,0.003,0.002,0.000,0.002,0.002,0.002,0.003,0.001,0.004,0.003,0.000,0.001,0.003,0.001,0.002,0.001,0.001,0.001,0.001,0.002,0.003,0.003,0.001,0.003,0.001,0.001,0.002,0.002,0.001,0.002,0.002,0.001,0.005,0.001,0.000,0.001,0.003,0.001,0.003,0.001,0.002,0.001,0.001,0.002,0.001,0.001,0.003,0.003,0.002,0.001,0.001,0.002,0.002,0.002,0.002,0.001,0.002,0.001,0.002,0.003,0.002,0.003,0.002,0.002,0.003,0.216,0.002,0.004,0.003,0.002,0.002,0.001,0.006,0.219,0.002,0.001,0.001,0.002,0.006,0.219,0.200,0.002,0.002,0.003,0.003,0.003,0.003,0.003,0.169,0.237,0.003,0.007,0.005,0.199,0.222,0.001,0.003,0.005,0.004,0.001,0.004,0.002,0.214,0.202,0.001,0.002,0.004,0.006,0.002,0.003,0.203,0.001,0.001,0.004,0.005,0.002,0.207,0.001,0.003,0.003,0.003,0.002,0.003,0.004,0.002,0.002,0.002,0.002,0.004,0.003,0.003,0.001,0.004,0.001,0.003,0.005,0.003,0.004,0.003,0.002,0.005,0.003,0.003,0.003,0.005,0.003,0.002,0.002,0.001,0.001,0.002,0.003,0.004,0.004,0.004,0.002,0.002,0.004,0.002,0.000,0.003,0.003,0.001,0.002,0.003,0.001,0.003,0.001,0.001,0.001,0.002,0.001,0.002,0.002,0.003,0.004,0.006,0.000,0.002,0.006,0.005,0.004,0.005,0.002,0.002,0.063,0.194,0.202,0.201,0.190,0.210,0.223,0.180,0.004,0.003,0.004,0.006,0.004,0.004,0.003,0.002,0.177,0.165,0.173,0.121,0.188,0.100,0.147,0.002,0.003,0.003,0.006,0.003,0.002,0.002,0.004,0.002,0.002,0.006,0.003,0.002,0.001,0.002,0.200,0.112,0.208,0.083,0.195,0.199,0.122,0.219,0.030,0.032,0.032,0.049,0.036,0.031,0.033,0.033,0.027,0.039,0.028,0.048,0.043,0.044,0.033,0.029,0.039,0.036,0.054,0.064,0.005,0.023,0.011,0.022,0.015,0.013,0.002,0.006,0.006,0.003,0.003,0.004,0.002,0.002,0.002,0.004,0.217,0.000,0.004,0.092,0.109,0.003,0.004,0.004,0.007,0.003,0.003,0.004,0.006,0.049,0.134,0.151,0.161,0.160,0.147,0.128,0.159,0.136,0.117,0.122,0.130,0.136,0.126,0.154,0.140,0.137,0.076,0.091
EGAN00001279039,0.071,0.063,0.084,0.052,0.086,0.098,0.005,0.050,0.056,0.040,0.042,0.039,0.042,0.044,0.057,0.044,0.049,0.050,0.037,0.039,0.038,0.032,0.039,0.025,0.032,0.042,0.032,0.040,0.053,0.030,0.039,0.036,0.043,0.032,0.003,0.005,0.004,0.002,0.003,0.003,0.071,0.063,0.218,0.204,0.201,0.204,0.200,0.231,0.238,0.209,0.240,0.202,0.194,0.219,0.201,0.184,0.197,0.205,0.208,0.219,0.197,0.194,0.195,0.173,0.204,0.200,0.202,0.080,0.081,0.066,0.061,0.058,0.062,0.070,0.057,0.061,0.067,0.012,0.017,0.013,0.017,0.012,0.022,0.001,0.117,0.001,0.001,0.192,0.005,0.001,0.101,0.002,0.003,0.001,0.002,0.006,0.253,0.003,0.001,0.001,0.001,0.003,0.003,0.001,0.003,0.003,0.002,0.001,0.001,0.002,0.002,0.003,0.003,0.002,0.001,0.002,0.002,0.002,0.001,0.004,0.000,0.001,0.003,0.000,0.002,0.002,0.004,0.001,0.002,0.003,0.002,0.002,0.002,0.004,0.003,0.002,0.003,0.001,0.003,0.003,0.004,0.001,0.000,0.002,0.003,0.001,0.004,0.003,0.003,0.003,0.001,0.000,0.001,0.001,0.002,0.001,0.002,0.002,0.002,0.001,0.002,0.003,0.000,0.001,0.003,0.001,0.001,0.003,0.002,0.001,0.002,0.002,0.004,0.002,0.001,0.001,0.001,0.001,0.003,0.001,0.003,0.001,0.002,0.004,0.003,0.001,0.001,0.001,0.001,0.000,0.001,0.001,0.002,0.002,0.004,0.002,0.002,0.001,0.003,0.004,0.003,0.002,0.003,0.001,0.002,0.223,0.005,0.005,0.003,0.003,0.002,0.000,0.004,0.193,0.001,0.001,0.001,0.003,0.003,0.214,0.191,0.003,0.002,0.002,0.004,0.004,0.003,0.003,0.174,0.255,0.005,0.003,0.004,0.204,0.230,0.003,0.001,0.003,0.003,0.002,0.002,0.005,0.217,0.206,0.000,0.003,0.003,0.005,0.001,0.002,0.228,0.003,0.002,0.003,0.003,0.001,0.183,0.002,0.002,0.004,0.001,0.002,0.003,0.002,0.001,0.002,0.002,0.002,0.002,0.001,0.003,0.001,0.003,0.002,0.003,0.004,0.002,0.005,0.001,0.001,0.004,0.004,0.004,0.004,0.002,0.002,0.001,0.003,0.001,0.001,0.002,0.002,0.002,0.002,0.002,0.002,0.002,0.001,0.002,0.003,0.002,0.002,0.000,0.001,0.003,0.001,0.003,0.001,0.001,0.001,0.001,0.003,0.002,0.001,0.002,0.004,0.003,0.001,0.001,0.003,0.004,0.001,0.005,0.002,0.002,0.056,0.179,0.216,0.198,0.204,0.213,0.223,0.171,0.002,0.002,0.004,0.002,0.002,0.003,0.003,0.003,0.194,0.170,0.185,0.134,0.186,0.116,0.160,0.004,0.003,0.002,0.002,0.004,0.002,0.002,0.002,0.003,0.002,0.004,0.004,0.002,0.001,0.002,0.208,0.103,0.183,0.094,0.193,0.203,0.151,0.214,0.032,0.031,0.041,0.044,0.040,0.029,0.035,0.037,0.029,0.034,0.027,0.045,0.038,0.053,0.036,0.035,0.043,0.040,0.059,0.058,0.009,0.020,0.007,0.011,0.013,0.012,0.004,0.003,0.004,0.002,0.003,0.003,0.002,0.004,0.001,0.002,0.205,0.001,0.003,0.114,0.124,0.003,0.004,0.004,0.004,0.004,0.005,0.002,0.005,0.052,0.127,0.138,0.138,0.148,0.127,0.146,0.159,0.143,0.115,0.138,0.125,0.124,0.144,0.155,0.137,0.130,0.066,0.089
EGAN00001279040,0.068,0.080,0.075,0.058,0.087,0.086,0.005,0.048,0.065,0.044,0.044,0.034,0.052,0.033,0.047,0.053,0.046,0.047,0.046,0.054,0.063,0.041,0.047,0.018,0.035,0.044,0.047,0.031,0.051,0.031,0.050,0.044,0.040,0.032,0.004,0.003,0.005,0.003,0.004,0.003,0.069,0.075,0.203,0.227,0.216,0.190,0.207,0.245,0.213,0.201,0.229,0.203,0.192,0.228,0.211,0.188,0.213,0.218,0.209,0.207,0.190,0.189,0.213,0.194,0.218,0.221,0.240,0.069,0.073,0.069,0.075,0.055,0.077,0.075,0.073,0.060,0.071,0.012,0.015,0.020,0.027,0.013,0.021,0.001,0.112,0.001,0.001,0.197,0.003,0.002,0.088,0.001,0.002,0.002,0.002,0.005,0.253,0.004,0.002,0.002,0.003,0.004,0.004,0.002,0.004,0.003,0.004,0.002,0.001,0.002,0.001,0.002,0.003,0.001,0.001,0.002,0.002,0.004,0.001,0.004,0.001,0.001,0.005,0.001,0.002,0.002,0.003,0.001,0.001,0.002,0.002,0.003,0.004,0.004,0.004,0.004,0.003,0.001,0.002,0.003,0.003,0.001,0.001,0.002,0.005,0.001,0.004,0.003,0.003,0.003,0.001,0.000,0.002,0.001,0.002,0.001,0.001,0.003,0.001,0.000,0.002,0.003,0.003,0.001,0.002,0.000,0.001,0.005,0.001,0.002,0.003,0.002,0.004,0.005,0.001,0.001,0.001,0.001,0.002,0.001,0.003,0.001,0.003,0.005,0.003,0.001,0.001,0.002,0.001,0.001,0.001,0.003,0.003,0.003,0.003,0.002,0.002,0.002,0.006,0.005,0.004,0.005,0.003,0.001,0.003,0.250,0.003,0.005,0.002,0.002,0.005,0.001,0.005,0.232,0.001,0.002,0.001,0.002,0.003,0.215,0.213,0.002,0.003,0.002,0.005,0.003,0.001,0.004,0.179,0.255,0.003,0.003,0.003,0.195,0.239,0.002,0.002,0.003,0.002,0.003,0.002,0.004,0.214,0.231,0.000,0.002,0.004,0.006,0.001,0.001,0.247,0.001,0.003,0.002,0.005,0.002,0.218,0.003,0.002,0.003,0.002,0.003,0.004,0.004,0.002,0.003,0.002,0.001,0.003,0.003,0.003,0.002,0.002,0.005,0.003,0.006,0.004,0.006,0.002,0.002,0.004,0.004,0.008,0.004,0.002,0.003,0.001,0.002,0.001,0.000,0.003,0.003,0.003,0.003,0.003,0.001,0.001,0.002,0.002,0.001,0.003,0.002,0.001,0.002,0.003,0.001,0.004,0.001,0.000,0.001,0.002,0.003,0.001,0.001,0.003,0.002,0.004,0.001,0.001,0.005,0.008,0.003,0.006,0.003,0.004,0.058,0.198,0.213,0.183,0.199,0.207,0.218,0.171,0.003,0.004,0.006,0.003,0.003,0.005,0.002,0.003,0.182,0.197,0.186,0.141,0.180,0.115,0.180,0.006,0.004,0.003,0.003,0.004,0.003,0.003,0.003,0.003,0.003,0.002,0.005,0.003,0.005,0.002,0.230,0.109,0.200,0.102,0.210,0.246,0.142,0.220,0.042,0.037,0.039,0.058,0.034,0.029,0.042,0.043,0.024,0.048,0.028,0.056,0.052,0.053,0.043,0.035,0.044,0.061,0.064,0.077,0.011,0.022,0.009,0.018,0.013,0.011,0.002,0.004,0.004,0.003,0.004,0.008,0.002,0.002,0.001,0.004,0.201,0.001,0.001,0.102,0.126,0.003,0.006,0.006,0.006,0.008,0.006,0.004,0.004,0.060,0.143,0.138,0.146,0.152,0.129,0.141,0.135,0.133,0.122,0.130,0.122,0.121,0.119,0.150,0.138,0.140,0.071,0.097
EGAN00001279041,0.063,0.062,0.075,0.051,0.084,0.095,0.004,0.041,0.040,0.036,0.038,0.038,0.044,0.032,0.053,0.042,0.039,0.048,0.043,0.033,0.046,0.039,0.050,0.020,0.035,0.045,0.031,0.035,0.039,0.036,0.043,0.042,0.037,0.036,0.003,0.005,0.004,0.003,0.003,0.004,0.073,0.081,0.189,0.167,0.175,0.200,0.175,0.203,0.209,0.169,0.209,0.183,0.187,0.214,0.204,0.216,0.213,0.214,0.192,0.204,0.186,0.195,0.177,0.155,0.203,0.223,0.212,0.087,0.082,0.059,0.060,0.058,0.060,0.054,0.058,0.049,0.074,0.012,0.014,0.016,0.023,0.011,0.022,0.001,0.110,0.002,0.001,0.194,0.003,0.001,0.094,0.002,0.002,0.001,0.003,0.003,0.215,0.004,0.002,0.002,0.001,0.003,0.004,0.003,0.002,0.001,0.007,0.001,0.001,0.002,0.001,0.003,0.003,0.002,0.000,0.002,0.001,0.001,0.001,0.002,0.000,0.003,0.006,0.001,0.001,0.002,0.003,0.001,0.001,0.002,0.002,0.002,0.003,0.003,0.004,0.006,0.003,0.001,0.002,0.002,0.003,0.000,0.000,0.002,0.002,0.001,0.004,0.002,0.003,0.002,0.001,0.000,0.001,0.002,0.001,0.001,0.000,0.002,0.002,0.001,0.003,0.003,0.002,0.001,0.002,0.001,0.002,0.008,0.002,0.003,0.002,0.001,0.003,0.002,0.001,0.001,0.001,0.001,0.002,0.001,0.002,0.003,0.005,0.002,0.003,0.001,0.002,0.003,0.002,0.002,0.001,0.002,0.002,0.002,0.003,0.002,0.001,0.003,0.005,0.005,0.003,0.003,0.002,0.001,0.005,0.199,0.003,0.004,0.003,0.003,0.002,0.001,0.005,0.205,0.001,0.004,0.001,0.003,0.003,0.206,0.208,0.004,0.002,0.002,0.004,0.005,0.002,0.004,0.202,0.218,0.003,0.003,0.002,0.208,0.223,0.004,0.002,0.004,0.002,0.002,0.001,0.004,0.193,0.213,0.000,0.002,0.003,0.004,0.001,0.003,0.192,0.002,0.002,0.003,0.005,0.001,0.195,0.002,0.002,0.003,0.004,0.003,0.004,0.002,0.006,0.003,0.002,0.001,0.004,0.003,0.003,0.001,0.004,0.001,0.004,0.002,0.005,0.006,0.001,0.001,0.007,0.003,0.004,0.002,0.002,0.003,0.001,0.003,0.001,0.000,0.004,0.003,0.002,0.002,0.002,0.001,0.001,0.001,0.004,0.001,0.002,0.001,0.000,0.001,0.004,0.001,0.003,0.002,0.000,0.001,0.001,0.002,0.001,0.001,0.003,0.003,0.003,0.001,0.001,0.005,0.003,0.001,0.004,0.002,0.001,0.045,0.186,0.208,0.176,0.211,0.201,0.205,0.152,0.002,0.005,0.004,0.002,0.003,0.003,0.004,0.002,0.164,0.159,0.154,0.131,0.172,0.112,0.158,0.004,0.004,0.003,0.003,0.004,0.003,0.002,0.003,0.002,0.002,0.003,0.004,0.002,0.001,0.002,0.232,0.115,0.182,0.090,0.187,0.205,0.147,0.205,0.039,0.028,0.042,0.044,0.039,0.037,0.037,0.041,0.027,0.037,0.029,0.053,0.032,0.046,0.030,0.034,0.042,0.042,0.057,0.061,0.009,0.021,0.012,0.019,0.015,0.014,0.003,0.006,0.005,0.002,0.004,0.005,0.002,0.002,0.002,0.003,0.195,0.001,0.001,0.089,0.099,0.003,0.006,0.006,0.004,0.007,0.006,0.003,0.004,0.047,0.142,0.138,0.157,0.154,0.127,0.143,0.150,0.122,0.121,0.148,0.134,0.144,0.121,0.152,0.145,0.120,0.068,0.096
EGAN00001279042,0.064,0.066,0.080,0.048,0.084,0.096,0.005,0.050,0.058,0.044,0.036,0.041,0.046,0.034,0.049,0.042,0.036,0.052,0.038,0.042,0.039,0.032,0.038,0.031,0.026,0.041,0.039,0.036,0.043,0.032,0.041,0.040,0.042,0.038,0.004,0.004,0.002,0.004,0.003,0.004,0.057,0.068,0.198,0.188,0.179,0.196,0.193,0.197,0.219,0.186,0.207,0.189,0.188,0.205,0.225,0.194,0.212,0.225,0.195,0.192,0.197,0.197,0.185,0.191,0.215,0.210,0.218,0.083,0.071,0.057,0.071,0.068,0.055,0.063,0.070,0.058,0.085,0.013,0.017,0.019,0.028,0.017,0.017,0.000,0.114,0.001,0.001,0.196,0.003,0.001,0.100,0.001,0.002,0.002,0.003,0.004,0.204,0.001,0.001,0.001,0.001,0.002,0.003,0.002,0.002,0.001,0.003,0.001,0.001,0.001,0.002,0.002,0.004,0.001,0.001,0.002,0.001,0.002,0.000,0.001,0.001,0.002,0.004,0.001,0.002,0.002,0.002,0.001,0.001,0.002,0.002,0.001,0.005,0.004,0.003,0.005,0.004,0.001,0.003,0.002,0.002,0.001,0.000,0.001,0.003,0.000,0.005,0.002,0.003,0.001,0.001,0.000,0.001,0.002,0.001,0.000,0.001,0.001,0.001,0.000,0.001,0.003,0.003,0.001,0.002,0.001,0.001,0.005,0.002,0.001,0.002,0.002,0.004,0.003,0.001,0.000,0.000,0.001,0.002,0.001,0.003,0.001,0.005,0.004,0.002,0.001,0.001,0.002,0.003,0.000,0.001,0.001,0.001,0.002,0.003,0.002,0.001,0.001,0.005,0.004,0.003,0.004,0.002,0.001,0.002,0.199,0.004,0.003,0.001,0.002,0.004,0.001,0.005,0.215,0.001,0.003,0.001,0.003,0.004,0.200,0.237,0.004,0.002,0.002,0.003,0.004,0.001,0.002,0.180,0.217,0.003,0.004,0.002,0.195,0.211,0.002,0.001,0.003,0.001,0.002,0.002,0.004,0.197,0.178,0.000,0.001,0.003,0.006,0.001,0.003,0.193,0.001,0.001,0.003,0.004,0.002,0.224,0.002,0.002,0.003,0.003,0.002,0.003,0.002,0.002,0.002,0.002,0.002,0.002,0.002,0.003,0.000,0.004,0.002,0.003,0.003,0.004,0.006,0.002,0.003,0.005,0.002,0.003,0.002,0.002,0.001,0.001,0.003,0.000,0.000,0.003,0.002,0.002,0.002,0.002,0.001,0.001,0.002,0.003,0.001,0.002,0.001,0.000,0.001,0.002,0.000,0.003,0.000,0.000,0.001,0.001,0.002,0.001,0.001,0.003,0.003,0.003,0.000,0.001,0.004,0.002,0.003,0.006,0.002,0.002,0.071,0.183,0.208,0.183,0.222,0.187,0.224,0.175,0.003,0.002,0.005,0.003,0.002,0.005,0.005,0.001,0.152,0.154,0.159,0.132,0.195,0.121,0.159,0.006,0.004,0.001,0.004,0.003,0.003,0.002,0.002,0.003,0.002,0.003,0.004,0.002,0.004,0.002,0.241,0.114,0.177,0.080,0.203,0.214,0.140,0.201,0.045,0.035,0.038,0.057,0.036,0.028,0.034,0.038,0.026,0.036,0.026,0.043,0.045,0.048,0.042,0.035,0.046,0.064,0.055,0.065,0.014,0.020,0.010,0.013,0.014,0.012,0.003,0.005,0.003,0.002,0.002,0.006,0.001,0.002,0.001,0.002,0.230,0.000,0.001,0.109,0.125,0.002,0.004,0.004,0.008,0.007,0.005,0.002,0.004,0.066,0.140,0.159,0.159,0.161,0.147,0.148,0.167,0.134,0.116,0.135,0.136,0.135,0.136,0.171,0.152,0.150,0.072,0.095
EGAN00001279043,0.068,0.067,0.085,0.060,0.090,0.117,0.004,0.037,0.068,0.037,0.030,0.041,0.054,0.034,0.048,0.047,0.041,0.046,0.044,0.034,0.048,0.046,0.047,0.021,0.027,0.043,0.047,0.036,0.051,0.030,0.041,0.037,0.032,0.029,0.006,0.004,0.003,0.005,0.002,0.001,0.070,0.077,0.209,0.207,0.181,0.188,0.200,0.213,0.214,0.190,0.207,0.191,0.195,0.246,0.246,0.208,0.218,0.221,0.213,0.221,0.203,0.213,0.202,0.200,0.231,0.221,0.245,0.087,0.084,0.068,0.078,0.089,0.074,0.077,0.072,0.050,0.075,0.011,0.018,0.020,0.023,0.016,0.016,0.001,0.118,0.001,0.001,0.201,0.003,0.001,0.109,0.002,0.003,0.002,0.001,0.003,0.222,0.002,0.002,0.002,0.002,0.002,0.001,0.002,0.003,0.002,0.005,0.001,0.001,0.002,0.001,0.002,0.003,0.001,0.001,0.003,0.002,0.003,0.000,0.003,0.001,0.002,0.004,0.001,0.002,0.001,0.002,0.000,0.002,0.001,0.001,0.001,0.006,0.003,0.004,0.005,0.004,0.001,0.002,0.003,0.003,0.001,0.000,0.002,0.003,0.001,0.005,0.002,0.004,0.002,0.001,0.001,0.002,0.002,0.002,0.000,0.001,0.002,0.001,0.001,0.002,0.002,0.003,0.002,0.002,0.002,0.003,0.004,0.002,0.001,0.001,0.001,0.004,0.003,0.001,0.001,0.002,0.001,0.003,0.001,0.003,0.001,0.002,0.005,0.001,0.002,0.003,0.001,0.002,0.000,0.001,0.003,0.002,0.002,0.003,0.002,0.003,0.002,0.004,0.004,0.002,0.003,0.003,0.001,0.004,0.189,0.002,0.002,0.002,0.002,0.004,0.001,0.006,0.204,0.002,0.001,0.000,0.003,0.002,0.198,0.223,0.002,0.002,0.002,0.003,0.003,0.003,0.002,0.202,0.248,0.003,0.003,0.003,0.206,0.210,0.004,0.001,0.004,0.001,0.001,0.002,0.003,0.206,0.201,0.000,0.003,0.002,0.005,0.001,0.001,0.232,0.001,0.002,0.003,0.003,0.002,0.213,0.002,0.002,0.003,0.002,0.002,0.004,0.002,0.004,0.002,0.002,0.001,0.001,0.001,0.003,0.001,0.002,0.002,0.003,0.005,0.003,0.007,0.002,0.002,0.006,0.004,0.004,0.003,0.001,0.002,0.001,0.002,0.003,0.001,0.002,0.002,0.002,0.002,0.003,0.001,0.001,0.001,0.002,0.001,0.003,0.002,0.000,0.002,0.005,0.000,0.002,0.002,0.001,0.002,0.002,0.003,0.001,0.002,0.003,0.004,0.005,0.000,0.001,0.007,0.004,0.002,0.007,0.002,0.003,0.066,0.222,0.236,0.188,0.216,0.209,0.227,0.161,0.003,0.003,0.007,0.003,0.003,0.004,0.003,0.003,0.162,0.167,0.142,0.138,0.207,0.129,0.180,0.004,0.004,0.002,0.003,0.004,0.002,0.003,0.002,0.003,0.002,0.004,0.005,0.002,0.003,0.002,0.236,0.120,0.186,0.096,0.204,0.218,0.131,0.217,0.053,0.038,0.040,0.066,0.032,0.035,0.034,0.037,0.030,0.029,0.027,0.059,0.046,0.044,0.045,0.035,0.045,0.058,0.054,0.073,0.011,0.023,0.007,0.018,0.009,0.014,0.004,0.004,0.006,0.002,0.002,0.010,0.002,0.002,0.001,0.003,0.217,0.001,0.004,0.119,0.123,0.003,0.006,0.008,0.003,0.006,0.002,0.004,0.007,0.066,0.135,0.163,0.143,0.167,0.143,0.143,0.171,0.134,0.110,0.143,0.138,0.147,0.134,0.159,0.142,0.146,0.092,0.102
EGAN00001279044,0.061,0.065,0.101,0.059,0.091,0.103,0.009,0.042,0.046,0.039,0.039,0.042,0.049,0.036,0.050,0.043,0.042,0.044,0.038,0.038,0.041,0.038,0.040,0.027,0.037,0.044,0.029,0.053,0.047,0.034,0.045,0.042,0.045,0.032,0.005,0.005,0.003,0.006,0.003,0.003,0.069,0.067,0.203,0.186,0.178,0.198,0.198,0.200,0.207,0.199,0.193,0.173,0.209,0.214,0.211,0.203,0.209,0.215,0.206,0.188,0.176,0.214,0.175,0.181,0.220,0.227,0.216,0.088,0.056,0.062,0.063,0.069,0.062,0.074,0.070,0.061,0.069,0.014,0.015,0.010,0.018,0.017,0.019,0.001,0.117,0.001,0.001,0.181,0.004,0.001,0.114,0.002,0.001,0.003,0.002,0.005,0.209,0.003,0.002,0.001,0.002,0.004,0.004,0.001,0.003,0.002,0.002,0.001,0.001,0.001,0.002,0.003,0.005,0.002,0.002,0.004,0.002,0.001,0.001,0.002,0.001,0.002,0.003,0.001,0.002,0.002,0.003,0.001,0.001,0.002,0.002,0.002,0.004,0.004,0.005,0.007,0.003,0.001,0.002,0.005,0.002,0.001,0.001,0.002,0.002,0.001,0.005,0.003,0.005,0.004,0.000,0.001,0.002,0.002,0.002,0.000,0.002,0.004,0.001,0.001,0.002,0.002,0.001,0.002,0.003,0.001,0.002,0.003,0.002,0.003,0.002,0.002,0.005,0.002,0.001,0.002,0.002,0.002,0.003,0.001,0.003,0.001,0.003,0.002,0.002,0.001,0.002,0.001,0.004,0.001,0.002,0.002,0.001,0.003,0.003,0.003,0.002,0.002,0.003,0.006,0.004,0.002,0.002,0.002,0.003,0.186,0.004,0.004,0.001,0.004,0.002,0.001,0.008,0.203,0.002,0.002,0.001,0.004,0.006,0.198,0.218,0.002,0.002,0.004,0.003,0.003,0.002,0.002,0.213,0.229,0.004,0.005,0.004,0.198,0.204,0.004,0.001,0.006,0.002,0.002,0.003,0.004,0.192,0.184,0.001,0.002,0.004,0.005,0.002,0.002,0.210,0.001,0.003,0.004,0.004,0.003,0.202,0.003,0.004,0.003,0.003,0.003,0.007,0.002,0.002,0.003,0.002,0.001,0.001,0.003,0.004,0.001,0.002,0.002,0.003,0.004,0.002,0.005,0.003,0.002,0.007,0.006,0.002,0.003,0.002,0.002,0.002,0.003,0.002,0.001,0.002,0.004,0.004,0.003,0.004,0.002,0.002,0.004,0.002,0.001,0.003,0.003,0.000,0.001,0.004,0.001,0.004,0.001,0.001,0.002,0.002,0.002,0.002,0.002,0.005,0.004,0.007,0.001,0.000,0.007,0.003,0.003,0.005,0.003,0.002,0.067,0.208,0.205,0.187,0.184,0.189,0.202,0.178,0.003,0.003,0.005,0.007,0.003,0.006,0.005,0.003,0.169,0.159,0.157,0.144,0.181,0.120,0.165,0.005,0.004,0.003,0.006,0.003,0.003,0.003,0.005,0.003,0.003,0.007,0.004,0.003,0.002,0.002,0.207,0.111,0.204,0.084,0.199,0.203,0.134,0.212,0.037,0.028,0.043,0.057,0.045,0.032,0.043,0.044,0.033,0.040,0.030,0.046,0.045,0.044,0.041,0.028,0.048,0.041,0.053,0.049,0.008,0.020,0.010,0.017,0.013,0.016,0.004,0.006,0.006,0.004,0.004,0.005,0.002,0.002,0.002,0.004,0.206,0.001,0.006,0.096,0.108,0.005,0.006,0.003,0.004,0.006,0.005,0.004,0.006,0.058,0.124,0.153,0.138,0.142,0.125,0.139,0.142,0.140,0.126,0.138,0.122,0.145,0.142,0.162,0.138,0.143,0.076,0.085
EGAN00001279045,0.074,0.072,0.084,0.064,0.091,0.102,0.006,0.054,0.061,0.035,0.036,0.044,0.043,0.037,0.056,0.038,0.042,0.042,0.038,0.041,0.048,0.049,0.041,0.029,0.030,0.045,0.042,0.040,0.046,0.039,0.046,0.043,0.044,0.036,0.005,0.004,0.003,0.004,0.003,0.005,0.070,0.062,0.210,0.202,0.207,0.193,0.193,0.236,0.216,0.198,0.207,0.196,0.208,0.234,0.221,0.209,0.173,0.231,0.202,0.216,0.193,0.204,0.185,0.191,0.225,0.228,0.220,0.096,0.077,0.057,0.059,0.084,0.076,0.074,0.075,0.053,0.080,0.009,0.012,0.023,0.026,0.012,0.018,0.001,0.111,0.002,0.001,0.177,0.003,0.001,0.104,0.002,0.003,0.001,0.002,0.005,0.244,0.002,0.001,0.001,0.003,0.004,0.003,0.001,0.002,0.001,0.001,0.001,0.000,0.004,0.001,0.002,0.003,0.003,0.001,0.003,0.001,0.001,0.001,0.002,0.001,0.001,0.002,0.001,0.002,0.001,0.002,0.001,0.001,0.001,0.001,0.001,0.003,0.002,0.003,0.006,0.004,0.001,0.003,0.003,0.002,0.003,0.000,0.001,0.002,0.001,0.004,0.002,0.003,0.002,0.001,0.000,0.001,0.001,0.001,0.001,0.001,0.002,0.001,0.002,0.003,0.003,0.003,0.002,0.002,0.001,0.002,0.003,0.002,0.002,0.004,0.002,0.004,0.003,0.001,0.001,0.001,0.001,0.003,0.001,0.004,0.003,0.003,0.003,0.002,0.002,0.003,0.002,0.002,0.002,0.003,0.002,0.002,0.002,0.003,0.003,0.002,0.001,0.003,0.005,0.003,0.005,0.001,0.001,0.003,0.217,0.002,0.004,0.002,0.003,0.002,0.000,0.005,0.203,0.001,0.002,0.001,0.003,0.007,0.225,0.213,0.003,0.002,0.003,0.002,0.001,0.001,0.002,0.192,0.240,0.002,0.003,0.006,0.226,0.214,0.003,0.002,0.002,0.003,0.001,0.002,0.004,0.192,0.188,0.001,0.002,0.004,0.003,0.002,0.002,0.205,0.001,0.002,0.003,0.003,0.003,0.212,0.002,0.002,0.002,0.002,0.003,0.002,0.002,0.001,0.002,0.001,0.001,0.004,0.005,0.003,0.002,0.006,0.004,0.002,0.002,0.003,0.007,0.003,0.002,0.006,0.003,0.001,0.001,0.002,0.001,0.001,0.004,0.002,0.001,0.003,0.003,0.003,0.001,0.005,0.002,0.002,0.004,0.002,0.000,0.003,0.002,0.001,0.001,0.002,0.000,0.004,0.001,0.001,0.001,0.001,0.002,0.001,0.001,0.002,0.004,0.004,0.001,0.002,0.005,0.003,0.002,0.006,0.002,0.003,0.069,0.193,0.206,0.200,0.216,0.206,0.225,0.179,0.002,0.004,0.005,0.007,0.002,0.005,0.003,0.002,0.177,0.168,0.159,0.130,0.191,0.125,0.165,0.004,0.003,0.003,0.006,0.003,0.004,0.003,0.004,0.002,0.002,0.006,0.004,0.002,0.002,0.002,0.243,0.125,0.197,0.077,0.209,0.223,0.144,0.227,0.043,0.036,0.042,0.055,0.042,0.033,0.049,0.044,0.022,0.040,0.032,0.046,0.046,0.043,0.043,0.032,0.045,0.053,0.061,0.077,0.013,0.026,0.008,0.019,0.011,0.010,0.004,0.005,0.009,0.003,0.004,0.008,0.003,0.002,0.002,0.002,0.230,0.001,0.003,0.101,0.110,0.002,0.005,0.005,0.005,0.008,0.004,0.005,0.004,0.072,0.118,0.152,0.146,0.151,0.129,0.125,0.150,0.122,0.106,0.117,0.130,0.131,0.134,0.168,0.136,0.135,0.074,0.095
EGAN00001279046,0.064,0.076,0.098,0.057,0.083,0.099,0.007,0.045,0.055,0.041,0.033,0.039,0.042,0.034,0.048,0.044,0.044,0.041,0.034,0.035,0.048,0.035,0.046,0.020,0.031,0.039,0.039,0.036,0.037,0.041,0.042,0.038,0.040,0.036,0.003,0.005,0.004,0.003,0.003,0.004,0.063,0.079,0.211,0.211,0.193,0.204,0.190,0.233,0.224,0.204,0.206,0.193,0.199,0.240,0.216,0.206,0.222,0.221,0.229,0.210,0.217,0.234,0.189,0.191,0.227,0.231,0.235,0.083,0.070,0.061,0.063,0.076,0.071,0.073,0.070,0.061,0.067,0.012,0.014,0.020,0.025,0.010,0.018,0.001,0.109,0.001,0.001,0.198,0.003,0.001,0.103,0.002,0.002,0.002,0.002,0.003,0.238,0.002,0.001,0.002,0.001,0.002,0.001,0.001,0.002,0.002,0.004,0.002,0.000,0.002,0.001,0.002,0.004,0.002,0.001,0.005,0.003,0.002,0.000,0.002,0.001,0.001,0.004,0.001,0.002,0.002,0.002,0.001,0.002,0.001,0.002,0.002,0.004,0.003,0.005,0.005,0.004,0.002,0.002,0.004,0.003,0.001,0.000,0.002,0.002,0.002,0.004,0.001,0.004,0.002,0.001,0.001,0.001,0.002,0.002,0.001,0.001,0.002,0.002,0.000,0.003,0.002,0.002,0.002,0.002,0.002,0.003,0.004,0.002,0.002,0.001,0.001,0.005,0.003,0.001,0.001,0.002,0.001,0.003,0.001,0.003,0.001,0.003,0.005,0.001,0.002,0.003,0.001,0.003,0.000,0.001,0.002,0.001,0.001,0.003,0.003,0.003,0.001,0.005,0.004,0.003,0.003,0.003,0.001,0.004,0.185,0.003,0.003,0.001,0.002,0.003,0.001,0.006,0.207,0.002,0.002,0.001,0.004,0.003,0.221,0.238,0.003,0.002,0.002,0.001,0.002,0.002,0.003,0.182,0.224,0.005,0.003,0.003,0.221,0.219,0.003,0.002,0.004,0.002,0.001,0.001,0.003,0.218,0.189,0.001,0.003,0.002,0.005,0.001,0.002,0.222,0.002,0.003,0.004,0.003,0.002,0.224,0.002,0.003,0.002,0.003,0.003,0.004,0.003,0.003,0.003,0.001,0.001,0.004,0.002,0.003,0.001,0.003,0.002,0.002,0.006,0.003,0.004,0.002,0.003,0.006,0.003,0.003,0.004,0.002,0.002,0.001,0.003,0.003,0.001,0.002,0.001,0.002,0.003,0.002,0.002,0.001,0.002,0.002,0.000,0.002,0.004,0.000,0.002,0.003,0.001,0.003,0.001,0.001,0.001,0.002,0.002,0.002,0.002,0.003,0.005,0.005,0.001,0.001,0.004,0.004,0.002,0.005,0.003,0.003,0.064,0.205,0.219,0.204,0.221,0.199,0.226,0.178,0.003,0.003,0.007,0.003,0.004,0.003,0.003,0.003,0.174,0.174,0.162,0.138,0.205,0.114,0.154,0.004,0.004,0.002,0.002,0.004,0.003,0.002,0.001,0.002,0.002,0.005,0.004,0.002,0.003,0.002,0.262,0.111,0.192,0.085,0.197,0.220,0.158,0.231,0.040,0.024,0.040,0.053,0.035,0.034,0.033,0.045,0.028,0.036,0.025,0.039,0.052,0.048,0.037,0.035,0.051,0.051,0.054,0.067,0.010,0.017,0.010,0.018,0.012,0.009,0.003,0.005,0.005,0.002,0.002,0.007,0.002,0.001,0.001,0.003,0.248,0.000,0.004,0.114,0.118,0.003,0.005,0.005,0.006,0.005,0.003,0.002,0.005,0.061,0.129,0.158,0.163,0.168,0.143,0.152,0.167,0.124,0.119,0.142,0.141,0.124,0.139,0.177,0.140,0.146,0.082,0.097
EGAN00001279047,0.055,0.069,0.095,0.059,0.091,0.106,0.007,0.050,0.065,0.045,0.036,0.044,0.037,0.031,0.047,0.041,0.038,0.048,0.035,0.039,0.045,0.038,0.036,0.021,0.035,0.042,0.040,0.041,0.053,0.038,0.042,0.037,0.034,0.033,0.005,0.005,0.005,0.005,0.004,0.004,0.065,0.074,0.210,0.203,0.192,0.203,0.198,0.232,0.216,0.207,0.218,0.193,0.186,0.216,0.217,0.206,0.202,0.238,0.228,0.239,0.233,0.229,0.195,0.189,0.229,0.214,0.231,0.098,0.076,0.075,0.065,0.075,0.072,0.089,0.067,0.068,0.063,0.011,0.013,0.015,0.024,0.019,0.018,0.001,0.115,0.001,0.001,0.223,0.004,0.002,0.107,0.001,0.002,0.001,0.002,0.005,0.227,0.002,0.001,0.001,0.003,0.003,0.003,0.001,0.003,0.003,0.001,0.001,0.001,0.002,0.002,0.003,0.005,0.002,0.001,0.004,0.002,0.002,0.001,0.004,0.001,0.002,0.003,0.001,0.002,0.002,0.003,0.001,0.001,0.002,0.003,0.002,0.007,0.004,0.005,0.005,0.005,0.001,0.003,0.005,0.004,0.001,0.001,0.001,0.003,0.001,0.004,0.003,0.005,0.002,0.001,0.001,0.001,0.001,0.003,0.001,0.001,0.002,0.002,0.001,0.002,0.003,0.003,0.001,0.003,0.001,0.002,0.004,0.002,0.003,0.003,0.001,0.004,0.004,0.001,0.001,0.002,0.001,0.003,0.001,0.003,0.001,0.004,0.005,0.002,0.001,0.001,0.001,0.002,0.002,0.000,0.002,0.002,0.002,0.002,0.003,0.002,0.001,0.005,0.004,0.003,0.005,0.002,0.001,0.003,0.177,0.005,0.005,0.002,0.004,0.005,0.001,0.006,0.221,0.002,0.003,0.001,0.004,0.004,0.213,0.218,0.003,0.003,0.004,0.005,0.005,0.003,0.003,0.182,0.227,0.004,0.005,0.003,0.215,0.231,0.004,0.002,0.006,0.002,0.002,0.002,0.004,0.193,0.180,0.000,0.002,0.004,0.006,0.001,0.001,0.215,0.002,0.002,0.003,0.005,0.001,0.225,0.002,0.003,0.002,0.002,0.004,0.003,0.003,0.003,0.003,0.001,0.002,0.002,0.002,0.003,0.002,0.003,0.002,0.003,0.004,0.003,0.005,0.002,0.002,0.007,0.003,0.002,0.002,0.002,0.003,0.002,0.003,0.001,0.001,0.004,0.002,0.003,0.003,0.002,0.003,0.001,0.002,0.004,0.001,0.003,0.004,0.001,0.002,0.003,0.001,0.005,0.001,0.001,0.002,0.002,0.003,0.003,0.002,0.004,0.004,0.004,0.001,0.001,0.004,0.005,0.004,0.004,0.003,0.003,0.061,0.226,0.234,0.213,0.222,0.217,0.233,0.194,0.004,0.003,0.008,0.002,0.004,0.004,0.003,0.002,0.185,0.173,0.147,0.130,0.196,0.109,0.150,0.005,0.004,0.002,0.003,0.003,0.004,0.004,0.003,0.002,0.002,0.004,0.003,0.002,0.003,0.002,0.225,0.121,0.209,0.095,0.218,0.217,0.139,0.230,0.045,0.028,0.051,0.043,0.040,0.027,0.034,0.038,0.040,0.043,0.035,0.050,0.040,0.050,0.036,0.033,0.037,0.049,0.055,0.059,0.009,0.016,0.009,0.018,0.012,0.018,0.003,0.004,0.004,0.004,0.003,0.006,0.003,0.002,0.001,0.004,0.220,0.001,0.005,0.096,0.127,0.003,0.004,0.008,0.007,0.007,0.007,0.006,0.003,0.056,0.139,0.145,0.166,0.165,0.146,0.138,0.169,0.126,0.113,0.123,0.153,0.139,0.128,0.158,0.147,0.140,0.085,0.101
EGAN00001279048,0.063,0.069,0.086,0.065,0.085,0.116,0.007,0.044,0.064,0.040,0.045,0.043,0.048,0.036,0.058,0.039,0.035,0.049,0.045,0.044,0.043,0.039,0.036,0.027,0.033,0.043,0.028,0.038,0.049,0.035,0.042,0.050,0.040,0.025,0.004,0.005,0.003,0.004,0.003,0.004,0.067,0.066,0.202,0.203,0.178,0.182,0.190,0.212,0.203,0.183,0.222,0.186,0.191,0.206,0.219,0.182,0.210,0.213,0.232,0.203,0.217,0.213,0.185,0.181,0.215,0.211,0.228,0.091,0.069,0.073,0.065,0.082,0.063,0.066,0.057,0.054,0.079,0.012,0.017,0.013,0.021,0.015,0.018,0.001,0.114,0.001,0.001,0.208,0.003,0.002,0.100,0.001,0.002,0.002,0.002,0.004,0.217,0.002,0.001,0.003,0.002,0.004,0.003,0.001,0.005,0.002,0.001,0.001,0.000,0.003,0.002,0.002,0.004,0.003,0.001,0.003,0.001,0.002,0.001,0.005,0.001,0.002,0.003,0.001,0.003,0.002,0.001,0.001,0.002,0.002,0.003,0.001,0.004,0.004,0.004,0.006,0.006,0.001,0.003,0.003,0.003,0.001,0.000,0.001,0.002,0.001,0.005,0.003,0.004,0.001,0.001,0.001,0.002,0.002,0.002,0.001,0.000,0.003,0.003,0.000,0.002,0.003,0.001,0.001,0.003,0.001,0.003,0.002,0.002,0.003,0.002,0.002,0.004,0.003,0.001,0.001,0.002,0.001,0.004,0.001,0.004,0.002,0.003,0.004,0.004,0.001,0.002,0.002,0.002,0.002,0.001,0.002,0.002,0.002,0.005,0.004,0.003,0.001,0.003,0.007,0.004,0.005,0.003,0.001,0.004,0.195,0.003,0.004,0.001,0.002,0.003,0.001,0.006,0.201,0.002,0.003,0.001,0.005,0.004,0.206,0.198,0.004,0.002,0.004,0.004,0.003,0.003,0.003,0.163,0.223,0.005,0.003,0.003,0.211,0.223,0.003,0.001,0.004,0.003,0.001,0.002,0.004,0.178,0.174,0.000,0.002,0.004,0.003,0.001,0.002,0.216,0.002,0.002,0.003,0.004,0.001,0.220,0.001,0.002,0.002,0.003,0.002,0.004,0.002,0.001,0.004,0.002,0.003,0.002,0.003,0.003,0.002,0.003,0.003,0.002,0.004,0.004,0.005,0.002,0.002,0.007,0.003,0.003,0.003,0.002,0.002,0.001,0.001,0.002,0.001,0.002,0.003,0.002,0.003,0.002,0.000,0.002,0.002,0.003,0.001,0.004,0.003,0.001,0.001,0.003,0.000,0.004,0.001,0.001,0.002,0.002,0.002,0.002,0.001,0.002,0.004,0.004,0.001,0.001,0.005,0.003,0.003,0.005,0.003,0.003,0.066,0.196,0.229,0.206,0.202,0.200,0.222,0.180,0.003,0.005,0.005,0.005,0.003,0.004,0.004,0.004,0.178,0.171,0.166,0.124,0.188,0.112,0.160,0.003,0.004,0.003,0.003,0.005,0.002,0.003,0.003,0.001,0.003,0.004,0.005,0.003,0.002,0.002,0.198,0.114,0.195,0.091,0.194,0.175,0.147,0.215,0.042,0.034,0.041,0.046,0.046,0.026,0.036,0.037,0.028,0.038,0.023,0.048,0.036,0.048,0.043,0.033,0.044,0.043,0.050,0.061,0.011,0.018,0.012,0.016,0.014,0.011,0.002,0.005,0.004,0.004,0.004,0.007,0.002,0.003,0.001,0.006,0.225,0.001,0.002,0.114,0.128,0.003,0.006,0.008,0.006,0.006,0.005,0.004,0.006,0.053,0.142,0.155,0.160,0.163,0.133,0.136,0.168,0.151,0.123,0.139,0.137,0.139,0.144,0.169,0.161,0.129,0.093,0.090
EGAN00001279049,0.059,0.063,0.089,0.049,0.070,0.086,0.004,0.046,0.060,0.040,0.040,0.044,0.032,0.032,0.051,0.040,0.043,0.044,0.034,0.031,0.043,0.031,0.043,0.022,0.037,0.038,0.041,0.038,0.052,0.027,0.047,0.039,0.042,0.030,0.005,0.006,0.004,0.003,0.002,0.003,0.068,0.065,0.166,0.181,0.186,0.185,0.195,0.211,0.209,0.182,0.204,0.172,0.179,0.216,0.203,0.173,0.190,0.223,0.228,0.220,0.240,0.217,0.180,0.182,0.199,0.198,0.209,0.106,0.062,0.066,0.068,0.072,0.059,0.074,0.058,0.057,0.073,0.013,0.014,0.016,0.019,0.013,0.013,0.001,0.123,0.001,0.000,0.184,0.003,0.000,0.114,0.002,0.002,0.002,0.002,0.003,0.191,0.002,0.002,0.001,0.001,0.003,0.003,0.002,0.003,0.001,0.005,0.001,0.001,0.001,0.002,0.002,0.003,0.002,0.001,0.003,0.002,0.003,0.001,0.003,0.001,0.001,0.005,0.002,0.002,0.002,0.003,0.001,0.003,0.001,0.002,0.001,0.005,0.003,0.004,0.005,0.005,0.001,0.003,0.003,0.002,0.000,0.001,0.001,0.002,0.001,0.004,0.003,0.003,0.002,0.000,0.000,0.002,0.001,0.001,0.001,0.001,0.002,0.002,0.000,0.002,0.002,0.002,0.001,0.002,0.001,0.001,0.007,0.001,0.001,0.002,0.001,0.003,0.004,0.000,0.001,0.001,0.001,0.002,0.000,0.003,0.001,0.003,0.005,0.004,0.000,0.001,0.002,0.002,0.001,0.001,0.001,0.002,0.003,0.002,0.003,0.002,0.001,0.005,0.005,0.002,0.004,0.003,0.001,0.004,0.174,0.003,0.003,0.001,0.003,0.005,0.001,0.006,0.191,0.001,0.003,0.001,0.004,0.004,0.199,0.222,0.003,0.001,0.003,0.004,0.003,0.003,0.003,0.166,0.227,0.004,0.003,0.003,0.201,0.201,0.003,0.001,0.004,0.002,0.002,0.001,0.003,0.205,0.171,0.000,0.002,0.003,0.005,0.002,0.002,0.188,0.002,0.002,0.003,0.004,0.001,0.193,0.002,0.002,0.003,0.002,0.003,0.003,0.002,0.005,0.002,0.002,0.002,0.002,0.002,0.003,0.001,0.003,0.004,0.002,0.004,0.002,0.005,0.001,0.001,0.005,0.003,0.007,0.004,0.001,0.001,0.001,0.001,0.001,0.000,0.002,0.002,0.002,0.002,0.003,0.001,0.001,0.001,0.003,0.003,0.002,0.002,0.001,0.001,0.004,0.001,0.004,0.001,0.001,0.001,0.001,0.001,0.002,0.002,0.003,0.003,0.004,0.001,0.001,0.004,0.003,0.003,0.005,0.002,0.002,0.055,0.193,0.200,0.173,0.205,0.192,0.209,0.162,0.003,0.003,0.005,0.004,0.003,0.005,0.002,0.003,0.136,0.165,0.144,0.126,0.187,0.096,0.148,0.005,0.004,0.003,0.003,0.003,0.003,0.003,0.002,0.001,0.003,0.005,0.003,0.002,0.004,0.002,0.234,0.099,0.176,0.106,0.215,0.185,0.137,0.195,0.034,0.023,0.045,0.049,0.028,0.029,0.034,0.032,0.038,0.023,0.027,0.047,0.048,0.041,0.035,0.037,0.035,0.047,0.049,0.067,0.009,0.013,0.008,0.012,0.013,0.013,0.002,0.005,0.004,0.003,0.002,0.006,0.002,0.002,0.001,0.003,0.220,0.001,0.003,0.091,0.124,0.002,0.003,0.006,0.004,0.005,0.004,0.003,0.007,0.057,0.147,0.137,0.150,0.159,0.139,0.145,0.148,0.130,0.119,0.144,0.131,0.129,0.134,0.155,0.153,0.131,0.098,0.088
EGAN00001279050,0.055,0.065,0.104,0.054,0.081,0.098,0.009,0.046,0.054,0.050,0.044,0.034,0.042,0.034,0.046,0.040,0.039,0.056,0.028,0.040,0.046,0.039,0.041,0.028,0.033,0.036,0.048,0.043,0.055,0.037,0.039,0.036,0.039,0.028,0.003,0.004,0.002,0.004,0.004,0.005,0.060,0.065,0.205,0.194,0.179,0.197,0.193,0.208,0.209,0.205,0.204,0.175,0.189,0.218,0.216,0.214,0.203,0.245,0.229,0.221,0.220,0.249,0.190,0.162,0.222,0.196,0.234,0.096,0.068,0.063,0.071,0.083,0.069,0.077,0.071,0.059,0.071,0.008,0.013,0.015,0.030,0.013,0.016,0.001,0.100,0.001,0.001,0.192,0.002,0.001,0.095,0.001,0.001,0.002,0.002,0.003,0.219,0.003,0.001,0.001,0.001,0.002,0.003,0.002,0.002,0.003,0.003,0.001,0.001,0.002,0.001,0.003,0.002,0.002,0.001,0.002,0.001,0.001,0.001,0.002,0.000,0.002,0.004,0.001,0.001,0.002,0.003,0.001,0.002,0.002,0.002,0.001,0.006,0.003,0.005,0.005,0.004,0.000,0.004,0.004,0.002,0.000,0.000,0.001,0.002,0.001,0.002,0.001,0.003,0.002,0.001,0.001,0.001,0.001,0.002,0.001,0.001,0.001,0.001,0.001,0.003,0.002,0.003,0.001,0.002,0.001,0.002,0.005,0.001,0.003,0.002,0.001,0.003,0.003,0.000,0.001,0.001,0.001,0.002,0.001,0.003,0.002,0.003,0.003,0.002,0.001,0.001,0.002,0.002,0.001,0.001,0.002,0.001,0.002,0.004,0.002,0.002,0.002,0.005,0.004,0.002,0.005,0.003,0.001,0.003,0.204,0.003,0.004,0.002,0.002,0.004,0.001,0.003,0.202,0.001,0.002,0.001,0.001,0.002,0.199,0.216,0.003,0.002,0.001,0.004,0.005,0.002,0.003,0.193,0.236,0.005,0.003,0.004,0.200,0.206,0.002,0.001,0.004,0.002,0.002,0.002,0.003,0.207,0.181,0.000,0.002,0.002,0.006,0.002,0.003,0.200,0.001,0.003,0.003,0.005,0.002,0.209,0.002,0.002,0.005,0.002,0.002,0.003,0.005,0.003,0.002,0.001,0.002,0.003,0.001,0.003,0.001,0.003,0.002,0.002,0.003,0.004,0.007,0.002,0.002,0.005,0.002,0.004,0.003,0.002,0.002,0.002,0.004,0.000,0.000,0.002,0.002,0.003,0.002,0.003,0.002,0.001,0.003,0.004,0.003,0.002,0.003,0.001,0.001,0.003,0.000,0.002,0.001,0.000,0.001,0.001,0.003,0.002,0.003,0.003,0.002,0.004,0.001,0.001,0.004,0.005,0.002,0.005,0.004,0.004,0.054,0.217,0.237,0.202,0.223,0.212,0.227,0.186,0.004,0.003,0.007,0.003,0.003,0.005,0.004,0.001,0.165,0.176,0.170,0.145,0.206,0.103,0.160,0.004,0.003,0.002,0.003,0.004,0.003,0.003,0.003,0.002,0.002,0.003,0.003,0.001,0.004,0.001,0.232,0.122,0.198,0.085,0.206,0.212,0.137,0.221,0.041,0.030,0.050,0.048,0.038,0.037,0.048,0.032,0.026,0.029,0.031,0.049,0.051,0.040,0.033,0.033,0.041,0.047,0.072,0.062,0.009,0.022,0.008,0.014,0.017,0.010,0.003,0.005,0.003,0.002,0.003,0.004,0.002,0.002,0.001,0.003,0.229,0.001,0.003,0.108,0.132,0.003,0.003,0.005,0.004,0.005,0.005,0.004,0.004,0.066,0.153,0.143,0.159,0.165,0.127,0.140,0.157,0.123,0.113,0.126,0.132,0.130,0.134,0.163,0.136,0.142,0.083,0.100
EGAN00001279051,0.053,0.086,0.077,0.072,0.089,0.111,0.008,0.065,0.070,0.040,0.036,0.033,0.044,0.030,0.048,0.047,0.041,0.048,0.036,0.047,0.057,0.037,0.045,0.028,0.033,0.049,0.044,0.041,0.052,0.035,0.042,0.035,0.043,0.032,0.005,0.006,0.006,0.006,0.002,0.004,0.064,0.079,0.185,0.201,0.210,0.209,0.210,0.212,0.201,0.203,0.227,0.218,0.191,0.227,0.225,0.195,0.204,0.218,0.215,0.211,0.202,0.211,0.296,0.206,0.262,0.258,0.265,0.092,0.079,0.068,0.074,0.065,0.062,0.075,0.080,0.061,0.078,0.018,0.011,0.027,0.027,0.014,0.017,0.000,0.128,0.001,0.001,0.196,0.003,0.001,0.098,0.005,0.002,0.001,0.004,0.002,0.215,0.003,0.001,0.002,0.005,0.003,0.003,0.002,0.003,0.002,0.003,0.001,0.000,0.003,0.002,0.002,0.007,0.011,0.001,0.004,0.002,0.004,0.000,0.003,0.000,0.004,0.006,0.001,0.007,0.003,0.006,0.001,0.001,0.001,0.001,0.001,0.004,0.004,0.005,0.007,0.003,0.001,0.007,0.002,0.007,0.001,0.000,0.002,0.003,0.001,0.006,0.003,0.003,0.007,0.001,0.000,0.007,0.002,0.001,0.000,0.001,0.002,0.001,0.001,0.003,0.003,0.003,0.002,0.003,0.001,0.003,0.002,0.002,0.002,0.003,0.001,0.005,0.004,0.001,0.001,0.002,0.001,0.003,0.001,0.004,0.002,0.002,0.004,0.002,0.001,0.003,0.006,0.003,0.001,0.001,0.002,0.002,0.002,0.005,0.003,0.002,0.002,0.005,0.005,0.003,0.009,0.003,0.000,0.003,0.200,0.002,0.004,0.005,0.002,0.003,0.001,0.006,0.224,0.001,0.002,0.001,0.003,0.004,0.208,0.200,0.002,0.002,0.007,0.002,0.002,0.001,0.007,0.185,0.223,0.004,0.007,0.004,0.205,0.227,0.004,0.002,0.002,0.008,0.001,0.006,0.003,0.213,0.168,0.001,0.002,0.008,0.011,0.002,0.002,0.226,0.001,0.001,0.002,0.002,0.002,0.241,0.002,0.001,0.003,0.002,0.002,0.002,0.002,0.001,0.003,0.002,0.002,0.004,0.003,0.001,0.001,0.004,0.004,0.002,0.007,0.003,0.005,0.002,0.002,0.007,0.002,0.005,0.002,0.005,0.003,0.001,0.002,0.002,0.000,0.003,0.002,0.002,0.006,0.004,0.000,0.001,0.001,0.002,0.001,0.003,0.002,0.001,0.002,0.002,0.000,0.008,0.002,0.001,0.002,0.001,0.003,0.002,0.002,0.002,0.008,0.004,0.001,0.001,0.006,0.006,0.005,0.007,0.002,0.003,0.057,0.204,0.235,0.199,0.196,0.219,0.222,0.164,0.002,0.004,0.008,0.003,0.002,0.004,0.004,0.003,0.177,0.186,0.152,0.136,0.201,0.113,0.174,0.005,0.005,0.003,0.004,0.004,0.003,0.003,0.004,0.002,0.002,0.005,0.004,0.003,0.005,0.002,0.209,0.107,0.242,0.098,0.201,0.193,0.149,0.218,0.043,0.032,0.052,0.049,0.038,0.026,0.039,0.035,0.029,0.034,0.032,0.065,0.047,0.044,0.041,0.030,0.041,0.057,0.061,0.078,0.012,0.029,0.006,0.017,0.014,0.018,0.005,0.004,0.006,0.003,0.003,0.005,0.004,0.003,0.001,0.002,0.212,0.000,0.003,0.105,0.113,0.002,0.004,0.007,0.008,0.007,0.004,0.003,0.006,0.068,0.140,0.140,0.155,0.158,0.144,0.135,0.159,0.145,0.141,0.152,0.135,0.157,0.147,0.160,0.161,0.149,0.103,0.120
EGAN00001279052,0.073,0.075,0.090,0.058,0.110,0.108,0.007,0.049,0.073,0.043,0.038,0.056,0.039,0.042,0.056,0.046,0.046,0.048,0.042,0.035,0.053,0.042,0.041,0.026,0.034,0.044,0.040,0.037,0.056,0.033,0.046,0.044,0.037,0.038,0.006,0.006,0.004,0.004,0.002,0.003,0.068,0.073,0.217,0.197,0.189,0.199,0.203,0.227,0.232,0.220,0.202,0.199,0.168,0.235,0.226,0.202,0.213,0.221,0.210,0.208,0.205,0.180,0.207,0.215,0.262,0.263,0.246,0.082,0.069,0.060,0.078,0.077,0.072,0.071,0.064,0.062,0.089,0.015,0.014,0.019,0.024,0.012,0.016,0.001,0.109,0.002,0.001,0.194,0.003,0.001,0.103,0.003,0.003,0.002,0.001,0.004,0.227,0.003,0.003,0.002,0.002,0.003,0.002,0.002,0.003,0.002,0.005,0.002,0.001,0.004,0.003,0.002,0.004,0.002,0.002,0.004,0.003,0.002,0.001,0.003,0.002,0.001,0.006,0.001,0.002,0.003,0.002,0.001,0.001,0.002,0.003,0.002,0.006,0.004,0.005,0.005,0.006,0.002,0.003,0.004,0.004,0.002,0.000,0.002,0.004,0.002,0.005,0.002,0.004,0.001,0.001,0.001,0.002,0.001,0.003,0.001,0.001,0.002,0.003,0.002,0.002,0.004,0.003,0.003,0.003,0.002,0.002,0.006,0.002,0.003,0.002,0.002,0.005,0.004,0.001,0.001,0.003,0.001,0.007,0.001,0.004,0.002,0.003,0.005,0.002,0.002,0.003,0.001,0.002,0.001,0.002,0.003,0.003,0.004,0.004,0.002,0.003,0.001,0.005,0.006,0.003,0.005,0.003,0.002,0.003,0.195,0.004,0.004,0.002,0.003,0.004,0.001,0.006,0.214,0.002,0.003,0.001,0.003,0.004,0.227,0.239,0.003,0.003,0.001,0.002,0.002,0.002,0.004,0.181,0.242,0.007,0.005,0.005,0.207,0.221,0.003,0.003,0.003,0.003,0.001,0.002,0.004,0.207,0.194,0.001,0.002,0.004,0.006,0.002,0.002,0.211,0.003,0.002,0.004,0.004,0.003,0.228,0.001,0.004,0.002,0.002,0.003,0.005,0.001,0.004,0.002,0.002,0.000,0.001,0.003,0.003,0.003,0.004,0.002,0.004,0.005,0.003,0.005,0.003,0.002,0.003,0.003,0.005,0.004,0.002,0.002,0.002,0.003,0.003,0.001,0.004,0.004,0.002,0.002,0.003,0.002,0.002,0.003,0.002,0.001,0.003,0.004,0.000,0.001,0.003,0.000,0.004,0.000,0.001,0.002,0.003,0.003,0.002,0.002,0.004,0.004,0.005,0.000,0.002,0.005,0.005,0.003,0.007,0.003,0.003,0.063,0.203,0.215,0.207,0.205,0.186,0.234,0.168,0.002,0.003,0.007,0.005,0.003,0.005,0.002,0.003,0.193,0.168,0.171,0.121,0.213,0.120,0.186,0.006,0.005,0.004,0.005,0.004,0.003,0.004,0.003,0.003,0.003,0.006,0.005,0.002,0.004,0.001,0.233,0.112,0.203,0.092,0.219,0.202,0.135,0.222,0.040,0.031,0.040,0.070,0.040,0.034,0.034,0.048,0.026,0.028,0.027,0.051,0.064,0.043,0.042,0.035,0.060,0.052,0.060,0.073,0.017,0.018,0.010,0.028,0.012,0.014,0.004,0.005,0.005,0.003,0.004,0.006,0.003,0.002,0.002,0.005,0.231,0.001,0.004,0.104,0.142,0.004,0.005,0.009,0.009,0.005,0.006,0.003,0.007,0.071,0.125,0.141,0.150,0.164,0.142,0.136,0.172,0.127,0.113,0.146,0.139,0.149,0.138,0.163,0.166,0.149,0.084,0.108
EGAN00001279053,0.066,0.062,0.078,0.058,0.090,0.126,0.005,0.050,0.060,0.034,0.041,0.050,0.048,0.032,0.051,0.035,0.043,0.048,0.040,0.041,0.054,0.038,0.048,0.024,0.029,0.038,0.035,0.035,0.048,0.039,0.053,0.040,0.031,0.036,0.004,0.007,0.005,0.004,0.003,0.006,0.066,0.068,0.226,0.209,0.202,0.196,0.197,0.242,0.253,0.222,0.212,0.198,0.194,0.235,0.230,0.217,0.223,0.233,0.226,0.219,0.200,0.219,0.234,0.232,0.288,0.286,0.266,0.090,0.078,0.071,0.062,0.090,0.058,0.070,0.074,0.054,0.093,0.011,0.013,0.010,0.018,0.013,0.017,0.001,0.123,0.002,0.000,0.205,0.005,0.000,0.094,0.002,0.003,0.002,0.002,0.004,0.230,0.003,0.002,0.001,0.002,0.004,0.003,0.002,0.003,0.003,0.003,0.001,0.001,0.003,0.003,0.003,0.004,0.003,0.001,0.003,0.002,0.003,0.001,0.003,0.001,0.002,0.004,0.001,0.002,0.003,0.004,0.000,0.002,0.002,0.003,0.002,0.001,0.004,0.003,0.003,0.006,0.001,0.003,0.003,0.003,0.002,0.001,0.003,0.002,0.003,0.004,0.003,0.003,0.002,0.001,0.001,0.001,0.001,0.003,0.001,0.000,0.001,0.002,0.002,0.001,0.003,0.002,0.004,0.003,0.002,0.003,0.004,0.003,0.002,0.001,0.001,0.003,0.003,0.000,0.001,0.003,0.001,0.003,0.000,0.003,0.001,0.002,0.003,0.003,0.001,0.003,0.001,0.002,0.001,0.001,0.002,0.003,0.002,0.003,0.003,0.003,0.002,0.003,0.004,0.002,0.003,0.004,0.001,0.004,0.215,0.006,0.003,0.001,0.003,0.002,0.001,0.005,0.240,0.001,0.002,0.001,0.003,0.004,0.230,0.237,0.002,0.001,0.003,0.002,0.003,0.002,0.003,0.191,0.252,0.006,0.003,0.004,0.217,0.253,0.004,0.002,0.002,0.002,0.002,0.001,0.004,0.224,0.195,0.001,0.003,0.004,0.004,0.003,0.001,0.234,0.003,0.002,0.003,0.002,0.001,0.231,0.002,0.002,0.004,0.001,0.003,0.003,0.002,0.003,0.002,0.001,0.002,0.001,0.003,0.003,0.002,0.004,0.002,0.004,0.004,0.002,0.007,0.002,0.002,0.003,0.003,0.003,0.001,0.001,0.002,0.001,0.002,0.002,0.001,0.002,0.002,0.002,0.002,0.002,0.002,0.001,0.002,0.002,0.001,0.002,0.004,0.000,0.001,0.004,0.000,0.004,0.001,0.001,0.001,0.002,0.003,0.003,0.003,0.003,0.004,0.003,0.001,0.001,0.004,0.003,0.002,0.005,0.002,0.003,0.080,0.222,0.242,0.207,0.218,0.209,0.230,0.196,0.004,0.004,0.007,0.003,0.002,0.003,0.004,0.003,0.193,0.178,0.151,0.131,0.205,0.109,0.162,0.003,0.005,0.003,0.004,0.004,0.002,0.004,0.003,0.001,0.001,0.003,0.005,0.002,0.001,0.001,0.228,0.119,0.242,0.099,0.210,0.228,0.162,0.246,0.049,0.038,0.050,0.062,0.032,0.035,0.040,0.038,0.024,0.040,0.031,0.065,0.046,0.056,0.044,0.028,0.056,0.056,0.058,0.064,0.009,0.018,0.019,0.024,0.015,0.012,0.003,0.003,0.005,0.003,0.003,0.007,0.003,0.002,0.002,0.002,0.236,0.001,0.004,0.102,0.122,0.002,0.005,0.007,0.005,0.003,0.006,0.003,0.004,0.080,0.150,0.151,0.176,0.181,0.154,0.142,0.169,0.128,0.135,0.150,0.153,0.151,0.133,0.159,0.163,0.160,0.083,0.102
EGAN00001279054,0.074,0.068,0.073,0.060,0.091,0.113,0.005,0.046,0.056,0.033,0.036,0.044,0.048,0.036,0.058,0.041,0.042,0.052,0.041,0.038,0.048,0.037,0.040,0.025,0.034,0.040,0.031,0.043,0.041,0.027,0.039,0.039,0.040,0.028,0.004,0.005,0.003,0.005,0.002,0.003,0.064,0.064,0.197,0.197,0.198,0.197,0.195,0.217,0.212,0.214,0.205,0.198,0.211,0.226,0.218,0.221,0.219,0.234,0.208,0.213,0.196,0.191,0.226,0.230,0.282,0.334,0.253,0.094,0.071,0.062,0.067,0.069,0.062,0.059,0.085,0.054,0.078,0.011,0.009,0.011,0.018,0.015,0.012,0.000,0.114,0.001,0.001,0.192,0.003,0.001,0.095,0.004,0.001,0.002,0.003,0.003,0.219,0.002,0.002,0.002,0.003,0.003,0.002,0.002,0.002,0.001,0.006,0.002,0.001,0.002,0.001,0.002,0.005,0.006,0.001,0.003,0.003,0.003,0.000,0.003,0.001,0.001,0.007,0.000,0.005,0.004,0.004,0.000,0.001,0.002,0.001,0.002,0.003,0.003,0.003,0.005,0.003,0.002,0.003,0.003,0.003,0.001,0.000,0.002,0.003,0.002,0.005,0.001,0.002,0.005,0.001,0.000,0.003,0.001,0.001,0.001,0.000,0.002,0.001,0.001,0.002,0.002,0.000,0.001,0.003,0.002,0.002,0.005,0.001,0.001,0.001,0.002,0.004,0.001,0.001,0.001,0.002,0.001,0.002,0.001,0.003,0.001,0.002,0.003,0.002,0.001,0.002,0.003,0.003,0.000,0.001,0.001,0.002,0.002,0.002,0.002,0.002,0.001,0.002,0.004,0.003,0.005,0.002,0.000,0.004,0.189,0.002,0.003,0.003,0.002,0.001,0.001,0.005,0.218,0.002,0.002,0.000,0.003,0.002,0.225,0.212,0.003,0.002,0.005,0.004,0.002,0.003,0.004,0.186,0.242,0.004,0.004,0.002,0.203,0.232,0.003,0.002,0.003,0.003,0.001,0.005,0.003,0.200,0.202,0.000,0.002,0.004,0.005,0.001,0.001,0.221,0.001,0.002,0.002,0.002,0.002,0.218,0.002,0.002,0.003,0.003,0.002,0.005,0.002,0.005,0.003,0.002,0.002,0.003,0.003,0.002,0.000,0.003,0.002,0.004,0.004,0.003,0.006,0.002,0.001,0.008,0.003,0.006,0.004,0.004,0.003,0.002,0.002,0.002,0.000,0.002,0.002,0.001,0.004,0.002,0.001,0.001,0.001,0.002,0.001,0.003,0.003,0.000,0.003,0.003,0.000,0.005,0.001,0.002,0.002,0.001,0.001,0.001,0.001,0.004,0.005,0.004,0.000,0.001,0.005,0.005,0.003,0.004,0.002,0.002,0.061,0.203,0.236,0.203,0.217,0.196,0.211,0.182,0.002,0.003,0.005,0.003,0.002,0.002,0.003,0.004,0.165,0.170,0.165,0.136,0.179,0.101,0.158,0.002,0.003,0.002,0.002,0.004,0.002,0.001,0.002,0.002,0.002,0.005,0.003,0.002,0.001,0.002,0.217,0.103,0.216,0.097,0.209,0.200,0.154,0.219,0.030,0.025,0.044,0.047,0.031,0.032,0.033,0.037,0.030,0.030,0.023,0.045,0.043,0.057,0.040,0.027,0.052,0.040,0.060,0.055,0.009,0.020,0.008,0.025,0.012,0.015,0.003,0.005,0.005,0.003,0.003,0.006,0.002,0.001,0.002,0.002,0.221,0.001,0.003,0.111,0.105,0.003,0.004,0.004,0.007,0.004,0.003,0.001,0.006,0.060,0.135,0.144,0.154,0.173,0.142,0.141,0.152,0.133,0.115,0.152,0.137,0.155,0.140,0.151,0.136,0.133,0.080,0.089
EGAN00001279055,0.051,0.072,0.087,0.063,0.095,0.109,0.009,0.057,0.057,0.045,0.042,0.037,0.046,0.032,0.059,0.050,0.042,0.053,0.037,0.033,0.052,0.038,0.042,0.023,0.031,0.036,0.041,0.031,0.043,0.036,0.036,0.033,0.034,0.038,0.004,0.005,0.004,0.005,0.003,0.004,0.065,0.080,0.203,0.202,0.178,0.199,0.192,0.213,0.196,0.182,0.191,0.197,0.184,0.217,0.222,0.196,0.196,0.219,0.209,0.212,0.189,0.212,0.214,0.199,0.243,0.233,0.294,0.091,0.081,0.059,0.074,0.081,0.065,0.071,0.066,0.045,0.081,0.015,0.015,0.019,0.035,0.013,0.020,0.001,0.104,0.001,0.001,0.204,0.002,0.002,0.101,0.002,0.001,0.001,0.003,0.005,0.224,0.002,0.002,0.002,0.002,0.002,0.003,0.002,0.003,0.002,0.003,0.002,0.001,0.002,0.001,0.003,0.004,0.001,0.001,0.003,0.002,0.002,0.000,0.002,0.001,0.002,0.005,0.001,0.003,0.003,0.003,0.001,0.003,0.002,0.002,0.001,0.004,0.003,0.004,0.004,0.005,0.001,0.002,0.003,0.002,0.001,0.000,0.001,0.003,0.001,0.004,0.002,0.003,0.000,0.001,0.001,0.002,0.001,0.002,0.001,0.001,0.002,0.002,0.001,0.001,0.002,0.002,0.001,0.001,0.002,0.002,0.005,0.001,0.002,0.002,0.001,0.004,0.005,0.001,0.000,0.001,0.001,0.003,0.001,0.003,0.001,0.003,0.003,0.003,0.001,0.002,0.002,0.003,0.002,0.000,0.002,0.002,0.003,0.003,0.002,0.002,0.001,0.005,0.004,0.003,0.004,0.003,0.001,0.003,0.202,0.003,0.004,0.001,0.003,0.004,0.001,0.006,0.217,0.002,0.003,0.000,0.002,0.004,0.220,0.211,0.003,0.002,0.002,0.003,0.002,0.001,0.003,0.186,0.210,0.004,0.004,0.003,0.196,0.209,0.002,0.002,0.003,0.003,0.002,0.002,0.003,0.200,0.175,0.000,0.001,0.004,0.004,0.003,0.001,0.228,0.002,0.002,0.003,0.005,0.001,0.212,0.001,0.002,0.003,0.003,0.003,0.003,0.001,0.003,0.003,0.001,0.001,0.002,0.002,0.003,0.001,0.004,0.003,0.004,0.003,0.004,0.006,0.002,0.002,0.007,0.002,0.004,0.003,0.001,0.002,0.001,0.002,0.001,0.001,0.003,0.002,0.002,0.002,0.002,0.001,0.001,0.002,0.002,0.001,0.003,0.002,0.001,0.002,0.003,0.001,0.002,0.001,0.001,0.002,0.002,0.003,0.002,0.001,0.002,0.002,0.003,0.000,0.000,0.003,0.003,0.002,0.007,0.002,0.003,0.069,0.202,0.214,0.196,0.208,0.189,0.223,0.167,0.003,0.004,0.006,0.004,0.003,0.005,0.003,0.002,0.164,0.158,0.152,0.131,0.206,0.118,0.144,0.005,0.004,0.004,0.004,0.005,0.003,0.003,0.003,0.002,0.002,0.003,0.004,0.002,0.004,0.002,0.211,0.113,0.228,0.103,0.203,0.207,0.142,0.191,0.037,0.037,0.041,0.051,0.031,0.036,0.035,0.036,0.021,0.039,0.022,0.042,0.047,0.045,0.042,0.034,0.034,0.061,0.071,0.073,0.012,0.016,0.012,0.015,0.011,0.010,0.003,0.006,0.005,0.003,0.004,0.007,0.003,0.003,0.001,0.003,0.214,0.001,0.003,0.109,0.140,0.003,0.005,0.006,0.004,0.005,0.006,0.003,0.007,0.070,0.149,0.145,0.168,0.178,0.161,0.153,0.170,0.137,0.133,0.144,0.143,0.137,0.140,0.169,0.167,0.142,0.094,0.094
FAN-KEI-011,0.071,0.079,0.112,0.068,0.089,0.108,0.010,0.065,0.055,0.047,0.041,0.041,0.045,0.041,0.061,0.061,0.046,0.056,0.047,0.051,0.052,0.054,0.058,0.037,0.038,0.049,0.037,0.049,0.059,0.040,0.049,0.055,0.049,0.039,0.009,0.015,0.006,0.012,0.009,0.010,0.074,0.095,0.189,0.167,0.140,0.193,0.178,0.219,0.198,0.180,0.169,0.129,0.174,0.191,0.183,0.181,0.198,0.179,0.201,0.191,0.226,0.199,0.168,0.154,0.189,0.199,0.210,0.097,0.093,0.057,0.074,0.085,0.072,0.081,0.051,0.060,0.085,0.021,0.028,0.020,0.030,0.021,0.027,0.003,0.115,0.002,0.003,0.207,0.010,0.004,0.115,0.005,0.002,0.004,0.005,0.014,0.207,0.009,0.002,0.003,0.003,0.011,0.009,0.002,0.010,0.003,0.004,0.001,0.002,0.004,0.003,0.010,0.015,0.007,0.002,0.011,0.003,0.004,0.002,0.007,0.001,0.003,0.005,0.001,0.009,0.006,0.007,0.001,0.005,0.007,0.004,0.003,0.007,0.007,0.013,0.011,0.011,0.002,0.011,0.010,0.009,0.002,0.001,0.003,0.002,0.003,0.006,0.004,0.014,0.010,0.001,0.001,0.004,0.003,0.001,0.002,0.001,0.007,0.004,0.001,0.004,0.007,0.004,0.002,0.008,0.001,0.002,0.002,0.002,0.003,0.004,0.002,0.011,0.008,0.001,0.002,0.003,0.003,0.007,0.001,0.008,0.002,0.008,0.008,0.008,0.002,0.006,0.003,0.009,0.002,0.002,0.004,0.003,0.004,0.010,0.008,0.005,0.002,0.005,0.007,0.012,0.006,0.004,0.002,0.010,0.167,0.008,0.008,0.005,0.008,0.006,0.002,0.011,0.179,0.003,0.009,0.003,0.013,0.013,0.181,0.196,0.006,0.002,0.010,0.005,0.004,0.005,0.008,0.191,0.192,0.006,0.008,0.011,0.217,0.190,0.007,0.003,0.009,0.008,0.004,0.008,0.008,0.167,0.138,0.002,0.007,0.008,0.008,0.005,0.006,0.177,0.007,0.009,0.008,0.007,0.003,0.203,0.005,0.009,0.006,0.004,0.007,0.012,0.006,0.003,0.010,0.003,0.007,0.004,0.008,0.009,0.002,0.004,0.001,0.009,0.009,0.007,0.011,0.006,0.003,0.017,0.013,0.001,0.004,0.004,0.004,0.003,0.003,0.004,0.003,0.004,0.004,0.010,0.004,0.012,0.001,0.003,0.002,0.006,0.002,0.007,0.004,0.001,0.003,0.007,0.001,0.007,0.002,0.001,0.007,0.002,0.002,0.009,0.003,0.010,0.011,0.015,0.001,0.001,0.003,0.008,0.004,0.010,0.003,0.006,0.088,0.204,0.191,0.166,0.207,0.167,0.185,0.155,0.008,0.008,0.007,0.018,0.007,0.011,0.008,0.009,0.157,0.143,0.120,0.133,0.171,0.111,0.139,0.011,0.010,0.013,0.011,0.007,0.008,0.008,0.013,0.004,0.009,0.012,0.009,0.009,0.007,0.007,0.218,0.105,0.163,0.099,0.156,0.163,0.141,0.195,0.052,0.043,0.053,0.066,0.052,0.046,0.070,0.041,0.041,0.043,0.033,0.065,0.045,0.044,0.054,0.045,0.048,0.045,0.086,0.086,0.018,0.032,0.014,0.011,0.023,0.017,0.008,0.015,0.015,0.011,0.006,0.013,0.010,0.006,0.002,0.010,0.231,0.001,0.009,0.101,0.103,0.007,0.011,0.013,0.016,0.016,0.012,0.008,0.013,0.081,0.167,0.163,0.172,0.162,0.162,0.168,0.143,0.126,0.100,0.124,0.121,0.137,0.151,0.158,0.118,0.138,0.099,0.097
FAN-KEI-024,0.089,0.093,0.116,0.079,0.109,0.149,0.010,0.085,0.072,0.053,0.042,0.053,0.055,0.042,0.082,0.048,0.055,0.077,0.044,0.042,0.064,0.067,0.066,0.033,0.045,0.062,0.041,0.036,0.068,0.041,0.047,0.041,0.044,0.075,0.012,0.017,0.012,0.008,0.007,0.011,0.100,0.127,0.176,0.187,0.157,0.150,0.163,0.172,0.186,0.159,0.202,0.158,0.188,0.188,0.203,0.132,0.180,0.173,0.179,0.169,0.151,0.161,0.169,0.147,0.187,0.173,0.214,0.112,0.086,0.083,0.079,0.110,0.065,0.097,0.067,0.058,0.090,0.019,0.021,0.023,0.027,0.022,0.021,0.004,0.104,0.003,0.002,0.210,0.008,0.005,0.102,0.011,0.003,0.006,0.006,0.016,0.187,0.009,0.004,0.004,0.003,0.011,0.005,0.003,0.009,0.005,0.009,0.003,0.002,0.004,0.006,0.011,0.019,0.019,0.001,0.011,0.006,0.005,0.002,0.006,0.002,0.006,0.011,0.002,0.012,0.007,0.011,0.001,0.003,0.007,0.009,0.005,0.005,0.009,0.013,0.014,0.012,0.003,0.014,0.006,0.011,0.002,0.002,0.003,0.003,0.004,0.005,0.008,0.007,0.011,0.002,0.004,0.010,0.002,0.005,0.003,0.001,0.006,0.005,0.002,0.004,0.008,0.004,0.003,0.006,0.003,0.004,0.008,0.002,0.007,0.006,0.003,0.012,0.009,0.001,0.001,0.006,0.004,0.005,0.003,0.014,0.005,0.007,0.006,0.006,0.003,0.005,0.010,0.008,0.004,0.002,0.006,0.005,0.007,0.010,0.006,0.005,0.007,0.008,0.013,0.012,0.014,0.005,0.003,0.012,0.177,0.006,0.008,0.010,0.010,0.008,0.002,0.010,0.181,0.004,0.009,0.003,0.011,0.008,0.192,0.185,0.009,0.004,0.010,0.007,0.005,0.004,0.013,0.184,0.194,0.008,0.014,0.007,0.191,0.186,0.010,0.005,0.005,0.012,0.004,0.012,0.009,0.184,0.192,0.003,0.005,0.015,0.011,0.006,0.010,0.204,0.006,0.009,0.009,0.008,0.001,0.179,0.007,0.005,0.003,0.005,0.009,0.008,0.009,0.006,0.009,0.005,0.005,0.007,0.008,0.009,0.003,0.007,0.003,0.009,0.011,0.008,0.014,0.007,0.007,0.012,0.009,0.006,0.004,0.011,0.005,0.004,0.007,0.003,0.003,0.006,0.005,0.005,0.010,0.010,0.006,0.003,0.004,0.005,0.001,0.008,0.010,0.002,0.003,0.009,0.001,0.013,0.004,0.002,0.004,0.004,0.005,0.013,0.003,0.004,0.011,0.009,0.003,0.002,0.008,0.006,0.008,0.010,0.002,0.006,0.089,0.174,0.208,0.173,0.191,0.190,0.197,0.150,0.008,0.009,0.015,0.012,0.009,0.008,0.007,0.007,0.156,0.162,0.193,0.127,0.172,0.112,0.172,0.011,0.010,0.008,0.009,0.014,0.008,0.012,0.008,0.006,0.007,0.006,0.014,0.009,0.006,0.005,0.190,0.109,0.200,0.111,0.161,0.184,0.141,0.177,0.055,0.053,0.045,0.059,0.039,0.053,0.054,0.049,0.031,0.054,0.041,0.078,0.042,0.061,0.049,0.045,0.046,0.060,0.074,0.097,0.027,0.031,0.024,0.024,0.017,0.023,0.007,0.010,0.014,0.012,0.011,0.011,0.011,0.010,0.004,0.009,0.175,0.003,0.010,0.120,0.123,0.003,0.014,0.016,0.014,0.014,0.012,0.010,0.011,0.067,0.139,0.139,0.159,0.164,0.142,0.141,0.137,0.130,0.149,0.152,0.138,0.137,0.114,0.147,0.161,0.164,0.098,0.146
FDT-TBR-004,0.073,0.083,0.116,0.067,0.099,0.124,0.017,0.067,0.088,0.054,0.046,0.067,0.046,0.046,0.056,0.065,0.059,0.069,0.048,0.055,0.068,0.064,0.055,0.035,0.046,0.071,0.049,0.056,0.076,0.061,0.042,0.044,0.036,0.046,0.012,0.022,0.009,0.017,0.014,0.013,0.103,0.079,0.172,0.181,0.141,0.155,0.162,0.179,0.197,0.138,0.189,0.173,0.157,0.171,0.193,0.170,0.154,0.176,0.206,0.203,0.186,0.174,0.169,0.148,0.198,0.174,0.179,0.080,0.098,0.081,0.110,0.075,0.094,0.084,0.088,0.075,0.085,0.017,0.035,0.031,0.035,0.028,0.022,0.003,0.104,0.003,0.005,0.213,0.014,0.004,0.092,0.008,0.003,0.004,0.007,0.016,0.176,0.008,0.003,0.002,0.004,0.011,0.008,0.003,0.013,0.007,0.002,0.002,0.004,0.009,0.006,0.012,0.015,0.010,0.002,0.013,0.009,0.009,0.003,0.013,0.002,0.006,0.013,0.003,0.011,0.007,0.011,0.003,0.005,0.008,0.009,0.002,0.009,0.014,0.012,0.015,0.012,0.002,0.014,0.010,0.010,0.001,0.001,0.007,0.012,0.004,0.010,0.014,0.009,0.009,0.002,0.002,0.008,0.003,0.004,0.004,0.005,0.007,0.006,0.004,0.006,0.010,0.006,0.005,0.010,0.004,0.005,0.010,0.004,0.006,0.017,0.003,0.019,0.007,0.003,0.004,0.007,0.005,0.012,0.002,0.016,0.007,0.010,0.011,0.009,0.002,0.006,0.008,0.011,0.002,0.005,0.008,0.008,0.009,0.015,0.010,0.008,0.005,0.010,0.012,0.007,0.014,0.009,0.003,0.011,0.154,0.009,0.020,0.010,0.010,0.011,0.004,0.014,0.157,0.003,0.006,0.007,0.014,0.014,0.163,0.157,0.015,0.005,0.009,0.010,0.011,0.006,0.012,0.161,0.197,0.008,0.010,0.013,0.159,0.192,0.011,0.004,0.007,0.012,0.007,0.005,0.006,0.161,0.139,0.004,0.007,0.017,0.014,0.010,0.012,0.179,0.008,0.014,0.013,0.009,0.003,0.214,0.009,0.003,0.007,0.008,0.018,0.010,0.008,0.006,0.010,0.005,0.012,0.007,0.012,0.007,0.003,0.007,0.010,0.012,0.012,0.008,0.025,0.005,0.012,0.022,0.013,0.008,0.008,0.009,0.007,0.004,0.006,0.005,0.003,0.005,0.008,0.009,0.008,0.018,0.004,0.006,0.004,0.010,0.005,0.015,0.016,0.003,0.003,0.010,0.002,0.011,0.004,0.002,0.010,0.005,0.007,0.010,0.004,0.006,0.006,0.010,0.003,0.004,0.008,0.011,0.005,0.014,0.005,0.006,0.064,0.170,0.187,0.160,0.180,0.190,0.195,0.151,0.013,0.015,0.020,0.015,0.011,0.011,0.016,0.013,0.177,0.157,0.128,0.115,0.191,0.109,0.159,0.017,0.018,0.018,0.017,0.018,0.018,0.014,0.015,0.011,0.010,0.010,0.023,0.015,0.012,0.011,0.173,0.117,0.168,0.100,0.192,0.172,0.140,0.167,0.054,0.060,0.078,0.066,0.045,0.041,0.044,0.053,0.036,0.051,0.048,0.065,0.030,0.073,0.068,0.058,0.050,0.069,0.096,0.096,0.023,0.036,0.027,0.037,0.032,0.022,0.013,0.011,0.018,0.006,0.012,0.014,0.017,0.011,0.006,0.013,0.199,0.004,0.014,0.073,0.124,0.008,0.020,0.012,0.013,0.018,0.017,0.011,0.012,0.082,0.140,0.139,0.134,0.169,0.125,0.133,0.153,0.130,0.156,0.136,0.154,0.141,0.122,0.134,0.132,0.155,0.101,0.138
FLT018,0.074,0.069,0.125,0.069,0.109,0.098,0.017,0.063,0.106,0.067,0.066,0.045,0.061,0.054,0.068,0.067,0.058,0.068,0.050,0.050,0.062,0.036,0.060,0.041,0.040,0.059,0.067,0.056,0.062,0.030,0.038,0.056,0.037,0.054,0.010,0.022,0.013,0.012,0.014,0.017,0.064,0.078,0.174,0.197,0.171,0.186,0.202,0.170,0.177,0.150,0.170,0.183,0.156,0.207,0.209,0.171,0.154,0.175,0.171,0.177,0.182,0.186,0.173,0.187,0.165,0.184,0.218,0.095,0.088,0.103,0.101,0.066,0.092,0.077,0.087,0.060,0.108,0.030,0.014,0.030,0.049,0.027,0.023,0.004,0.095,0.002,0.002,0.174,0.009,0.005,0.097,0.011,0.003,0.004,0.006,0.013,0.192,0.009,0.005,0.005,0.003,0.012,0.007,0.004,0.010,0.004,0.011,0.002,0.002,0.003,0.005,0.013,0.015,0.018,0.002,0.013,0.005,0.007,0.001,0.009,0.000,0.003,0.013,0.002,0.014,0.009,0.012,0.002,0.002,0.008,0.005,0.002,0.015,0.010,0.012,0.020,0.010,0.002,0.018,0.012,0.013,0.001,0.001,0.004,0.005,0.004,0.010,0.005,0.009,0.009,0.001,0.001,0.009,0.004,0.003,0.003,0.001,0.006,0.004,0.002,0.009,0.008,0.008,0.003,0.007,0.003,0.004,0.012,0.002,0.004,0.007,0.002,0.014,0.014,0.001,0.001,0.003,0.003,0.008,0.004,0.016,0.003,0.008,0.015,0.012,0.000,0.005,0.011,0.011,0.003,0.004,0.004,0.006,0.005,0.010,0.007,0.006,0.004,0.012,0.011,0.008,0.020,0.005,0.002,0.021,0.159,0.010,0.014,0.010,0.009,0.011,0.003,0.020,0.185,0.004,0.010,0.003,0.008,0.011,0.159,0.209,0.010,0.004,0.012,0.010,0.006,0.010,0.021,0.180,0.186,0.011,0.018,0.011,0.167,0.171,0.008,0.003,0.009,0.016,0.005,0.010,0.010,0.172,0.178,0.002,0.005,0.017,0.018,0.005,0.008,0.194,0.007,0.005,0.016,0.014,0.002,0.188,0.006,0.011,0.004,0.007,0.011,0.010,0.006,0.011,0.010,0.005,0.006,0.007,0.012,0.010,0.004,0.004,0.005,0.011,0.010,0.007,0.021,0.006,0.006,0.024,0.009,0.008,0.008,0.010,0.006,0.004,0.004,0.004,0.002,0.005,0.006,0.006,0.010,0.010,0.003,0.004,0.003,0.008,0.002,0.010,0.019,0.002,0.004,0.012,0.001,0.013,0.002,0.003,0.003,0.002,0.005,0.008,0.004,0.006,0.014,0.014,0.002,0.002,0.013,0.010,0.007,0.009,0.002,0.005,0.081,0.178,0.207,0.143,0.153,0.138,0.211,0.102,0.010,0.013,0.016,0.012,0.010,0.016,0.013,0.011,0.140,0.151,0.154,0.162,0.200,0.119,0.158,0.014,0.012,0.013,0.013,0.011,0.008,0.013,0.011,0.007,0.009,0.008,0.012,0.013,0.012,0.011,0.165,0.126,0.165,0.101,0.180,0.165,0.134,0.160,0.061,0.061,0.064,0.065,0.057,0.055,0.044,0.069,0.040,0.038,0.039,0.065,0.058,0.080,0.046,0.028,0.041,0.072,0.095,0.102,0.029,0.027,0.019,0.021,0.023,0.029,0.013,0.012,0.016,0.009,0.012,0.009,0.013,0.011,0.003,0.014,0.177,0.002,0.008,0.106,0.127,0.009,0.012,0.015,0.015,0.023,0.012,0.017,0.016,0.070,0.135,0.114,0.110,0.142,0.121,0.111,0.132,0.140,0.106,0.134,0.137,0.131,0.128,0.125,0.142,0.137,0.101,0.100
FLT020,0.056,0.074,0.077,0.071,0.086,0.134,0.015,0.069,0.060,0.050,0.040,0.045,0.084,0.054,0.063,0.070,0.045,0.094,0.028,0.047,0.056,0.058,0.044,0.051,0.028,0.038,0.059,0.054,0.055,0.046,0.031,0.039,0.043,0.049,0.016,0.017,0.007,0.008,0.005,0.006,0.079,0.089,0.204,0.151,0.153,0.169,0.166,0.167,0.183,0.174,0.150,0.127,0.139,0.188,0.223,0.171,0.207,0.194,0.185,0.211,0.184,0.207,0.145,0.172,0.226,0.175,0.223,0.100,0.114,0.067,0.063,0.177,0.072,0.080,0.072,0.059,0.083,0.025,0.022,0.020,0.026,0.020,0.036,0.001,0.131,0.002,0.003,0.197,0.005,0.004,0.109,0.003,0.002,0.002,0.010,0.009,0.204,0.003,0.002,0.004,0.004,0.005,0.012,0.003,0.008,0.002,0.002,0.003,0.002,0.005,0.001,0.012,0.005,0.005,0.001,0.005,0.004,0.003,0.001,0.003,0.002,0.004,0.005,0.002,0.011,0.003,0.003,0.002,0.003,0.005,0.005,0.002,0.007,0.006,0.005,0.003,0.013,0.002,0.005,0.005,0.003,0.001,0.001,0.003,0.006,0.003,0.006,0.004,0.004,0.009,0.002,0.001,0.005,0.004,0.001,0.002,0.003,0.007,0.003,0.001,0.006,0.005,0.002,0.001,0.006,0.001,0.002,0.002,0.002,0.002,0.012,0.002,0.014,0.006,0.002,0.002,0.003,0.002,0.012,0.002,0.014,0.004,0.005,0.009,0.006,0.002,0.006,0.012,0.004,0.002,0.005,0.004,0.004,0.010,0.008,0.005,0.003,0.002,0.005,0.011,0.012,0.013,0.006,0.004,0.007,0.165,0.003,0.013,0.002,0.006,0.004,0.002,0.009,0.214,0.003,0.003,0.001,0.006,0.011,0.172,0.206,0.003,0.005,0.006,0.006,0.007,0.002,0.005,0.149,0.190,0.005,0.010,0.009,0.193,0.203,0.007,0.003,0.004,0.006,0.004,0.009,0.006,0.179,0.149,0.001,0.004,0.010,0.010,0.003,0.015,0.181,0.001,0.007,0.010,0.005,0.004,0.177,0.004,0.004,0.004,0.005,0.011,0.008,0.005,0.003,0.008,0.003,0.005,0.003,0.008,0.006,0.006,0.007,0.005,0.013,0.006,0.008,0.015,0.007,0.005,0.012,0.005,0.002,0.008,0.006,0.009,0.002,0.006,0.004,0.001,0.004,0.006,0.012,0.006,0.014,0.000,0.002,0.009,0.004,0.002,0.007,0.003,0.001,0.003,0.004,0.000,0.003,0.002,0.001,0.006,0.004,0.002,0.005,0.003,0.010,0.005,0.007,0.001,0.003,0.014,0.004,0.008,0.017,0.009,0.003,0.088,0.189,0.190,0.191,0.210,0.165,0.186,0.180,0.007,0.008,0.007,0.022,0.008,0.014,0.004,0.007,0.127,0.152,0.168,0.108,0.209,0.100,0.131,0.018,0.023,0.025,0.020,0.015,0.010,0.006,0.019,0.014,0.017,0.012,0.021,0.010,0.013,0.011,0.220,0.154,0.177,0.095,0.161,0.159,0.155,0.214,0.043,0.038,0.035,0.062,0.051,0.041,0.065,0.052,0.046,0.044,0.035,0.067,0.035,0.047,0.042,0.044,0.053,0.053,0.045,0.056,0.034,0.042,0.013,0.031,0.035,0.027,0.010,0.022,0.016,0.009,0.012,0.011,0.015,0.008,0.003,0.005,0.232,0.001,0.007,0.116,0.129,0.007,0.017,0.012,0.014,0.014,0.005,0.009,0.018,0.062,0.115,0.178,0.180,0.157,0.153,0.095,0.169,0.101,0.108,0.112,0.130,0.130,0.132,0.174,0.145,0.115,0.102,0.093
FLT022,0.080,0.088,0.084,0.086,0.127,0.103,0.018,0.059,0.082,0.062,0.038,0.067,0.059,0.048,0.077,0.062,0.057,0.055,0.067,0.060,0.067,0.064,0.052,0.050,0.039,0.057,0.068,0.048,0.049,0.045,0.041,0.059,0.053,0.036,0.018,0.025,0.006,0.009,0.007,0.009,0.098,0.094,0.162,0.165,0.162,0.183,0.156,0.154,0.186,0.159,0.161,0.179,0.145,0.155,0.188,0.160,0.190,0.188,0.184,0.163,0.148,0.173,0.139,0.167,0.147,0.160,0.184,0.089,0.069,0.085,0.088,0.076,0.082,0.110,0.097,0.089,0.095,0.024,0.028,0.051,0.036,0.032,0.027,0.002,0.094,0.004,0.003,0.152,0.010,0.003,0.083,0.012,0.005,0.005,0.012,0.008,0.200,0.007,0.003,0.003,0.003,0.008,0.010,0.003,0.009,0.003,0.006,0.002,0.001,0.010,0.004,0.013,0.020,0.015,0.003,0.023,0.005,0.003,0.003,0.020,0.001,0.003,0.006,0.002,0.012,0.007,0.012,0.004,0.003,0.004,0.003,0.003,0.009,0.003,0.009,0.011,0.014,0.005,0.011,0.004,0.011,0.005,0.001,0.005,0.003,0.004,0.006,0.007,0.006,0.010,0.000,0.001,0.011,0.003,0.004,0.003,0.004,0.002,0.005,0.003,0.006,0.008,0.008,0.006,0.010,0.003,0.003,0.007,0.003,0.004,0.015,0.004,0.012,0.009,0.000,0.002,0.006,0.002,0.010,0.001,0.008,0.004,0.006,0.013,0.009,0.000,0.008,0.011,0.008,0.005,0.002,0.005,0.007,0.005,0.009,0.012,0.007,0.002,0.009,0.006,0.006,0.023,0.003,0.001,0.010,0.170,0.009,0.009,0.010,0.006,0.013,0.003,0.010,0.147,0.003,0.011,0.004,0.015,0.010,0.154,0.159,0.005,0.001,0.016,0.008,0.009,0.003,0.013,0.177,0.219,0.006,0.021,0.008,0.170,0.162,0.007,0.003,0.006,0.011,0.004,0.009,0.005,0.180,0.151,0.002,0.006,0.019,0.017,0.006,0.010,0.172,0.008,0.004,0.010,0.008,0.004,0.217,0.005,0.004,0.006,0.004,0.018,0.005,0.005,0.007,0.006,0.003,0.007,0.004,0.016,0.009,0.002,0.007,0.003,0.015,0.010,0.004,0.018,0.008,0.002,0.036,0.011,0.006,0.009,0.008,0.005,0.003,0.003,0.004,0.002,0.003,0.007,0.011,0.008,0.009,0.002,0.004,0.002,0.008,0.004,0.010,0.010,0.001,0.003,0.008,0.002,0.013,0.001,0.002,0.003,0.003,0.003,0.005,0.004,0.010,0.014,0.009,0.001,0.004,0.005,0.009,0.006,0.009,0.005,0.006,0.070,0.190,0.180,0.171,0.183,0.177,0.217,0.128,0.007,0.017,0.021,0.019,0.013,0.015,0.013,0.015,0.149,0.161,0.152,0.116,0.187,0.109,0.140,0.028,0.026,0.029,0.019,0.023,0.018,0.008,0.034,0.010,0.013,0.011,0.021,0.016,0.020,0.013,0.166,0.149,0.174,0.104,0.166,0.196,0.139,0.176,0.064,0.039,0.059,0.076,0.042,0.039,0.063,0.055,0.047,0.050,0.046,0.051,0.059,0.074,0.041,0.036,0.063,0.072,0.085,0.082,0.022,0.054,0.034,0.032,0.025,0.028,0.009,0.016,0.024,0.011,0.013,0.010,0.018,0.009,0.005,0.013,0.197,0.002,0.009,0.087,0.093,0.010,0.024,0.019,0.023,0.030,0.020,0.011,0.030,0.093,0.128,0.115,0.135,0.141,0.116,0.096,0.130,0.117,0.105,0.087,0.112,0.114,0.123,0.133,0.130,0.116,0.102,0.104
FLT042,0.087,0.136,0.106,0.093,0.122,0.136,0.020,0.092,0.080,0.055,0.054,0.082,0.067,0.056,0.080,0.043,0.069,0.062,0.043,0.055,0.067,0.066,0.050,0.035,0.047,0.044,0.061,0.045,0.080,0.047,0.045,0.049,0.064,0.044,0.013,0.014,0.007,0.010,0.008,0.010,0.088,0.098,0.170,0.186,0.187,0.182,0.231,0.182,0.177,0.168,0.192,0.179,0.136,0.183,0.202,0.192,0.192,0.196,0.233,0.177,0.194,0.202,0.181,0.167,0.186,0.158,0.209,0.103,0.108,0.081,0.079,0.086,0.110,0.151,0.100,0.086,0.088,0.016,0.020,0.057,0.047,0.031,0.024,0.004,0.112,0.003,0.002,0.183,0.006,0.003,0.086,0.006,0.001,0.005,0.007,0.009,0.166,0.004,0.003,0.005,0.002,0.009,0.017,0.003,0.009,0.005,0.003,0.003,0.003,0.002,0.002,0.009,0.013,0.006,0.002,0.014,0.004,0.004,0.001,0.006,0.002,0.005,0.005,0.001,0.009,0.008,0.004,0.001,0.002,0.007,0.007,0.003,0.013,0.007,0.008,0.010,0.009,0.001,0.005,0.010,0.004,0.002,0.000,0.004,0.003,0.005,0.008,0.010,0.009,0.002,0.000,0.003,0.005,0.004,0.005,0.002,0.002,0.003,0.005,0.001,0.002,0.010,0.008,0.004,0.007,0.003,0.003,0.003,0.002,0.004,0.008,0.001,0.008,0.014,0.001,0.001,0.005,0.002,0.005,0.001,0.009,0.005,0.012,0.013,0.007,0.003,0.005,0.007,0.006,0.005,0.001,0.005,0.005,0.006,0.013,0.007,0.005,0.002,0.013,0.009,0.007,0.016,0.004,0.002,0.011,0.153,0.005,0.012,0.006,0.008,0.016,0.002,0.013,0.204,0.003,0.011,0.001,0.009,0.017,0.188,0.183,0.009,0.003,0.007,0.012,0.010,0.005,0.011,0.209,0.251,0.013,0.008,0.011,0.196,0.198,0.005,0.005,0.005,0.008,0.006,0.007,0.004,0.135,0.154,0.001,0.005,0.013,0.014,0.005,0.015,0.214,0.004,0.009,0.006,0.013,0.002,0.219,0.002,0.002,0.003,0.006,0.012,0.009,0.003,0.001,0.007,0.005,0.005,0.001,0.011,0.006,0.004,0.004,0.004,0.008,0.006,0.011,0.015,0.005,0.005,0.017,0.004,0.003,0.006,0.004,0.008,0.003,0.006,0.003,0.002,0.005,0.006,0.014,0.007,0.012,0.003,0.002,0.003,0.015,0.001,0.011,0.012,0.000,0.002,0.005,0.000,0.008,0.002,0.001,0.004,0.002,0.004,0.007,0.005,0.003,0.005,0.005,0.001,0.001,0.008,0.003,0.007,0.010,0.002,0.007,0.075,0.206,0.233,0.181,0.171,0.185,0.197,0.181,0.012,0.012,0.017,0.021,0.015,0.020,0.013,0.010,0.169,0.214,0.164,0.164,0.212,0.089,0.161,0.018,0.012,0.011,0.018,0.010,0.012,0.009,0.018,0.007,0.012,0.015,0.008,0.009,0.012,0.011,0.190,0.138,0.186,0.141,0.180,0.207,0.111,0.202,0.064,0.046,0.054,0.046,0.059,0.033,0.085,0.048,0.032,0.068,0.037,0.073,0.079,0.064,0.050,0.050,0.037,0.057,0.085,0.091,0.017,0.034,0.028,0.014,0.028,0.031,0.008,0.019,0.015,0.012,0.009,0.017,0.010,0.007,0.005,0.008,0.223,0.001,0.008,0.090,0.146,0.005,0.013,0.007,0.012,0.016,0.012,0.016,0.011,0.078,0.117,0.163,0.123,0.144,0.148,0.144,0.104,0.115,0.090,0.134,0.109,0.102,0.097,0.120,0.128,0.150,0.114,0.135
FLT060,0.066,0.097,0.107,0.074,0.124,0.136,0.015,0.075,0.086,0.053,0.059,0.056,0.061,0.045,0.058,0.051,0.063,0.064,0.051,0.063,0.053,0.044,0.043,0.034,0.042,0.065,0.059,0.059,0.047,0.044,0.053,0.036,0.049,0.040,0.009,0.011,0.011,0.008,0.008,0.007,0.084,0.074,0.168,0.145,0.152,0.156,0.161,0.153,0.165,0.153,0.159,0.180,0.155,0.207,0.197,0.190,0.200,0.196,0.179,0.161,0.156,0.191,0.194,0.155,0.204,0.240,0.197,0.068,0.078,0.086,0.091,0.079,0.104,0.101,0.113,0.073,0.083,0.017,0.028,0.054,0.055,0.030,0.024,0.002,0.111,0.003,0.002,0.150,0.011,0.003,0.118,0.014,0.003,0.004,0.006,0.012,0.164,0.011,0.003,0.005,0.004,0.010,0.006,0.004,0.010,0.004,0.004,0.003,0.002,0.005,0.006,0.010,0.017,0.021,0.002,0.009,0.005,0.003,0.001,0.005,0.003,0.003,0.009,0.003,0.015,0.011,0.015,0.002,0.004,0.011,0.005,0.000,0.016,0.008,0.017,0.022,0.013,0.003,0.017,0.017,0.012,0.001,0.001,0.002,0.007,0.002,0.007,0.006,0.015,0.012,0.002,0.002,0.011,0.004,0.003,0.003,0.003,0.005,0.005,0.002,0.007,0.009,0.007,0.003,0.012,0.003,0.004,0.012,0.002,0.005,0.008,0.003,0.016,0.011,0.001,0.002,0.003,0.003,0.009,0.002,0.014,0.004,0.009,0.014,0.009,0.002,0.007,0.011,0.010,0.004,0.005,0.005,0.005,0.010,0.010,0.008,0.006,0.004,0.010,0.010,0.005,0.020,0.007,0.003,0.010,0.193,0.009,0.014,0.012,0.010,0.011,0.001,0.014,0.206,0.004,0.010,0.004,0.006,0.007,0.171,0.204,0.007,0.003,0.010,0.006,0.008,0.006,0.013,0.189,0.209,0.008,0.019,0.010,0.168,0.175,0.009,0.002,0.011,0.014,0.005,0.011,0.010,0.178,0.145,0.001,0.009,0.017,0.016,0.007,0.008,0.188,0.004,0.006,0.013,0.010,0.006,0.213,0.003,0.009,0.011,0.004,0.009,0.012,0.006,0.004,0.008,0.003,0.006,0.007,0.009,0.010,0.005,0.010,0.004,0.009,0.010,0.009,0.016,0.008,0.005,0.012,0.010,0.003,0.016,0.017,0.005,0.004,0.006,0.003,0.002,0.005,0.005,0.008,0.010,0.007,0.004,0.002,0.005,0.006,0.009,0.011,0.007,0.001,0.004,0.004,0.001,0.013,0.003,0.002,0.006,0.005,0.007,0.007,0.003,0.007,0.016,0.013,0.003,0.002,0.011,0.005,0.010,0.017,0.010,0.008,0.073,0.169,0.165,0.179,0.174,0.180,0.237,0.171,0.011,0.013,0.018,0.012,0.012,0.014,0.010,0.011,0.148,0.206,0.150,0.158,0.205,0.133,0.186,0.012,0.013,0.014,0.015,0.012,0.010,0.009,0.009,0.006,0.005,0.007,0.017,0.008,0.011,0.007,0.203,0.139,0.152,0.091,0.211,0.229,0.136,0.215,0.055,0.031,0.062,0.068,0.051,0.034,0.041,0.051,0.036,0.047,0.045,0.049,0.049,0.066,0.054,0.043,0.072,0.070,0.098,0.066,0.019,0.049,0.007,0.025,0.017,0.019,0.009,0.011,0.013,0.009,0.009,0.009,0.012,0.010,0.003,0.012,0.234,0.002,0.011,0.096,0.096,0.012,0.013,0.017,0.016,0.024,0.012,0.011,0.013,0.104,0.135,0.118,0.104,0.154,0.143,0.119,0.143,0.129,0.117,0.124,0.133,0.132,0.134,0.134,0.143,0.139,0.098,0.117
FLT077,0.070,0.083,0.104,0.074,0.107,0.097,0.009,0.066,0.064,0.045,0.065,0.061,0.041,0.051,0.068,0.077,0.051,0.073,0.061,0.063,0.063,0.059,0.052,0.052,0.042,0.046,0.053,0.051,0.058,0.043,0.036,0.055,0.059,0.039,0.021,0.018,0.010,0.004,0.010,0.009,0.088,0.091,0.154,0.164,0.128,0.147,0.142,0.154,0.162,0.147,0.176,0.153,0.133,0.176,0.142,0.170,0.146,0.175,0.187,0.152,0.161,0.164,0.153,0.153,0.153,0.155,0.138,0.083,0.067,0.077,0.065,0.066,0.097,0.091,0.073,0.028,0.110,0.033,0.043,0.034,0.041,0.045,0.043,0.005,0.102,0.002,0.001,0.134,0.004,0.002,0.093,0.006,0.001,0.003,0.012,0.013,0.157,0.005,0.003,0.003,0.002,0.014,0.010,0.005,0.009,0.005,0.003,0.002,0.002,0.002,0.004,0.019,0.014,0.006,0.002,0.013,0.005,0.003,0.000,0.013,0.002,0.003,0.005,0.001,0.012,0.008,0.006,0.001,0.005,0.006,0.006,0.006,0.016,0.009,0.015,0.014,0.009,0.002,0.012,0.012,0.005,0.001,0.000,0.003,0.005,0.003,0.012,0.007,0.009,0.005,0.001,0.003,0.001,0.003,0.004,0.003,0.001,0.004,0.003,0.002,0.001,0.005,0.007,0.002,0.004,0.002,0.004,0.003,0.002,0.006,0.019,0.001,0.012,0.015,0.000,0.005,0.003,0.002,0.007,0.002,0.013,0.002,0.006,0.009,0.006,0.004,0.003,0.003,0.009,0.003,0.001,0.008,0.003,0.005,0.012,0.010,0.005,0.002,0.012,0.008,0.006,0.021,0.005,0.005,0.008,0.153,0.006,0.011,0.010,0.009,0.012,0.002,0.014,0.155,0.004,0.009,0.003,0.010,0.014,0.146,0.143,0.006,0.004,0.012,0.008,0.010,0.003,0.011,0.140,0.189,0.011,0.018,0.009,0.158,0.155,0.012,0.005,0.007,0.012,0.005,0.007,0.004,0.114,0.140,0.001,0.005,0.017,0.014,0.004,0.008,0.175,0.006,0.009,0.012,0.012,0.003,0.171,0.003,0.008,0.004,0.004,0.013,0.009,0.001,0.003,0.007,0.005,0.006,0.002,0.013,0.008,0.002,0.004,0.002,0.016,0.008,0.009,0.021,0.004,0.004,0.019,0.007,0.002,0.005,0.005,0.007,0.005,0.006,0.002,0.004,0.004,0.006,0.011,0.008,0.008,0.004,0.003,0.003,0.010,0.001,0.009,0.015,0.001,0.004,0.010,0.000,0.012,0.001,0.001,0.003,0.006,0.005,0.009,0.005,0.014,0.005,0.008,0.002,0.001,0.006,0.005,0.008,0.012,0.003,0.006,0.060,0.146,0.181,0.161,0.155,0.183,0.170,0.147,0.012,0.007,0.017,0.012,0.008,0.016,0.007,0.007,0.148,0.157,0.162,0.138,0.168,0.112,0.120,0.028,0.027,0.026,0.011,0.021,0.012,0.013,0.023,0.016,0.018,0.003,0.016,0.006,0.018,0.015,0.179,0.137,0.136,0.093,0.162,0.183,0.142,0.185,0.055,0.032,0.063,0.063,0.055,0.038,0.043,0.043,0.042,0.045,0.036,0.051,0.067,0.070,0.045,0.044,0.049,0.062,0.094,0.089,0.033,0.033,0.018,0.030,0.034,0.030,0.012,0.015,0.008,0.014,0.010,0.015,0.020,0.012,0.003,0.014,0.173,0.002,0.009,0.080,0.083,0.009,0.016,0.021,0.020,0.021,0.010,0.010,0.014,0.070,0.127,0.125,0.123,0.140,0.140,0.122,0.146,0.123,0.112,0.140,0.123,0.119,0.139,0.147,0.148,0.142,0.077,0.108
FLT078,0.084,0.102,0.102,0.084,0.109,0.121,0.014,0.075,0.094,0.063,0.082,0.074,0.048,0.063,0.080,0.051,0.055,0.066,0.053,0.045,0.061,0.055,0.077,0.051,0.036,0.061,0.068,0.089,0.044,0.047,0.077,0.054,0.053,0.043,0.020,0.016,0.010,0.006,0.014,0.010,0.096,0.104,0.167,0.164,0.175,0.169,0.124,0.223,0.214,0.163,0.168,0.156,0.179,0.226,0.184,0.174,0.199,0.170,0.157,0.198,0.181,0.173,0.171,0.192,0.230,0.191,0.218,0.105,0.089,0.072,0.099,0.080,0.093,0.087,0.077,0.096,0.045,0.023,0.025,0.036,0.033,0.028,0.034,0.002,0.086,0.004,0.000,0.169,0.004,0.003,0.093,0.010,0.005,0.002,0.015,0.014,0.187,0.005,0.002,0.003,0.001,0.011,0.010,0.004,0.008,0.004,0.005,0.002,0.001,0.006,0.004,0.011,0.017,0.016,0.002,0.012,0.001,0.003,0.003,0.007,0.001,0.002,0.007,0.001,0.009,0.006,0.010,0.000,0.006,0.007,0.002,0.002,0.008,0.006,0.012,0.018,0.009,0.003,0.013,0.013,0.009,0.005,0.000,0.003,0.003,0.005,0.015,0.007,0.013,0.008,0.001,0.001,0.007,0.002,0.004,0.002,0.002,0.009,0.002,0.003,0.001,0.010,0.005,0.005,0.005,0.001,0.001,0.007,0.002,0.001,0.012,0.001,0.012,0.008,0.000,0.000,0.004,0.002,0.005,0.001,0.012,0.003,0.006,0.005,0.007,0.000,0.006,0.008,0.006,0.003,0.004,0.001,0.006,0.007,0.010,0.007,0.003,0.002,0.007,0.008,0.007,0.017,0.006,0.003,0.011,0.169,0.005,0.010,0.010,0.006,0.006,0.001,0.014,0.178,0.002,0.014,0.002,0.011,0.017,0.189,0.207,0.005,0.002,0.016,0.008,0.010,0.003,0.011,0.183,0.193,0.005,0.021,0.014,0.172,0.186,0.008,0.003,0.007,0.018,0.005,0.008,0.004,0.161,0.171,0.002,0.011,0.014,0.010,0.006,0.004,0.212,0.008,0.008,0.010,0.012,0.005,0.206,0.005,0.010,0.003,0.003,0.017,0.008,0.006,0.007,0.009,0.004,0.004,0.005,0.008,0.007,0.004,0.009,0.003,0.014,0.006,0.005,0.024,0.006,0.003,0.024,0.007,0.004,0.004,0.008,0.004,0.000,0.007,0.000,0.001,0.003,0.008,0.007,0.007,0.008,0.001,0.001,0.006,0.005,0.001,0.005,0.007,0.002,0.003,0.004,0.000,0.013,0.000,0.001,0.006,0.004,0.003,0.008,0.001,0.018,0.011,0.008,0.002,0.003,0.010,0.004,0.007,0.014,0.004,0.006,0.096,0.182,0.177,0.156,0.197,0.176,0.193,0.135,0.007,0.014,0.007,0.010,0.007,0.008,0.016,0.006,0.198,0.146,0.152,0.118,0.185,0.144,0.160,0.018,0.022,0.026,0.020,0.016,0.014,0.011,0.028,0.019,0.018,0.010,0.016,0.013,0.014,0.023,0.193,0.123,0.183,0.103,0.186,0.178,0.135,0.198,0.060,0.052,0.063,0.113,0.054,0.042,0.067,0.047,0.040,0.045,0.047,0.071,0.067,0.050,0.053,0.042,0.070,0.103,0.079,0.084,0.037,0.040,0.044,0.031,0.035,0.020,0.011,0.018,0.009,0.007,0.008,0.015,0.015,0.010,0.003,0.015,0.212,0.000,0.002,0.083,0.103,0.011,0.011,0.017,0.018,0.020,0.012,0.011,0.017,0.094,0.147,0.146,0.129,0.140,0.117,0.129,0.158,0.118,0.108,0.143,0.150,0.144,0.147,0.136,0.158,0.123,0.105,0.118
KJG02,0.078,0.050,0.126,0.073,0.070,0.108,0.028,0.106,0.083,0.085,0.073,0.081,0.071,0.082,0.074,0.106,0.065,0.069,0.091,0.111,0.110,0.071,0.054,0.135,0.070,0.080,0.070,0.096,0.062,0.038,0.044,0.074,0.129,0.068,0.055,0.068,0.023,0.039,0.051,0.038,0.139,0.169,0.097,0.094,0.119,0.081,0.168,0.118,0.139,0.142,0.111,0.095,0.108,0.136,0.103,0.126,0.081,0.117,0.103,0.113,0.121,0.068,0.152,0.127,0.107,0.102,0.160,0.094,0.077,0.060,0.102,0.097,0.087,0.059,0.058,0.109,0.083,0.031,0.077,0.040,0.103,0.067,0.054,0.017,0.085,0.005,0.011,0.144,0.017,0.011,0.115,0.011,0.006,0.009,0.051,0.050,0.127,0.019,0.021,0.012,0.021,0.073,0.037,0.013,0.076,0.007,0.008,0.005,0.005,0.005,0.023,0.057,0.056,0.023,0.011,0.048,0.014,0.008,0.006,0.041,0.004,0.010,0.009,0.006,0.056,0.027,0.018,0.003,0.024,0.051,0.030,0.014,0.045,0.026,0.033,0.066,0.037,0.006,0.048,0.034,0.030,0.002,0.002,0.010,0.013,0.009,0.019,0.039,0.020,0.040,0.001,0.007,0.013,0.011,0.006,0.011,0.005,0.029,0.012,0.006,0.014,0.019,0.015,0.011,0.016,0.006,0.007,0.003,0.006,0.020,0.056,0.006,0.067,0.028,0.008,0.010,0.012,0.009,0.037,0.011,0.049,0.008,0.037,0.026,0.038,0.003,0.018,0.024,0.031,0.014,0.008,0.013,0.015,0.021,0.057,0.034,0.018,0.006,0.016,0.024,0.052,0.066,0.018,0.010,0.069,0.107,0.025,0.047,0.028,0.039,0.028,0.017,0.050,0.122,0.009,0.040,0.013,0.040,0.035,0.125,0.148,0.029,0.005,0.053,0.045,0.032,0.009,0.053,0.111,0.085,0.030,0.052,0.033,0.108,0.083,0.058,0.003,0.021,0.054,0.017,0.044,0.019,0.103,0.133,0.010,0.024,0.045,0.041,0.023,0.040,0.146,0.018,0.051,0.042,0.041,0.004,0.162,0.022,0.024,0.013,0.021,0.044,0.031,0.019,0.024,0.040,0.015,0.035,0.008,0.054,0.039,0.015,0.016,0.014,0.051,0.028,0.028,0.059,0.013,0.019,0.054,0.025,0.006,0.025,0.021,0.015,0.009,0.010,0.008,0.013,0.007,0.014,0.024,0.017,0.041,0.001,0.016,0.003,0.032,0.009,0.022,0.028,0.010,0.011,0.030,0.004,0.062,0.006,0.004,0.031,0.010,0.015,0.034,0.007,0.047,0.015,0.042,0.005,0.006,0.017,0.010,0.014,0.020,0.014,0.029,0.059,0.102,0.080,0.100,0.077,0.109,0.104,0.072,0.030,0.042,0.034,0.054,0.045,0.024,0.048,0.022,0.138,0.122,0.082,0.086,0.099,0.122,0.066,0.067,0.099,0.114,0.053,0.050,0.054,0.038,0.068,0.053,0.061,0.042,0.073,0.052,0.063,0.064,0.124,0.101,0.123,0.062,0.139,0.083,0.105,0.070,0.072,0.072,0.068,0.095,0.099,0.054,0.084,0.070,0.078,0.056,0.068,0.098,0.079,0.079,0.088,0.055,0.092,0.075,0.086,0.099,0.081,0.076,0.047,0.066,0.064,0.098,0.021,0.065,0.039,0.050,0.047,0.041,0.068,0.036,0.007,0.057,0.150,0.004,0.027,0.069,0.086,0.031,0.041,0.057,0.073,0.068,0.058,0.034,0.059,0.054,0.098,0.105,0.099,0.072,0.102,0.068,0.122,0.114,0.118,0.115,0.097,0.133,0.133,0.115,0.118,0.127,0.094,0.104
KJG04,0.089,0.066,0.153,0.092,0.105,0.069,0.044,0.071,0.085,0.071,0.094,0.081,0.069,0.068,0.089,0.108,0.088,0.069,0.108,0.084,0.092,0.085,0.040,0.094,0.066,0.089,0.089,0.062,0.086,0.066,0.058,0.084,0.077,0.046,0.068,0.076,0.018,0.025,0.039,0.035,0.108,0.133,0.109,0.121,0.115,0.090,0.120,0.125,0.136,0.103,0.142,0.110,0.113,0.153,0.153,0.117,0.102,0.122,0.111,0.145,0.117,0.102,0.078,0.101,0.109,0.072,0.133,0.114,0.072,0.103,0.043,0.069,0.088,0.059,0.084,0.124,0.083,0.066,0.070,0.082,0.046,0.057,0.083,0.008,0.078,0.002,0.003,0.123,0.016,0.011,0.081,0.019,0.001,0.006,0.046,0.043,0.111,0.018,0.007,0.010,0.001,0.037,0.022,0.004,0.039,0.005,0.011,0.001,0.007,0.008,0.018,0.051,0.042,0.027,0.005,0.028,0.009,0.009,0.002,0.024,0.003,0.005,0.019,0.005,0.029,0.016,0.015,0.007,0.009,0.025,0.012,0.010,0.029,0.033,0.021,0.025,0.038,0.001,0.025,0.030,0.024,0.003,0.000,0.009,0.006,0.005,0.046,0.038,0.033,0.024,0.001,0.005,0.016,0.010,0.004,0.010,0.006,0.008,0.007,0.003,0.011,0.023,0.005,0.003,0.017,0.010,0.007,0.004,0.003,0.009,0.072,0.005,0.038,0.014,0.001,0.006,0.003,0.010,0.025,0.011,0.044,0.001,0.027,0.015,0.037,0.002,0.006,0.016,0.025,0.008,0.000,0.004,0.006,0.008,0.045,0.026,0.011,0.013,0.021,0.026,0.019,0.066,0.015,0.003,0.043,0.166,0.013,0.026,0.026,0.027,0.049,0.006,0.021,0.105,0.008,0.028,0.019,0.029,0.051,0.110,0.141,0.021,0.006,0.062,0.020,0.026,0.018,0.025,0.114,0.115,0.023,0.046,0.018,0.127,0.125,0.035,0.003,0.024,0.051,0.016,0.016,0.018,0.110,0.137,0.007,0.016,0.055,0.034,0.018,0.027,0.131,0.008,0.046,0.029,0.019,0.002,0.155,0.011,0.008,0.009,0.014,0.049,0.020,0.022,0.009,0.026,0.010,0.025,0.010,0.052,0.013,0.001,0.010,0.006,0.046,0.009,0.021,0.058,0.008,0.009,0.064,0.022,0.006,0.010,0.017,0.010,0.012,0.007,0.006,0.012,0.014,0.008,0.025,0.009,0.028,0.004,0.005,0.004,0.036,0.009,0.048,0.053,0.009,0.006,0.024,0.006,0.038,0.004,0.008,0.017,0.004,0.010,0.015,0.007,0.024,0.013,0.011,0.002,0.001,0.011,0.013,0.009,0.023,0.006,0.012,0.074,0.140,0.075,0.082,0.113,0.081,0.144,0.107,0.049,0.028,0.038,0.051,0.038,0.031,0.054,0.034,0.104,0.103,0.139,0.109,0.096,0.088,0.114,0.054,0.072,0.078,0.047,0.088,0.061,0.040,0.063,0.040,0.038,0.019,0.081,0.041,0.046,0.059,0.144,0.130,0.122,0.072,0.119,0.129,0.107,0.078,0.055,0.051,0.065,0.135,0.093,0.042,0.055,0.072,0.081,0.065,0.060,0.081,0.050,0.048,0.061,0.059,0.074,0.085,0.129,0.094,0.073,0.088,0.049,0.067,0.068,0.045,0.038,0.079,0.033,0.051,0.036,0.030,0.072,0.035,0.007,0.045,0.133,0.003,0.029,0.067,0.063,0.030,0.062,0.082,0.079,0.072,0.040,0.036,0.047,0.076,0.107,0.095,0.139,0.121,0.076,0.132,0.085,0.133,0.070,0.104,0.118,0.123,0.102,0.131,0.140,0.129,0.079,0.068
KJG08,0.094,0.152,0.079,0.102,0.137,0.080,0.045,0.092,0.115,0.073,0.074,0.089,0.069,0.049,0.096,0.095,0.100,0.038,0.052,0.067,0.061,0.051,0.042,0.094,0.044,0.072,0.117,0.042,0.056,0.099,0.058,0.044,0.094,0.032,0.056,0.070,0.025,0.028,0.026,0.027,0.095,0.131,0.108,0.162,0.165,0.129,0.182,0.083,0.119,0.071,0.119,0.136,0.115,0.157,0.155,0.077,0.178,0.162,0.117,0.114,0.116,0.118,0.196,0.130,0.085,0.101,0.160,0.082,0.082,0.090,0.093,0.064,0.155,0.171,0.154,0.089,0.123,0.033,0.076,0.053,0.081,0.068,0.058,0.004,0.101,0.005,0.003,0.114,0.042,0.005,0.115,0.037,0.005,0.007,0.035,0.031,0.154,0.023,0.004,0.008,0.005,0.020,0.016,0.001,0.028,0.014,0.007,0.005,0.002,0.019,0.009,0.036,0.045,0.071,0.002,0.029,0.008,0.010,0.002,0.021,0.001,0.007,0.020,0.003,0.033,0.023,0.032,0.013,0.005,0.013,0.014,0.006,0.026,0.022,0.027,0.037,0.028,0.006,0.046,0.026,0.036,0.003,0.000,0.009,0.012,0.007,0.019,0.030,0.027,0.028,0.005,0.004,0.040,0.005,0.004,0.006,0.012,0.018,0.010,0.007,0.005,0.038,0.015,0.004,0.040,0.006,0.007,0.018,0.003,0.011,0.048,0.015,0.044,0.030,0.004,0.001,0.007,0.008,0.023,0.005,0.060,0.007,0.035,0.041,0.024,0.001,0.006,0.038,0.016,0.004,0.008,0.010,0.016,0.012,0.046,0.009,0.005,0.007,0.029,0.019,0.015,0.078,0.006,0.002,0.027,0.133,0.026,0.036,0.039,0.019,0.040,0.003,0.031,0.151,0.011,0.016,0.025,0.025,0.043,0.059,0.113,0.023,0.007,0.057,0.018,0.024,0.013,0.049,0.139,0.148,0.030,0.063,0.025,0.167,0.145,0.020,0.008,0.015,0.051,0.009,0.026,0.020,0.148,0.118,0.009,0.025,0.062,0.063,0.008,0.019,0.134,0.017,0.029,0.034,0.020,0.005,0.140,0.018,0.018,0.008,0.009,0.052,0.016,0.022,0.004,0.019,0.005,0.016,0.016,0.034,0.025,0.019,0.012,0.011,0.033,0.017,0.011,0.055,0.013,0.007,0.044,0.031,0.017,0.025,0.032,0.012,0.006,0.014,0.005,0.000,0.014,0.013,0.017,0.032,0.021,0.011,0.001,0.005,0.034,0.011,0.032,0.051,0.004,0.005,0.027,0.009,0.039,0.002,0.007,0.011,0.004,0.008,0.022,0.005,0.028,0.035,0.016,0.002,0.004,0.005,0.017,0.009,0.011,0.011,0.013,0.085,0.175,0.198,0.109,0.182,0.169,0.175,0.101,0.026,0.041,0.065,0.050,0.031,0.043,0.033,0.052,0.092,0.163,0.114,0.144,0.226,0.109,0.140,0.072,0.072,0.083,0.057,0.056,0.058,0.030,0.051,0.041,0.038,0.019,0.062,0.026,0.067,0.046,0.165,0.165,0.127,0.106,0.131,0.162,0.109,0.140,0.099,0.048,0.077,0.112,0.054,0.030,0.056,0.043,0.054,0.065,0.046,0.073,0.097,0.027,0.059,0.054,0.054,0.126,0.070,0.106,0.051,0.095,0.050,0.039,0.058,0.050,0.030,0.043,0.060,0.017,0.028,0.025,0.062,0.020,0.010,0.030,0.224,0.008,0.026,0.098,0.117,0.035,0.036,0.050,0.060,0.055,0.028,0.027,0.044,0.106,0.128,0.156,0.069,0.090,0.146,0.114,0.156,0.132,0.119,0.132,0.119,0.082,0.154,0.164,0.150,0.114,0.155,0.128
KJG18,0.064,0.136,0.070,0.056,0.137,0.110,0.048,0.102,0.117,0.126,0.111,0.042,0.079,0.064,0.060,0.136,0.079,0.109,0.054,0.079,0.064,0.064,0.054,0.055,0.042,0.057,0.079,0.072,0.064,0.043,0.038,0.056,0.065,0.079,0.022,0.034,0.035,0.018,0.049,0.035,0.102,0.060,0.110,0.114,0.136,0.144,0.167,0.110,0.088,0.093,0.104,0.142,0.129,0.175,0.134,0.105,0.149,0.148,0.136,0.130,0.107,0.170,0.139,0.124,0.102,0.104,0.223,0.084,0.067,0.074,0.109,0.061,0.083,0.100,0.116,0.086,0.080,0.060,0.033,0.066,0.073,0.038,0.069,0.009,0.110,0.002,0.005,0.160,0.019,0.011,0.080,0.009,0.001,0.003,0.030,0.027,0.154,0.027,0.008,0.006,0.012,0.032,0.016,0.009,0.046,0.003,0.005,0.001,0.005,0.003,0.014,0.032,0.035,0.012,0.006,0.027,0.007,0.008,0.004,0.021,0.001,0.006,0.008,0.005,0.034,0.016,0.012,0.001,0.013,0.029,0.020,0.008,0.032,0.016,0.019,0.038,0.031,0.001,0.021,0.019,0.017,0.001,0.001,0.005,0.009,0.002,0.026,0.013,0.019,0.021,0.002,0.001,0.008,0.004,0.005,0.005,0.003,0.025,0.007,0.007,0.010,0.026,0.018,0.004,0.014,0.001,0.001,0.010,0.003,0.004,0.023,0.001,0.029,0.030,0.002,0.003,0.005,0.001,0.019,0.006,0.040,0.007,0.018,0.026,0.015,0.003,0.008,0.019,0.019,0.006,0.004,0.006,0.005,0.006,0.029,0.020,0.011,0.007,0.022,0.014,0.028,0.029,0.011,0.003,0.036,0.094,0.019,0.030,0.026,0.029,0.022,0.002,0.023,0.150,0.002,0.037,0.010,0.036,0.036,0.104,0.190,0.020,0.003,0.032,0.018,0.022,0.012,0.024,0.109,0.132,0.014,0.017,0.012,0.123,0.123,0.026,0.003,0.009,0.035,0.009,0.026,0.017,0.105,0.106,0.004,0.015,0.031,0.019,0.010,0.020,0.156,0.008,0.021,0.011,0.019,0.000,0.159,0.017,0.008,0.013,0.007,0.027,0.022,0.008,0.015,0.026,0.005,0.027,0.003,0.051,0.024,0.005,0.011,0.004,0.025,0.015,0.017,0.036,0.008,0.008,0.042,0.014,0.001,0.013,0.016,0.011,0.007,0.004,0.003,0.008,0.010,0.013,0.020,0.015,0.029,0.006,0.001,0.002,0.015,0.003,0.021,0.011,0.000,0.006,0.019,0.000,0.026,0.001,0.003,0.032,0.006,0.004,0.033,0.004,0.010,0.018,0.021,0.003,0.002,0.006,0.009,0.008,0.021,0.011,0.015,0.058,0.139,0.177,0.117,0.188,0.122,0.155,0.103,0.020,0.026,0.038,0.020,0.025,0.024,0.034,0.013,0.118,0.139,0.119,0.149,0.186,0.108,0.091,0.043,0.027,0.044,0.048,0.029,0.028,0.025,0.049,0.023,0.023,0.017,0.044,0.025,0.037,0.024,0.137,0.113,0.117,0.070,0.175,0.146,0.076,0.137,0.051,0.057,0.068,0.066,0.074,0.059,0.063,0.047,0.038,0.056,0.043,0.051,0.059,0.069,0.062,0.066,0.058,0.076,0.118,0.095,0.052,0.034,0.050,0.033,0.036,0.041,0.022,0.036,0.030,0.058,0.027,0.026,0.018,0.024,0.007,0.026,0.144,0.003,0.022,0.102,0.125,0.013,0.026,0.022,0.043,0.048,0.030,0.019,0.027,0.067,0.078,0.083,0.093,0.087,0.088,0.069,0.104,0.094,0.128,0.088,0.090,0.082,0.088,0.086,0.117,0.146,0.101,0.132
KJG25,0.067,0.073,0.107,0.121,0.101,0.082,0.039,0.081,0.085,0.051,0.058,0.081,0.063,0.086,0.086,0.058,0.093,0.057,0.052,0.081,0.072,0.077,0.049,0.061,0.055,0.057,0.055,0.063,0.126,0.049,0.054,0.050,0.083,0.051,0.043,0.048,0.021,0.068,0.038,0.047,0.080,0.082,0.110,0.116,0.092,0.104,0.118,0.110,0.104,0.127,0.102,0.093,0.081,0.149,0.130,0.133,0.098,0.085,0.150,0.125,0.101,0.104,0.101,0.085,0.106,0.123,0.114,0.084,0.072,0.081,0.081,0.064,0.101,0.094,0.085,0.127,0.087,0.059,0.057,0.065,0.053,0.056,0.046,0.003,0.096,0.007,0.003,0.178,0.018,0.005,0.092,0.035,0.002,0.003,0.022,0.034,0.113,0.013,0.002,0.006,0.010,0.026,0.026,0.007,0.018,0.008,0.006,0.006,0.007,0.013,0.013,0.028,0.049,0.050,0.004,0.034,0.002,0.012,0.000,0.042,0.001,0.003,0.020,0.008,0.023,0.015,0.023,0.007,0.021,0.018,0.018,0.008,0.030,0.030,0.025,0.060,0.044,0.002,0.046,0.030,0.027,0.004,0.001,0.006,0.009,0.004,0.028,0.015,0.022,0.024,0.007,0.005,0.029,0.007,0.007,0.005,0.006,0.013,0.002,0.001,0.011,0.015,0.007,0.002,0.012,0.004,0.006,0.010,0.003,0.006,0.040,0.010,0.042,0.021,0.003,0.007,0.002,0.011,0.041,0.006,0.031,0.008,0.025,0.035,0.019,0.005,0.004,0.033,0.012,0.005,0.010,0.011,0.008,0.013,0.027,0.015,0.007,0.010,0.016,0.018,0.032,0.047,0.018,0.002,0.032,0.120,0.015,0.041,0.029,0.029,0.024,0.007,0.033,0.190,0.006,0.024,0.019,0.023,0.021,0.081,0.116,0.013,0.007,0.036,0.031,0.030,0.007,0.040,0.150,0.104,0.026,0.051,0.019,0.111,0.136,0.024,0.006,0.022,0.053,0.009,0.024,0.018,0.133,0.092,0.006,0.009,0.052,0.032,0.011,0.038,0.110,0.011,0.027,0.035,0.037,0.001,0.131,0.015,0.018,0.003,0.022,0.033,0.021,0.030,0.012,0.021,0.011,0.019,0.012,0.072,0.010,0.015,0.023,0.014,0.034,0.022,0.017,0.040,0.006,0.022,0.035,0.027,0.011,0.019,0.039,0.024,0.004,0.005,0.003,0.001,0.018,0.016,0.031,0.024,0.023,0.002,0.003,0.006,0.018,0.008,0.024,0.033,0.004,0.005,0.040,0.005,0.036,0.005,0.004,0.016,0.013,0.004,0.016,0.007,0.021,0.024,0.025,0.005,0.007,0.024,0.013,0.010,0.016,0.015,0.007,0.080,0.187,0.171,0.080,0.143,0.098,0.166,0.134,0.026,0.042,0.053,0.035,0.040,0.046,0.036,0.029,0.128,0.091,0.101,0.084,0.125,0.135,0.098,0.043,0.049,0.066,0.045,0.036,0.048,0.026,0.063,0.034,0.031,0.017,0.046,0.031,0.036,0.028,0.119,0.132,0.131,0.130,0.094,0.115,0.129,0.106,0.081,0.067,0.087,0.093,0.086,0.041,0.065,0.054,0.050,0.107,0.087,0.078,0.049,0.038,0.086,0.050,0.038,0.075,0.108,0.082,0.038,0.080,0.060,0.090,0.060,0.040,0.028,0.020,0.037,0.046,0.031,0.017,0.022,0.033,0.005,0.052,0.110,0.003,0.009,0.101,0.079,0.026,0.054,0.040,0.055,0.063,0.072,0.039,0.056,0.100,0.111,0.130,0.116,0.121,0.131,0.092,0.139,0.141,0.109,0.099,0.102,0.147,0.112,0.098,0.127,0.151,0.118,0.102
KJG32,0.092,0.086,0.082,0.097,0.047,0.073,0.030,0.038,0.062,0.047,0.075,0.032,0.055,0.042,0.072,0.094,0.097,0.038,0.054,0.075,0.053,0.051,0.061,0.082,0.044,0.065,0.070,0.063,0.089,0.056,0.037,0.033,0.061,0.036,0.024,0.032,0.006,0.046,0.037,0.035,0.099,0.078,0.171,0.129,0.123,0.155,0.179,0.140,0.179,0.143,0.156,0.129,0.150,0.130,0.114,0.126,0.123,0.133,0.120,0.133,0.088,0.107,0.104,0.098,0.118,0.083,0.150,0.093,0.064,0.057,0.060,0.104,0.073,0.062,0.054,0.102,0.088,0.038,0.070,0.051,0.076,0.038,0.051,0.014,0.111,0.006,0.002,0.115,0.016,0.005,0.062,0.011,0.003,0.011,0.027,0.020,0.154,0.009,0.002,0.005,0.005,0.022,0.012,0.004,0.021,0.012,0.004,0.001,0.005,0.008,0.003,0.033,0.033,0.021,0.004,0.016,0.017,0.009,0.001,0.017,0.002,0.005,0.012,0.001,0.028,0.014,0.012,0.005,0.007,0.014,0.012,0.013,0.006,0.017,0.014,0.030,0.043,0.004,0.019,0.016,0.009,0.002,0.002,0.005,0.004,0.011,0.029,0.017,0.020,0.011,0.004,0.011,0.007,0.008,0.009,0.005,0.004,0.009,0.004,0.000,0.002,0.014,0.007,0.010,0.013,0.015,0.017,0.004,0.000,0.009,0.031,0.004,0.023,0.023,0.000,0.011,0.008,0.008,0.014,0.003,0.029,0.006,0.016,0.012,0.021,0.007,0.002,0.024,0.022,0.005,0.007,0.013,0.007,0.004,0.028,0.010,0.017,0.005,0.018,0.019,0.014,0.035,0.011,0.012,0.018,0.181,0.012,0.021,0.014,0.022,0.018,0.005,0.022,0.174,0.007,0.019,0.010,0.017,0.026,0.123,0.112,0.015,0.008,0.019,0.022,0.016,0.012,0.022,0.135,0.126,0.023,0.020,0.016,0.143,0.148,0.017,0.013,0.006,0.036,0.012,0.010,0.011,0.139,0.119,0.005,0.008,0.022,0.011,0.015,0.028,0.152,0.014,0.017,0.022,0.017,0.003,0.136,0.009,0.012,0.005,0.004,0.028,0.009,0.003,0.009,0.016,0.011,0.009,0.002,0.031,0.013,0.004,0.011,0.010,0.031,0.019,0.007,0.046,0.003,0.014,0.023,0.011,0.008,0.011,0.008,0.005,0.007,0.015,0.001,0.010,0.003,0.006,0.019,0.020,0.025,0.007,0.012,0.009,0.011,0.003,0.020,0.027,0.004,0.005,0.030,0.000,0.015,0.005,0.000,0.008,0.012,0.012,0.022,0.013,0.025,0.007,0.007,0.004,0.005,0.007,0.008,0.007,0.019,0.004,0.015,0.097,0.142,0.145,0.125,0.135,0.165,0.145,0.140,0.024,0.017,0.026,0.028,0.022,0.012,0.017,0.020,0.113,0.109,0.164,0.150,0.156,0.146,0.110,0.047,0.038,0.041,0.032,0.023,0.021,0.021,0.024,0.025,0.029,0.005,0.026,0.023,0.026,0.028,0.164,0.133,0.142,0.063,0.133,0.162,0.088,0.147,0.057,0.017,0.072,0.067,0.070,0.053,0.099,0.057,0.061,0.054,0.051,0.055,0.066,0.046,0.075,0.024,0.036,0.059,0.094,0.064,0.058,0.057,0.023,0.059,0.060,0.029,0.026,0.039,0.024,0.038,0.033,0.029,0.027,0.025,0.009,0.016,0.148,0.003,0.024,0.068,0.126,0.019,0.030,0.028,0.046,0.022,0.042,0.027,0.040,0.074,0.101,0.093,0.109,0.124,0.050,0.093,0.136,0.083,0.084,0.102,0.086,0.082,0.063,0.114,0.112,0.109,0.074,0.088
LP6005441-DNA_A01,0.003,0.026,0.062,0.061,0.052,0.050,0.069,0.036,0.078,0.066,0.031,0.009,0.035,0.055,0.017,0.114,0.054,0.095,0.093,0.125,0.098,0.073,0.086,0.052,0.067,0.060,0.071,0.103,0.090,0.023,0.097,0.072,0.078,0.056,0.107,0.101,0.024,0.068,0.104,0.083,0.057,0.106,0.073,0.066,0.060,0.077,0.072,0.028,0.067,0.072,0.053,0.029,0.041,0.016,0.043,0.057,0.032,0.066,0.073,0.075,0.036,0.045,0.010,0.032,0.060,0.015,0.072,0.100,0.095,0.055,0.082,0.017,0.048,0.081,0.047,0.102,0.042,0.112,0.064,0.027,0.095,0.022,0.114,0.000,0.039,0.061,0.068,0.059,0.159,0.100,0.033,0.128,0.031,0.091,0.019,0.092,0.066,0.127,0.033,0.104,0.047,0.082,0.056,0.084,0.105,0.097,0.085,0.024,0.002,0.057,0.051,0.085,0.147,0.046,0.039,0.097,0.074,0.060,0.051,0.069,0.041,0.019,0.053,0.017,0.082,0.098,0.123,0.018,0.072,0.085,0.140,0.073,0.067,0.145,0.164,0.057,0.049,0.065,0.143,0.116,0.098,0.057,0.007,0.067,0.042,0.079,0.012,0.094,0.106,0.143,0.043,0.051,0.086,0.106,0.081,0.053,0.027,0.077,0.068,0.038,0.056,0.070,0.110,0.143,0.039,0.036,0.043,0.035,0.069,0.096,0.002,0.053,0.069,0.032,0.038,0.047,0.069,0.056,0.042,0.037,0.098,0.049,0.099,0.064,0.084,0.054,0.087,0.057,0.089,0.058,0.042,0.078,0.024,0.043,0.092,0.088,0.104,0.058,0.072,0.107,0.155,0.088,0.130,0.079,0.074,0.083,0.104,0.043,0.112,0.148,0.096,0.068,0.058,0.029,0.042,0.089,0.055,0.151,0.096,0.069,0.054,0.159,0.031,0.081,0.144,0.117,0.106,0.152,0.024,0.014,0.135,0.019,0.119,0.065,0.002,0.031,0.096,0.149,0.130,0.088,0.185,0.095,0.034,0.069,0.046,0.080,0.102,0.195,0.075,0.029,0.075,0.145,0.102,0.098,0.148,0.009,0.042,0.111,0.064,0.040,0.035,0.063,0.061,0.016,0.077,0.081,0.057,0.093,0.023,0.051,0.146,0.029,0.023,0.045,0.080,0.056,0.072,0.070,0.065,0.048,0.077,0.114,0.018,0.065,0.076,0.034,0.066,0.058,0.081,0.101,0.022,0.085,0.038,0.105,0.080,0.065,0.092,0.092,0.130,0.027,0.071,0.082,0.025,0.040,0.085,0.009,0.097,0.039,0.028,0.035,0.061,0.094,0.140,0.159,0.055,0.084,0.108,0.067,0.053,0.051,0.035,0.047,0.062,0.022,0.055,0.094,0.051,0.072,0.042,0.033,0.045,0.042,0.024,0.090,0.074,0.056,0.077,0.071,0.038,0.058,0.053,0.078,0.081,0.074,0.054,0.079,0.059,0.010,0.082,0.063,0.081,0.112,0.060,0.052,0.088,0.092,0.046,0.044,0.029,0.074,0.083,0.032,0.077,0.043,0.052,0.088,0.011,0.060,0.050,0.033,0.038,0.092,0.061,0.121,0.093,0.094,0.074,0.099,0.052,0.092,0.061,0.093,0.059,0.027,0.113,0.060,0.034,0.073,0.060,0.104,0.043,0.075,0.034,0.068,0.023,0.100,0.089,0.048,0.100,0.074,0.087,0.107,0.042,0.130,0.098,0.075,0.143,0.036,0.028,0.177,0.056,0.083,0.088,0.047,0.088,0.072,0.058,0.073,0.104,0.084,0.051,0.026,0.039,0.026,0.045,0.031,0.085,0.038,0.048,0.052,0.085,0.109,0.032,0.057,0.050,0.061,0.011,0.030,0.047
LP6005441-DNA_A03,0.062,0.057,0.069,0.038,0.060,0.074,0.006,0.046,0.047,0.025,0.036,0.030,0.037,0.032,0.039,0.039,0.039,0.034,0.026,0.030,0.034,0.023,0.027,0.024,0.020,0.030,0.020,0.029,0.036,0.018,0.028,0.027,0.026,0.026,0.004,0.004,0.004,0.004,0.003,0.003,0.050,0.051,0.138,0.148,0.126,0.128,0.145,0.167,0.165,0.155,0.145,0.122,0.126,0.148,0.143,0.138,0.131,0.133,0.135,0.139,0.148,0.119,0.136,0.116,0.147,0.138,0.136,0.065,0.052,0.045,0.043,0.062,0.044,0.050,0.048,0.043,0.040,0.010,0.012,0.014,0.022,0.015,0.019,0.001,0.161,0.001,0.000,0.138,0.003,0.003,0.181,0.004,0.002,0.002,0.002,0.007,0.171,0.003,0.001,0.001,0.006,0.004,0.003,0.002,0.002,0.001,0.001,0.001,0.000,0.003,0.002,0.004,0.005,0.006,0.001,0.003,0.002,0.003,0.000,0.002,0.001,0.002,0.001,0.000,0.004,0.003,0.005,0.001,0.001,0.002,0.003,0.002,0.001,0.002,0.004,0.006,0.003,0.001,0.005,0.005,0.005,0.000,0.000,0.001,0.002,0.001,0.005,0.002,0.004,0.006,0.000,0.001,0.004,0.001,0.002,0.001,0.000,0.004,0.001,0.002,0.002,0.002,0.000,0.002,0.004,0.002,0.002,0.001,0.001,0.002,0.003,0.001,0.003,0.002,0.000,0.001,0.002,0.001,0.001,0.002,0.003,0.001,0.002,0.003,0.001,0.001,0.002,0.003,0.002,0.001,0.001,0.004,0.001,0.004,0.002,0.002,0.003,0.001,0.002,0.003,0.005,0.005,0.003,0.001,0.002,0.132,0.003,0.003,0.005,0.002,0.002,0.001,0.005,0.151,0.002,0.002,0.001,0.003,0.002,0.152,0.160,0.003,0.001,0.005,0.003,0.002,0.002,0.005,0.123,0.146,0.003,0.006,0.002,0.155,0.173,0.001,0.002,0.002,0.004,0.002,0.007,0.003,0.146,0.125,0.001,0.002,0.006,0.007,0.001,0.004,0.144,0.002,0.003,0.003,0.003,0.001,0.141,0.003,0.003,0.003,0.001,0.003,0.006,0.002,0.001,0.003,0.002,0.002,0.002,0.005,0.004,0.001,0.001,0.004,0.004,0.004,0.002,0.009,0.002,0.002,0.004,0.004,0.003,0.002,0.006,0.003,0.002,0.002,0.001,0.001,0.002,0.001,0.003,0.004,0.003,0.002,0.001,0.001,0.002,0.001,0.003,0.004,0.000,0.001,0.006,0.000,0.003,0.001,0.001,0.002,0.002,0.002,0.002,0.003,0.003,0.006,0.005,0.001,0.001,0.003,0.003,0.003,0.005,0.001,0.001,0.062,0.165,0.160,0.142,0.142,0.142,0.142,0.131,0.006,0.003,0.005,0.005,0.004,0.003,0.002,0.003,0.120,0.121,0.099,0.091,0.149,0.077,0.119,0.003,0.004,0.005,0.003,0.006,0.003,0.003,0.003,0.001,0.003,0.005,0.003,0.002,0.001,0.003,0.150,0.107,0.130,0.090,0.152,0.117,0.121,0.152,0.029,0.025,0.036,0.041,0.023,0.030,0.029,0.022,0.021,0.035,0.026,0.046,0.021,0.036,0.029,0.025,0.026,0.025,0.039,0.046,0.010,0.018,0.006,0.011,0.013,0.012,0.003,0.003,0.005,0.003,0.004,0.006,0.003,0.002,0.001,0.002,0.153,0.001,0.005,0.101,0.119,0.003,0.004,0.005,0.010,0.006,0.004,0.003,0.007,0.041,0.146,0.176,0.143,0.175,0.156,0.141,0.156,0.151,0.143,0.131,0.138,0.129,0.151,0.166,0.142,0.134,0.080,0.074
LP6005441-DNA_A05,0.052,0.030,0.045,0.065,0.033,0.031,0.018,0.076,0.048,0.017,0.058,0.060,0.040,0.073,0.033,0.035,0.030,0.109,0.048,0.079,0.024,0.023,0.024,0.051,0.011,0.034,0.013,0.032,0.019,0.031,0.036,0.030,0.068,0.009,0.092,0.029,0.017,0.018,0.024,0.054,0.099,0.046,0.065,0.063,0.025,0.079,0.036,0.077,0.080,0.076,0.069,0.036,0.081,0.062,0.060,0.045,0.114,0.056,0.032,0.050,0.045,0.060,0.041,0.089,0.107,0.048,0.044,0.046,0.058,0.062,0.035,0.045,0.085,0.056,0.062,0.029,0.080,0.030,0.012,0.031,0.020,0.041,0.039,0.051,0.030,0.050,0.044,0.103,0.071,0.054,0.028,0.083,0.112,0.097,0.018,0.036,0.065,0.061,0.043,0.048,0.039,0.048,0.093,0.039,0.044,0.137,0.061,0.013,0.043,0.207,0.029,0.085,0.038,0.056,0.092,0.022,0.026,0.043,0.095,0.027,0.034,0.035,0.076,0.086,0.044,0.043,0.096,0.039,0.095,0.064,0.056,0.050,0.013,0.077,0.149,0.074,0.029,0.130,0.038,0.078,0.021,0.126,0.007,0.080,0.052,0.109,0.016,0.041,0.027,0.080,0.062,0.009,0.051,0.094,0.073,0.039,0.103,0.055,0.061,0.156,0.029,0.144,0.148,0.159,0.060,0.114,0.056,0.094,0.095,0.009,0.045,0.088,0.073,0.033,0.007,0.038,0.091,0.075,0.013,0.015,0.051,0.131,0.127,0.075,0.080,0.047,0.127,0.071,0.009,0.082,0.078,0.117,0.095,0.060,0.105,0.021,0.107,0.119,0.095,0.090,0.062,0.047,0.093,0.013,0.040,0.040,0.063,0.012,0.066,0.030,0.044,0.056,0.038,0.034,0.060,0.072,0.043,0.049,0.077,0.051,0.025,0.112,0.048,0.044,0.090,0.175,0.119,0.094,0.044,0.041,0.021,0.005,0.140,0.033,0.077,0.057,0.100,0.097,0.029,0.049,0.086,0.122,0.029,0.027,0.045,0.115,0.014,0.126,0.210,0.088,0.069,0.059,0.040,0.119,0.107,0.032,0.061,0.073,0.043,0.014,0.079,0.049,0.077,0.018,0.011,0.050,0.005,0.077,0.000,0.012,0.059,0.038,0.158,0.072,0.065,0.063,0.057,0.049,0.058,0.052,0.029,0.078,0.050,0.027,0.033,0.006,0.055,0.059,0.121,0.023,0.047,0.118,0.009,0.095,0.033,0.091,0.034,0.070,0.075,0.040,0.060,0.039,0.070,0.049,0.023,0.036,0.021,0.034,0.035,0.009,0.086,0.054,0.063,0.132,0.076,0.058,0.115,0.083,0.180,0.037,0.010,0.024,0.028,0.024,0.045,0.035,0.066,0.097,0.048,0.048,0.043,0.058,0.058,0.020,0.075,0.015,0.024,0.027,0.016,0.043,0.062,0.077,0.074,0.064,0.060,0.100,0.074,0.041,0.020,0.031,0.084,0.072,0.042,0.035,0.027,0.015,0.003,0.011,0.022,0.021,0.017,0.019,0.038,0.084,0.029,0.083,0.024,0.103,0.112,0.066,0.110,0.094,0.016,0.030,0.019,0.038,0.038,0.058,0.031,0.032,0.021,0.049,0.011,0.011,0.072,0.012,0.005,0.028,0.023,0.019,0.041,0.047,0.045,0.069,0.079,0.034,0.034,0.016,0.024,0.054,0.026,0.027,0.042,0.037,0.034,0.226,0.028,0.054,0.016,0.082,0.036,0.035,0.071,0.027,0.039,0.037,0.044,0.016,0.090,0.049,0.062,0.056,0.058,0.068,0.090,0.040,0.068,0.033,0.049,0.019,0.033,0.031,0.016,0.028,0.050,0.046,0.042,0.041,0.009
LP6005441-DNA_A06,0.024,0.061,0.038,0.024,0.041,0.042,0.024,0.026,0.024,0.033,0.021,0.025,0.047,0.046,0.034,0.038,0.037,0.038,0.028,0.035,0.066,0.035,0.008,0.051,0.096,0.081,0.013,0.017,0.077,0.021,0.040,0.059,0.094,0.031,0.052,0.032,0.025,0.049,0.039,0.021,0.023,0.055,0.048,0.050,0.069,0.040,0.033,0.046,0.032,0.053,0.042,0.057,0.034,0.038,0.041,0.047,0.039,0.041,0.047,0.038,0.017,0.029,0.038,0.056,0.016,0.057,0.054,0.059,0.039,0.074,0.034,0.050,0.051,0.032,0.023,0.014,0.007,0.046,0.016,0.018,0.037,0.018,0.008,0.056,0.005,0.039,0.039,0.068,0.048,0.040,0.079,0.013,0.057,0.067,0.026,0.045,0.030,0.028,0.045,0.042,0.048,0.030,0.061,0.021,0.034,0.084,0.033,0.054,0.023,0.052,0.046,0.037,0.098,0.061,0.028,0.028,0.050,0.076,0.030,0.084,0.044,0.006,0.052,0.047,0.029,0.025,0.036,0.041,0.064,0.021,0.050,0.100,0.035,0.094,0.101,0.030,0.037,0.048,0.038,0.060,0.030,0.026,0.033,0.039,0.061,0.039,0.050,0.065,0.071,0.052,0.057,0.029,0.094,0.085,0.066,0.035,0.049,0.076,0.029,0.096,0.013,0.026,0.064,0.051,0.073,0.067,0.024,0.038,0.065,0.013,0.018,0.023,0.096,0.003,0.045,0.051,0.038,0.042,0.046,0.025,0.026,0.063,0.130,0.018,0.024,0.060,0.059,0.059,0.028,0.080,0.058,0.088,0.045,0.045,0.010,0.038,0.064,0.053,0.048,0.031,0.037,0.030,0.054,0.045,0.007,0.064,0.064,0.031,0.065,0.057,0.024,0.074,0.021,0.054,0.022,0.013,0.076,0.042,0.018,0.044,0.038,0.011,0.077,0.022,0.040,0.051,0.105,0.056,0.038,0.029,0.024,0.025,0.031,0.020,0.035,0.049,0.097,0.041,0.041,0.041,0.066,0.051,0.073,0.040,0.037,0.073,0.055,0.048,0.092,0.072,0.050,0.031,0.036,0.046,0.028,0.037,0.028,0.084,0.058,0.052,0.015,0.056,0.022,0.015,0.025,0.030,0.086,0.040,0.039,0.034,0.038,0.065,0.065,0.025,0.015,0.026,0.050,0.014,0.039,0.019,0.029,0.040,0.001,0.060,0.029,0.023,0.054,0.061,0.068,0.066,0.056,0.046,0.005,0.059,0.032,0.049,0.029,0.058,0.012,0.058,0.038,0.008,0.062,0.043,0.015,0.039,0.011,0.051,0.008,0.052,0.071,0.062,0.043,0.042,0.039,0.028,0.054,0.088,0.061,0.017,0.026,0.003,0.033,0.058,0.016,0.021,0.052,0.059,0.033,0.025,0.082,0.032,0.026,0.025,0.011,0.011,0.035,0.038,0.038,0.018,0.036,0.046,0.030,0.042,0.048,0.052,0.055,0.029,0.020,0.046,0.015,0.034,0.006,0.057,0.001,0.033,0.028,0.033,0.020,0.041,0.030,0.016,0.026,0.051,0.050,0.055,0.042,0.043,0.049,0.026,0.041,0.017,0.063,0.013,0.044,0.017,0.021,0.042,0.021,0.043,0.011,0.044,0.024,0.026,0.046,0.039,0.043,0.010,0.051,0.027,0.009,0.017,0.003,0.025,0.076,0.040,0.041,0.048,0.051,0.019,0.023,0.028,0.011,0.045,0.024,0.058,0.022,0.048,0.038,0.064,0.036,0.057,0.050,0.046,0.037,0.039,0.043,0.021,0.026,0.038,0.005,0.025,0.031,0.023,0.004,0.054,0.045,0.027,0.046,0.057,0.015,0.041,0.028,0.020,0.033,0.041,0.030,0.028,0.046
LP6005441-DNA_A10,0.056,0.075,0.076,0.061,0.091,0.095,0.012,0.047,0.054,0.042,0.038,0.034,0.043,0.034,0.053,0.049,0.043,0.054,0.033,0.034,0.043,0.030,0.045,0.023,0.037,0.044,0.025,0.029,0.050,0.037,0.029,0.032,0.033,0.032,0.005,0.004,0.007,0.004,0.007,0.004,0.075,0.077,0.181,0.189,0.156,0.168,0.156,0.205,0.192,0.173,0.187,0.169,0.175,0.201,0.189,0.168,0.163,0.192,0.207,0.200,0.173,0.178,0.164,0.162,0.193,0.184,0.209,0.094,0.082,0.072,0.062,0.074,0.056,0.064,0.052,0.045,0.065,0.014,0.014,0.013,0.025,0.021,0.015,0.001,0.108,0.002,0.001,0.220,0.003,0.002,0.109,0.003,0.002,0.001,0.002,0.003,0.200,0.002,0.002,0.003,0.002,0.001,0.004,0.002,0.002,0.002,0.002,0.001,0.001,0.002,0.001,0.003,0.004,0.006,0.001,0.002,0.001,0.002,0.001,0.002,0.000,0.003,0.003,0.001,0.003,0.003,0.005,0.001,0.002,0.002,0.003,0.001,0.005,0.004,0.003,0.008,0.004,0.001,0.004,0.002,0.005,0.001,0.000,0.002,0.003,0.001,0.002,0.002,0.002,0.003,0.001,0.001,0.003,0.002,0.003,0.001,0.000,0.002,0.002,0.001,0.003,0.003,0.002,0.001,0.002,0.001,0.002,0.004,0.003,0.001,0.002,0.002,0.003,0.001,0.001,0.001,0.001,0.001,0.003,0.001,0.003,0.002,0.005,0.003,0.004,0.001,0.003,0.005,0.002,0.001,0.001,0.002,0.002,0.002,0.003,0.002,0.002,0.002,0.004,0.004,0.003,0.006,0.003,0.000,0.003,0.180,0.004,0.003,0.004,0.002,0.003,0.001,0.004,0.187,0.001,0.003,0.001,0.003,0.003,0.193,0.195,0.007,0.002,0.004,0.005,0.005,0.003,0.006,0.176,0.189,0.005,0.004,0.003,0.205,0.210,0.003,0.002,0.005,0.004,0.002,0.004,0.004,0.171,0.165,0.000,0.001,0.004,0.006,0.002,0.003,0.190,0.002,0.001,0.003,0.005,0.001,0.210,0.002,0.002,0.003,0.003,0.003,0.004,0.002,0.001,0.003,0.001,0.002,0.003,0.005,0.003,0.002,0.004,0.002,0.003,0.003,0.006,0.005,0.001,0.003,0.005,0.002,0.002,0.002,0.003,0.003,0.001,0.002,0.002,0.001,0.004,0.003,0.002,0.004,0.003,0.002,0.002,0.002,0.004,0.001,0.002,0.002,0.000,0.001,0.004,0.001,0.004,0.002,0.001,0.001,0.001,0.002,0.002,0.002,0.003,0.006,0.003,0.001,0.001,0.003,0.004,0.002,0.007,0.004,0.002,0.060,0.181,0.199,0.184,0.189,0.178,0.181,0.153,0.002,0.004,0.004,0.004,0.003,0.004,0.004,0.002,0.149,0.152,0.148,0.122,0.188,0.108,0.133,0.003,0.003,0.002,0.003,0.005,0.003,0.002,0.003,0.003,0.003,0.003,0.004,0.002,0.001,0.002,0.198,0.109,0.172,0.084,0.183,0.164,0.132,0.179,0.043,0.041,0.044,0.048,0.032,0.029,0.038,0.037,0.029,0.042,0.032,0.052,0.030,0.045,0.042,0.038,0.033,0.045,0.061,0.072,0.015,0.025,0.012,0.017,0.016,0.018,0.003,0.003,0.004,0.003,0.003,0.006,0.003,0.002,0.003,0.003,0.198,0.001,0.002,0.106,0.120,0.002,0.005,0.006,0.006,0.005,0.004,0.004,0.006,0.061,0.135,0.158,0.163,0.162,0.148,0.147,0.150,0.123,0.128,0.123,0.137,0.148,0.154,0.164,0.157,0.139,0.082,0.102
LP6005441-DNA_A12,0.096,0.101,0.117,0.075,0.053,0.052,0.094,0.047,0.065,0.071,0.049,0.068,0.079,0.090,0.075,0.092,0.101,0.086,0.089,0.075,0.046,0.101,0.048,0.052,0.043,0.068,0.035,0.079,0.095,0.074,0.063,0.084,0.047,0.050,0.102,0.145,0.084,0.104,0.076,0.094,0.119,0.064,0.061,0.105,0.051,0.055,0.089,0.065,0.069,0.037,0.125,0.068,0.073,0.079,0.083,0.093,0.076,0.082,0.091,0.074,0.070,0.057,0.066,0.072,0.117,0.074,0.043,0.120,0.085,0.122,0.082,0.048,0.092,0.054,0.091,0.034,0.040,0.042,0.047,0.117,0.080,0.056,0.054,0.059,0.067,0.033,0.027,0.086,0.340,0.046,0.077,0.212,0.061,0.048,0.076,0.087,0.082,0.338,0.029,0.021,0.023,0.098,0.068,0.017,0.100,0.058,0.046,0.019,0.020,0.079,0.068,0.098,0.110,0.114,0.018,0.102,0.029,0.052,0.023,0.053,0.019,0.033,0.090,0.020,0.059,0.103,0.192,0.041,0.051,0.069,0.130,0.022,0.113,0.101,0.221,0.070,0.102,0.041,0.109,0.213,0.226,0.011,0.008,0.034,0.027,0.052,0.053,0.078,0.241,0.215,0.029,0.025,0.086,0.032,0.052,0.016,0.040,0.103,0.058,0.027,0.050,0.073,0.050,0.062,0.204,0.015,0.016,0.041,0.053,0.065,0.056,0.055,0.101,0.081,0.018,0.034,0.033,0.044,0.049,0.023,0.098,0.045,0.064,0.138,0.062,0.027,0.053,0.034,0.061,0.021,0.038,0.060,0.035,0.022,0.105,0.079,0.071,0.042,0.127,0.066,0.118,0.052,0.082,0.040,0.074,0.058,0.325,0.110,0.081,0.123,0.080,0.012,0.075,0.064,0.031,0.042,0.090,0.087,0.063,0.066,0.043,0.094,0.015,0.122,0.165,0.084,0.142,0.108,0.051,0.105,0.128,0.081,0.104,0.054,0.073,0.082,0.029,0.142,0.097,0.110,0.083,0.179,0.053,0.055,0.028,0.227,0.120,0.208,0.065,0.077,0.110,0.228,0.065,0.156,0.142,0.032,0.070,0.192,0.164,0.036,0.025,0.103,0.142,0.052,0.018,0.033,0.015,0.065,0.007,0.050,0.266,0.037,0.033,0.026,0.173,0.055,0.050,0.137,0.063,0.027,0.101,0.259,0.045,0.047,0.069,0.030,0.065,0.053,0.054,0.001,0.048,0.037,0.054,0.048,0.058,0.052,0.041,0.022,0.047,0.042,0.094,0.110,0.003,0.023,0.054,0.024,0.111,0.020,0.023,0.025,0.039,0.056,0.070,0.055,0.173,0.282,0.204,0.051,0.023,0.008,0.036,0.031,0.074,0.017,0.054,0.117,0.105,0.072,0.071,0.042,0.092,0.065,0.056,0.053,0.087,0.139,0.084,0.065,0.066,0.082,0.113,0.097,0.089,0.056,0.082,0.081,0.092,0.062,0.100,0.103,0.102,0.115,0.080,0.103,0.096,0.118,0.039,0.052,0.060,0.110,0.079,0.095,0.073,0.104,0.022,0.085,0.079,0.077,0.114,0.085,0.135,0.111,0.065,0.101,0.066,0.061,0.077,0.078,0.061,0.055,0.125,0.100,0.086,0.014,0.123,0.058,0.056,0.101,0.043,0.048,0.108,0.056,0.050,0.099,0.075,0.100,0.069,0.086,0.057,0.079,0.074,0.059,0.050,0.131,0.082,0.054,0.089,0.033,0.030,0.252,0.044,0.072,0.163,0.092,0.076,0.118,0.094,0.081,0.065,0.085,0.120,0.061,0.093,0.079,0.120,0.112,0.089,0.051,0.054,0.025,0.062,0.036,0.033,0.025,0.065,0.052,0.069,0.088,0.073
LP6005441-DNA_B01,0.046,0.071,0.063,0.096,0.098,0.078,0.093,0.071,0.074,0.091,0.042,0.048,0.021,0.092,0.059,0.124,0.049,0.094,0.100,0.120,0.123,0.108,0.064,0.118,0.111,0.069,0.109,0.092,0.052,0.047,0.094,0.055,0.100,0.118,0.069,0.063,0.053,0.063,0.073,0.116,0.029,0.126,0.058,0.054,0.119,0.093,0.050,0.071,0.073,0.055,0.059,0.105,0.085,0.063,0.083,0.043,0.078,0.071,0.096,0.117,0.020,0.082,0.077,0.061,0.004,0.074,0.138,0.132,0.127,0.078,0.118,0.102,0.074,0.071,0.071,0.057,0.070,0.080,0.087,0.043,0.129,0.036,0.047,0.092,0.122,0.054,0.061,0.136,0.097,0.017,0.077,0.123,0.021,0.120,0.009,0.085,0.055,0.138,0.092,0.128,0.041,0.029,0.040,0.065,0.127,0.056,0.034,0.066,0.051,0.180,0.055,0.116,0.077,0.031,0.146,0.109,0.060,0.053,0.054,0.085,0.056,0.036,0.104,0.121,0.063,0.078,0.075,0.058,0.117,0.062,0.147,0.082,0.070,0.136,0.161,0.075,0.140,0.069,0.102,0.043,0.079,0.060,0.026,0.065,0.060,0.130,0.063,0.046,0.074,0.033,0.046,0.036,0.062,0.057,0.040,0.076,0.053,0.047,0.091,0.112,0.049,0.092,0.113,0.084,0.006,0.057,0.050,0.095,0.111,0.030,0.028,0.058,0.094,0.026,0.038,0.086,0.035,0.020,0.046,0.092,0.129,0.051,0.078,0.028,0.067,0.091,0.103,0.060,0.055,0.088,0.032,0.184,0.041,0.057,0.112,0.057,0.079,0.118,0.085,0.115,0.144,0.074,0.097,0.040,0.093,0.090,0.047,0.061,0.151,0.077,0.104,0.082,0.041,0.070,0.101,0.103,0.058,0.078,0.085,0.041,0.089,0.224,0.083,0.053,0.124,0.104,0.105,0.093,0.051,0.079,0.061,0.019,0.071,0.081,0.065,0.069,0.145,0.090,0.088,0.058,0.133,0.125,0.074,0.044,0.053,0.045,0.063,0.095,0.088,0.035,0.063,0.096,0.078,0.073,0.110,0.014,0.078,0.054,0.061,0.063,0.050,0.065,0.077,0.042,0.044,0.129,0.037,0.153,0.029,0.023,0.123,0.030,0.040,0.067,0.095,0.088,0.090,0.116,0.116,0.069,0.047,0.105,0.043,0.091,0.076,0.068,0.090,0.066,0.097,0.057,0.055,0.057,0.036,0.079,0.091,0.105,0.066,0.088,0.065,0.112,0.141,0.055,0.063,0.061,0.046,0.045,0.052,0.043,0.021,0.099,0.035,0.061,0.100,0.151,0.042,0.070,0.109,0.089,0.100,0.076,0.095,0.049,0.093,0.039,0.070,0.083,0.092,0.118,0.056,0.048,0.052,0.033,0.076,0.060,0.098,0.056,0.114,0.057,0.064,0.048,0.055,0.117,0.092,0.064,0.058,0.073,0.083,0.048,0.069,0.070,0.112,0.159,0.104,0.072,0.108,0.089,0.052,0.073,0.023,0.076,0.105,0.020,0.072,0.103,0.032,0.128,0.089,0.077,0.065,0.020,0.053,0.026,0.059,0.070,0.110,0.139,0.066,0.088,0.077,0.117,0.030,0.041,0.063,0.061,0.113,0.095,0.169,0.096,0.056,0.068,0.068,0.142,0.080,0.039,0.026,0.076,0.062,0.081,0.129,0.105,0.112,0.103,0.076,0.083,0.100,0.066,0.085,0.061,0.018,0.076,0.044,0.105,0.082,0.040,0.099,0.125,0.118,0.103,0.158,0.116,0.027,0.056,0.086,0.070,0.076,0.076,0.100,0.105,0.204,0.084,0.060,0.127,0.057,0.219,0.070,0.119,0.048,0.044,0.080
LP6005441-DNA_B03,0.036,0.054,0.074,0.050,0.062,0.066,0.006,0.039,0.037,0.025,0.032,0.033,0.034,0.027,0.043,0.028,0.043,0.031,0.027,0.041,0.035,0.019,0.038,0.028,0.034,0.038,0.028,0.034,0.031,0.020,0.025,0.037,0.038,0.031,0.004,0.004,0.005,0.005,0.004,0.004,0.039,0.045,0.123,0.114,0.112,0.116,0.117,0.147,0.141,0.128,0.130,0.101,0.113,0.137,0.138,0.143,0.128,0.134,0.133,0.128,0.143,0.117,0.109,0.114,0.117,0.121,0.137,0.070,0.053,0.041,0.045,0.054,0.041,0.041,0.055,0.042,0.047,0.016,0.013,0.017,0.017,0.015,0.011,0.001,0.189,0.001,0.003,0.145,0.004,0.002,0.218,0.004,0.002,0.002,0.003,0.004,0.127,0.003,0.001,0.001,0.003,0.004,0.006,0.001,0.003,0.002,0.001,0.002,0.001,0.001,0.003,0.003,0.007,0.008,0.001,0.004,0.002,0.002,0.000,0.004,0.001,0.001,0.002,0.001,0.004,0.003,0.004,0.001,0.000,0.002,0.004,0.002,0.003,0.004,0.005,0.009,0.007,0.001,0.006,0.006,0.007,0.001,0.001,0.002,0.002,0.001,0.007,0.002,0.005,0.006,0.001,0.001,0.005,0.002,0.002,0.001,0.001,0.002,0.003,0.001,0.003,0.002,0.001,0.001,0.003,0.001,0.001,0.005,0.002,0.002,0.004,0.001,0.005,0.003,0.000,0.001,0.002,0.000,0.002,0.001,0.007,0.002,0.004,0.005,0.002,0.000,0.001,0.004,0.004,0.001,0.001,0.002,0.002,0.004,0.005,0.004,0.002,0.001,0.004,0.007,0.005,0.006,0.004,0.001,0.003,0.130,0.004,0.006,0.004,0.002,0.002,0.002,0.005,0.134,0.001,0.003,0.001,0.004,0.004,0.119,0.128,0.004,0.001,0.003,0.002,0.002,0.001,0.006,0.129,0.127,0.004,0.008,0.003,0.125,0.144,0.003,0.001,0.004,0.009,0.002,0.005,0.005,0.133,0.110,0.000,0.002,0.006,0.005,0.001,0.003,0.121,0.002,0.001,0.004,0.005,0.001,0.124,0.002,0.003,0.009,0.002,0.004,0.004,0.002,0.003,0.003,0.002,0.000,0.003,0.006,0.004,0.004,0.002,0.003,0.003,0.003,0.004,0.006,0.003,0.003,0.004,0.003,0.002,0.005,0.004,0.003,0.001,0.002,0.002,0.001,0.003,0.002,0.003,0.004,0.003,0.001,0.002,0.001,0.003,0.001,0.005,0.005,0.001,0.002,0.002,0.000,0.007,0.000,0.001,0.001,0.001,0.002,0.002,0.001,0.004,0.008,0.004,0.000,0.000,0.002,0.002,0.003,0.006,0.004,0.003,0.048,0.153,0.156,0.139,0.123,0.134,0.146,0.111,0.004,0.005,0.004,0.004,0.004,0.006,0.004,0.006,0.112,0.117,0.095,0.087,0.131,0.068,0.098,0.005,0.005,0.006,0.005,0.007,0.005,0.004,0.005,0.002,0.003,0.004,0.008,0.002,0.002,0.002,0.155,0.092,0.123,0.075,0.123,0.129,0.118,0.140,0.034,0.019,0.038,0.043,0.025,0.022,0.024,0.024,0.018,0.023,0.026,0.039,0.025,0.032,0.028,0.027,0.027,0.033,0.051,0.051,0.008,0.021,0.007,0.014,0.011,0.018,0.004,0.006,0.009,0.003,0.004,0.003,0.004,0.003,0.001,0.005,0.138,0.001,0.004,0.120,0.125,0.003,0.005,0.005,0.006,0.009,0.004,0.003,0.010,0.044,0.157,0.164,0.150,0.155,0.162,0.139,0.137,0.143,0.122,0.140,0.148,0.147,0.152,0.158,0.153,0.145,0.063,0.065
LP6005441-DNA_B04,0.058,0.075,0.084,0.101,0.074,0.065,0.113,0.066,0.054,0.051,0.058,0.069,0.040,0.074,0.056,0.062,0.074,0.077,0.095,0.078,0.041,0.111,0.065,0.054,0.072,0.092,0.048,0.107,0.053,0.057,0.051,0.065,0.044,0.078,0.083,0.092,0.074,0.078,0.038,0.089,0.107,0.052,0.053,0.080,0.071,0.034,0.050,0.076,0.091,0.074,0.072,0.038,0.070,0.023,0.069,0.048,0.062,0.053,0.043,0.031,0.048,0.027,0.106,0.073,0.055,0.099,0.068,0.065,0.115,0.077,0.096,0.037,0.115,0.065,0.116,0.060,0.095,0.034,0.061,0.089,0.041,0.107,0.049,0.061,0.091,0.045,0.008,0.093,0.249,0.067,0.082,0.126,0.035,0.061,0.052,0.109,0.102,0.263,0.059,0.021,0.031,0.062,0.062,0.024,0.046,0.053,0.069,0.024,0.046,0.119,0.042,0.080,0.176,0.133,0.047,0.082,0.032,0.060,0.023,0.073,0.051,0.017,0.086,0.070,0.105,0.101,0.270,0.036,0.070,0.049,0.087,0.047,0.059,0.097,0.250,0.076,0.081,0.055,0.120,0.239,0.227,0.021,0.003,0.047,0.045,0.069,0.034,0.080,0.205,0.266,0.036,0.018,0.081,0.030,0.038,0.030,0.046,0.121,0.030,0.048,0.051,0.071,0.011,0.068,0.136,0.048,0.036,0.072,0.056,0.060,0.055,0.051,0.080,0.051,0.008,0.026,0.019,0.029,0.045,0.034,0.080,0.024,0.047,0.088,0.067,0.044,0.035,0.071,0.078,0.054,0.051,0.077,0.026,0.063,0.051,0.092,0.037,0.078,0.158,0.058,0.103,0.091,0.114,0.026,0.068,0.048,0.199,0.083,0.124,0.125,0.101,0.037,0.051,0.086,0.031,0.059,0.083,0.088,0.068,0.054,0.036,0.100,0.011,0.100,0.169,0.114,0.142,0.121,0.047,0.106,0.113,0.099,0.085,0.040,0.098,0.059,0.046,0.177,0.139,0.098,0.105,0.192,0.113,0.049,0.006,0.231,0.123,0.235,0.065,0.085,0.061,0.276,0.065,0.128,0.145,0.020,0.039,0.089,0.169,0.037,0.055,0.123,0.145,0.055,0.038,0.043,0.028,0.093,0.033,0.061,0.209,0.034,0.018,0.057,0.076,0.076,0.065,0.078,0.050,0.056,0.087,0.255,0.044,0.052,0.111,0.061,0.070,0.039,0.040,0.010,0.068,0.020,0.072,0.094,0.101,0.070,0.049,0.033,0.036,0.037,0.095,0.084,0.024,0.021,0.072,0.030,0.115,0.018,0.028,0.020,0.018,0.063,0.060,0.094,0.222,0.216,0.181,0.060,0.056,0.040,0.040,0.023,0.067,0.020,0.064,0.135,0.148,0.098,0.068,0.064,0.059,0.073,0.033,0.057,0.084,0.084,0.076,0.072,0.050,0.097,0.085,0.123,0.117,0.051,0.039,0.075,0.108,0.049,0.062,0.082,0.110,0.067,0.051,0.066,0.072,0.131,0.032,0.048,0.048,0.107,0.060,0.063,0.048,0.082,0.076,0.122,0.061,0.062,0.050,0.099,0.075,0.060,0.048,0.101,0.075,0.045,0.082,0.074,0.073,0.030,0.077,0.090,0.115,0.042,0.087,0.057,0.056,0.099,0.085,0.033,0.082,0.055,0.099,0.095,0.063,0.104,0.111,0.069,0.041,0.065,0.049,0.037,0.068,0.103,0.064,0.055,0.068,0.040,0.006,0.211,0.041,0.053,0.174,0.070,0.055,0.084,0.063,0.067,0.081,0.061,0.129,0.098,0.048,0.044,0.069,0.107,0.055,0.056,0.134,0.124,0.088,0.062,0.065,0.098,0.063,0.094,0.050,0.131,0.054
LP6005441-DNA_B05,0.090,0.038,0.041,0.041,0.040,0.086,0.025,0.093,0.086,0.079,0.099,0.095,0.063,0.088,0.051,0.071,0.039,0.086,0.066,0.049,0.052,0.058,0.069,0.037,0.025,0.067,0.019,0.057,0.007,0.036,0.062,0.043,0.027,0.039,0.070,0.070,0.021,0.010,0.040,0.038,0.096,0.060,0.123,0.112,0.097,0.051,0.109,0.132,0.122,0.078,0.159,0.066,0.071,0.097,0.126,0.063,0.129,0.104,0.103,0.126,0.085,0.032,0.066,0.143,0.187,0.063,0.070,0.057,0.069,0.049,0.052,0.048,0.112,0.024,0.063,0.013,0.084,0.030,0.008,0.029,0.011,0.013,0.024,0.024,0.089,0.109,0.061,0.088,0.130,0.017,0.092,0.060,0.000,0.060,0.034,0.034,0.110,0.060,0.032,0.034,0.036,0.040,0.036,0.041,0.036,0.095,0.058,0.051,0.012,0.156,0.073,0.049,0.024,0.045,0.022,0.032,0.058,0.080,0.075,0.033,0.062,0.040,0.033,0.049,0.032,0.024,0.099,0.046,0.049,0.043,0.082,0.041,0.053,0.083,0.116,0.071,0.070,0.087,0.051,0.110,0.114,0.090,0.026,0.089,0.075,0.126,0.001,0.034,0.114,0.111,0.053,0.031,0.075,0.048,0.133,0.022,0.051,0.085,0.106,0.134,0.048,0.129,0.076,0.101,0.108,0.070,0.015,0.032,0.091,0.029,0.007,0.048,0.047,0.028,0.027,0.035,0.094,0.039,0.012,0.057,0.069,0.090,0.060,0.114,0.047,0.018,0.110,0.044,0.028,0.116,0.054,0.028,0.108,0.051,0.053,0.049,0.077,0.060,0.052,0.116,0.047,0.047,0.061,0.042,0.063,0.063,0.126,0.022,0.062,0.061,0.038,0.061,0.047,0.096,0.043,0.025,0.050,0.109,0.076,0.111,0.097,0.078,0.036,0.048,0.072,0.055,0.069,0.047,0.062,0.157,0.066,0.020,0.157,0.088,0.100,0.046,0.084,0.086,0.024,0.073,0.039,0.120,0.113,0.028,0.075,0.101,0.038,0.069,0.097,0.030,0.095,0.107,0.029,0.127,0.074,0.044,0.059,0.099,0.089,0.056,0.034,0.026,0.107,0.041,0.047,0.035,0.049,0.037,0.037,0.013,0.104,0.041,0.130,0.087,0.073,0.020,0.030,0.029,0.060,0.047,0.028,0.106,0.026,0.057,0.049,0.025,0.051,0.055,0.077,0.036,0.024,0.086,0.007,0.064,0.019,0.026,0.034,0.075,0.019,0.033,0.034,0.066,0.046,0.033,0.027,0.034,0.016,0.056,0.028,0.006,0.114,0.063,0.043,0.073,0.067,0.236,0.110,0.060,0.091,0.040,0.009,0.046,0.043,0.061,0.040,0.082,0.132,0.066,0.097,0.099,0.107,0.119,0.037,0.021,0.028,0.025,0.026,0.022,0.025,0.021,0.063,0.165,0.084,0.060,0.087,0.108,0.097,0.054,0.015,0.037,0.084,0.084,0.039,0.026,0.012,0.013,0.005,0.013,0.037,0.041,0.028,0.003,0.021,0.081,0.027,0.108,0.049,0.097,0.143,0.106,0.183,0.126,0.035,0.092,0.035,0.056,0.055,0.037,0.048,0.017,0.053,0.092,0.055,0.024,0.135,0.049,0.001,0.043,0.060,0.046,0.079,0.056,0.019,0.076,0.077,0.020,0.035,0.052,0.029,0.046,0.029,0.031,0.037,0.030,0.022,0.106,0.030,0.039,0.031,0.078,0.031,0.083,0.092,0.020,0.029,0.080,0.034,0.034,0.064,0.042,0.091,0.083,0.089,0.106,0.095,0.058,0.116,0.107,0.079,0.039,0.087,0.071,0.049,0.089,0.138,0.076,0.088,0.045,0.016
LP6005441-DNA_B06,0.065,0.028,0.064,0.072,0.058,0.045,0.056,0.045,0.075,0.035,0.022,0.034,0.067,0.037,0.086,0.070,0.104,0.096,0.085,0.091,0.020,0.054,0.042,0.071,0.042,0.076,0.024,0.072,0.056,0.077,0.050,0.043,0.064,0.050,0.045,0.050,0.007,0.041,0.030,0.023,0.077,0.083,0.089,0.065,0.100,0.093,0.132,0.156,0.109,0.104,0.055,0.074,0.034,0.072,0.062,0.117,0.049,0.074,0.058,0.083,0.067,0.066,0.050,0.077,0.063,0.081,0.057,0.076,0.110,0.059,0.063,0.041,0.078,0.072,0.067,0.038,0.025,0.040,0.030,0.033,0.021,0.018,0.062,0.072,0.080,0.071,0.072,0.061,0.080,0.098,0.066,0.081,0.054,0.245,0.007,0.029,0.142,0.091,0.128,0.068,0.017,0.030,0.029,0.028,0.033,0.120,0.079,0.091,0.058,0.158,0.057,0.041,0.050,0.035,0.139,0.073,0.058,0.096,0.148,0.071,0.064,0.048,0.120,0.101,0.032,0.068,0.072,0.037,0.095,0.017,0.129,0.110,0.064,0.054,0.103,0.046,0.016,0.098,0.044,0.065,0.032,0.018,0.029,0.039,0.074,0.148,0.004,0.052,0.074,0.052,0.004,0.051,0.078,0.073,0.069,0.088,0.057,0.046,0.098,0.190,0.052,0.071,0.066,0.097,0.096,0.153,0.052,0.108,0.063,0.066,0.021,0.071,0.057,0.021,0.018,0.047,0.097,0.054,0.027,0.022,0.063,0.034,0.085,0.055,0.038,0.093,0.057,0.061,0.051,0.098,0.066,0.124,0.029,0.136,0.044,0.043,0.085,0.123,0.095,0.102,0.080,0.038,0.070,0.101,0.033,0.078,0.090,0.026,0.045,0.016,0.039,0.159,0.045,0.086,0.155,0.036,0.084,0.068,0.027,0.082,0.092,0.121,0.069,0.042,0.102,0.111,0.161,0.040,0.032,0.078,0.142,0.035,0.086,0.100,0.033,0.028,0.086,0.042,0.013,0.049,0.085,0.127,0.063,0.130,0.039,0.051,0.045,0.112,0.099,0.041,0.088,0.085,0.050,0.077,0.113,0.048,0.099,0.059,0.038,0.049,0.095,0.072,0.062,0.040,0.025,0.029,0.077,0.118,0.043,0.021,0.050,0.020,0.020,0.095,0.027,0.088,0.037,0.068,0.060,0.081,0.032,0.099,0.070,0.096,0.072,0.012,0.124,0.040,0.123,0.075,0.016,0.190,0.048,0.086,0.049,0.081,0.042,0.070,0.035,0.109,0.063,0.071,0.147,0.019,0.049,0.047,0.033,0.014,0.022,0.019,0.045,0.116,0.068,0.207,0.088,0.097,0.161,0.111,0.111,0.022,0.021,0.052,0.058,0.001,0.093,0.081,0.091,0.077,0.096,0.027,0.092,0.049,0.040,0.065,0.063,0.074,0.067,0.047,0.038,0.065,0.057,0.107,0.190,0.126,0.066,0.095,0.061,0.083,0.039,0.068,0.021,0.068,0.081,0.036,0.056,0.036,0.005,0.021,0.038,0.054,0.045,0.024,0.068,0.080,0.075,0.113,0.036,0.097,0.093,0.068,0.057,0.074,0.050,0.061,0.045,0.039,0.068,0.055,0.039,0.067,0.046,0.047,0.048,0.022,0.044,0.065,0.018,0.056,0.089,0.048,0.043,0.021,0.015,0.027,0.030,0.042,0.045,0.030,0.045,0.050,0.053,0.057,0.022,0.039,0.040,0.102,0.042,0.068,0.024,0.158,0.080,0.076,0.078,0.024,0.038,0.049,0.051,0.015,0.031,0.056,0.055,0.071,0.066,0.063,0.060,0.060,0.126,0.062,0.112,0.042,0.113,0.097,0.097,0.076,0.105,0.066,0.049,0.061,0.073
LP6005441-DNA_B07,0.049,0.041,0.113,0.034,0.066,0.058,0.082,0.047,0.115,0.104,0.156,0.045,0.089,0.068,0.072,0.088,0.048,0.096,0.096,0.099,0.109,0.079,0.058,0.147,0.064,0.063,0.091,0.063,0.050,0.062,0.039,0.075,0.105,0.050,0.123,0.129,0.067,0.047,0.062,0.089,0.103,0.160,0.069,0.048,0.032,0.066,0.065,0.056,0.051,0.047,0.042,0.040,0.062,0.069,0.031,0.051,0.042,0.047,0.044,0.052,0.037,0.049,0.070,0.023,0.043,0.057,0.066,0.046,0.053,0.050,0.052,0.085,0.095,0.054,0.048,0.090,0.132,0.121,0.124,0.100,0.111,0.056,0.081,0.007,0.034,0.007,0.014,0.050,0.067,0.004,0.058,0.036,0.014,0.004,0.028,0.079,0.043,0.058,0.012,0.009,0.011,0.097,0.054,0.018,0.106,0.019,0.016,0.007,0.009,0.012,0.021,0.093,0.081,0.069,0.003,0.062,0.018,0.019,0.000,0.051,0.008,0.031,0.035,0.016,0.073,0.041,0.048,0.022,0.039,0.082,0.047,0.014,0.067,0.039,0.089,0.067,0.058,0.007,0.050,0.059,0.078,0.000,0.002,0.017,0.022,0.021,0.077,0.045,0.069,0.043,0.004,0.012,0.014,0.016,0.008,0.021,0.015,0.072,0.005,0.004,0.011,0.077,0.013,0.008,0.066,0.013,0.014,0.022,0.005,0.012,0.115,0.020,0.110,0.053,0.005,0.012,0.008,0.022,0.059,0.010,0.104,0.001,0.054,0.044,0.092,0.007,0.008,0.041,0.065,0.019,0.008,0.006,0.027,0.015,0.064,0.038,0.019,0.026,0.060,0.041,0.067,0.107,0.033,0.015,0.050,0.066,0.072,0.079,0.079,0.026,0.055,0.003,0.083,0.078,0.021,0.070,0.042,0.096,0.072,0.046,0.048,0.047,0.015,0.088,0.059,0.056,0.015,0.073,0.056,0.049,0.028,0.100,0.037,0.027,0.048,0.111,0.015,0.043,0.068,0.045,0.033,0.069,0.047,0.064,0.009,0.089,0.083,0.050,0.037,0.052,0.031,0.088,0.046,0.066,0.070,0.014,0.055,0.032,0.066,0.020,0.024,0.079,0.060,0.033,0.022,0.056,0.019,0.020,0.016,0.061,0.116,0.018,0.026,0.027,0.099,0.012,0.022,0.066,0.006,0.021,0.083,0.052,0.019,0.017,0.031,0.020,0.002,0.026,0.009,0.005,0.023,0.010,0.047,0.045,0.084,0.004,0.016,0.012,0.048,0.023,0.038,0.045,0.014,0.009,0.042,0.006,0.113,0.009,0.010,0.049,0.025,0.028,0.080,0.007,0.124,0.066,0.075,0.016,0.008,0.014,0.018,0.014,0.011,0.014,0.036,0.055,0.073,0.050,0.030,0.034,0.044,0.053,0.030,0.031,0.043,0.042,0.076,0.041,0.053,0.074,0.064,0.038,0.055,0.054,0.035,0.057,0.036,0.035,0.103,0.172,0.158,0.064,0.132,0.090,0.061,0.151,0.081,0.076,0.031,0.113,0.050,0.102,0.096,0.051,0.116,0.043,0.038,0.049,0.038,0.054,0.045,0.072,0.056,0.088,0.103,0.148,0.036,0.076,0.045,0.090,0.080,0.041,0.066,0.060,0.046,0.048,0.061,0.088,0.082,0.050,0.117,0.132,0.146,0.099,0.097,0.115,0.072,0.081,0.148,0.065,0.078,0.063,0.052,0.102,0.053,0.020,0.059,0.057,0.009,0.033,0.026,0.038,0.088,0.091,0.085,0.088,0.090,0.061,0.053,0.096,0.057,0.043,0.038,0.047,0.042,0.043,0.042,0.053,0.045,0.045,0.043,0.036,0.043,0.044,0.042,0.039,0.043,0.047,0.058
LP6005441-DNA_B09,0.075,0.053,0.099,0.053,0.105,0.043,0.098,0.084,0.035,0.051,0.049,0.042,0.055,0.068,0.035,0.047,0.040,0.054,0.075,0.086,0.074,0.067,0.068,0.081,0.084,0.070,0.064,0.127,0.037,0.027,0.033,0.068,0.056,0.087,0.065,0.061,0.091,0.064,0.073,0.085,0.096,0.086,0.039,0.048,0.051,0.041,0.053,0.070,0.064,0.091,0.086,0.067,0.040,0.060,0.036,0.068,0.069,0.041,0.067,0.053,0.049,0.047,0.031,0.054,0.059,0.049,0.073,0.096,0.094,0.079,0.067,0.049,0.045,0.049,0.064,0.063,0.076,0.075,0.076,0.052,0.067,0.058,0.039,0.021,0.085,0.010,0.015,0.040,0.051,0.018,0.048,0.057,0.010,0.009,0.053,0.125,0.084,0.046,0.021,0.028,0.038,0.099,0.062,0.023,0.066,0.040,0.015,0.021,0.018,0.019,0.030,0.089,0.096,0.073,0.009,0.095,0.026,0.034,0.006,0.076,0.014,0.023,0.055,0.011,0.060,0.084,0.069,0.008,0.036,0.095,0.047,0.014,0.075,0.063,0.063,0.066,0.080,0.014,0.089,0.088,0.050,0.006,0.004,0.026,0.032,0.018,0.033,0.075,0.078,0.052,0.010,0.019,0.030,0.025,0.019,0.026,0.005,0.042,0.024,0.010,0.017,0.059,0.020,0.016,0.054,0.018,0.023,0.016,0.014,0.027,0.056,0.017,0.067,0.057,0.009,0.028,0.012,0.029,0.052,0.020,0.108,0.012,0.071,0.071,0.074,0.009,0.024,0.047,0.065,0.022,0.013,0.029,0.035,0.076,0.083,0.088,0.024,0.040,0.061,0.046,0.079,0.068,0.043,0.009,0.077,0.074,0.053,0.072,0.048,0.098,0.069,0.014,0.097,0.053,0.014,0.065,0.034,0.069,0.082,0.075,0.082,0.044,0.031,0.090,0.061,0.054,0.023,0.082,0.037,0.081,0.091,0.069,0.068,0.055,0.085,0.091,0.017,0.050,0.103,0.042,0.064,0.059,0.047,0.130,0.015,0.072,0.095,0.047,0.041,0.039,0.081,0.070,0.081,0.073,0.098,0.008,0.090,0.036,0.072,0.023,0.039,0.093,0.069,0.036,0.049,0.086,0.018,0.030,0.023,0.056,0.078,0.029,0.038,0.020,0.091,0.045,0.048,0.070,0.034,0.038,0.069,0.066,0.006,0.024,0.052,0.026,0.025,0.027,0.014,0.016,0.041,0.026,0.043,0.052,0.064,0.021,0.016,0.017,0.083,0.016,0.064,0.061,0.018,0.017,0.100,0.002,0.130,0.002,0.013,0.061,0.029,0.038,0.062,0.017,0.089,0.035,0.071,0.009,0.013,0.030,0.034,0.013,0.039,0.024,0.045,0.063,0.040,0.050,0.066,0.055,0.045,0.077,0.025,0.047,0.088,0.081,0.061,0.037,0.022,0.081,0.044,0.085,0.047,0.048,0.044,0.048,0.107,0.100,0.058,0.081,0.120,0.076,0.056,0.065,0.077,0.090,0.038,0.047,0.022,0.110,0.063,0.056,0.059,0.050,0.049,0.060,0.039,0.047,0.034,0.038,0.061,0.054,0.076,0.108,0.082,0.079,0.068,0.059,0.097,0.042,0.035,0.055,0.064,0.037,0.088,0.074,0.085,0.083,0.049,0.075,0.035,0.066,0.054,0.078,0.043,0.062,0.062,0.043,0.053,0.064,0.074,0.052,0.069,0.081,0.061,0.015,0.157,0.055,0.014,0.062,0.070,0.083,0.035,0.068,0.073,0.084,0.090,0.077,0.078,0.046,0.048,0.054,0.037,0.049,0.046,0.052,0.055,0.048,0.027,0.108,0.051,0.039,0.077,0.056,0.060,0.059,0.046,0.034,0.083
LP6005441-DNA_B10,0.074,0.070,0.080,0.060,0.086,0.104,0.008,0.050,0.065,0.051,0.052,0.039,0.052,0.037,0.053,0.057,0.041,0.050,0.045,0.050,0.058,0.049,0.038,0.028,0.036,0.045,0.035,0.042,0.054,0.041,0.043,0.045,0.049,0.035,0.003,0.005,0.003,0.004,0.003,0.003,0.073,0.082,0.244,0.226,0.236,0.204,0.202,0.257,0.255,0.230,0.252,0.223,0.199,0.215,0.213,0.199,0.232,0.237,0.216,0.213,0.184,0.208,0.184,0.193,0.220,0.214,0.238,0.096,0.075,0.061,0.069,0.078,0.076,0.060,0.058,0.054,0.072,0.013,0.013,0.018,0.026,0.014,0.022,0.001,0.138,0.001,0.001,0.205,0.003,0.001,0.098,0.004,0.002,0.004,0.002,0.006,0.272,0.002,0.001,0.002,0.001,0.002,0.002,0.001,0.002,0.001,0.001,0.000,0.001,0.002,0.001,0.002,0.006,0.005,0.001,0.003,0.002,0.002,0.002,0.003,0.001,0.001,0.002,0.002,0.004,0.001,0.005,0.000,0.001,0.001,0.002,0.002,0.003,0.002,0.005,0.007,0.004,0.001,0.004,0.005,0.004,0.001,0.001,0.002,0.003,0.001,0.004,0.002,0.004,0.005,0.001,0.001,0.003,0.002,0.002,0.001,0.001,0.003,0.003,0.001,0.005,0.002,0.002,0.002,0.003,0.001,0.003,0.003,0.002,0.002,0.002,0.002,0.004,0.001,0.000,0.002,0.001,0.001,0.004,0.001,0.002,0.001,0.003,0.002,0.002,0.002,0.003,0.004,0.001,0.001,0.002,0.001,0.001,0.003,0.002,0.003,0.003,0.002,0.002,0.005,0.003,0.004,0.002,0.001,0.002,0.225,0.003,0.003,0.004,0.002,0.001,0.001,0.007,0.222,0.002,0.002,0.000,0.005,0.003,0.248,0.235,0.004,0.002,0.006,0.004,0.003,0.003,0.004,0.201,0.263,0.006,0.005,0.003,0.215,0.253,0.003,0.001,0.004,0.003,0.002,0.005,0.003,0.222,0.213,0.000,0.002,0.004,0.007,0.001,0.002,0.242,0.002,0.003,0.003,0.004,0.002,0.226,0.003,0.003,0.002,0.002,0.002,0.006,0.004,0.001,0.003,0.002,0.003,0.003,0.003,0.003,0.001,0.004,0.002,0.002,0.005,0.002,0.005,0.002,0.003,0.005,0.005,0.003,0.003,0.004,0.002,0.002,0.002,0.003,0.002,0.002,0.003,0.002,0.004,0.002,0.001,0.002,0.003,0.002,0.001,0.002,0.003,0.001,0.001,0.003,0.001,0.005,0.001,0.001,0.001,0.002,0.002,0.002,0.003,0.005,0.005,0.005,0.001,0.001,0.005,0.005,0.003,0.005,0.003,0.003,0.074,0.201,0.210,0.192,0.211,0.214,0.228,0.169,0.004,0.004,0.004,0.003,0.003,0.003,0.003,0.003,0.208,0.200,0.187,0.146,0.211,0.115,0.174,0.004,0.003,0.003,0.003,0.004,0.003,0.002,0.002,0.001,0.002,0.004,0.004,0.002,0.001,0.002,0.229,0.139,0.220,0.096,0.191,0.205,0.161,0.222,0.045,0.036,0.041,0.069,0.042,0.037,0.046,0.038,0.031,0.043,0.032,0.061,0.040,0.042,0.048,0.035,0.051,0.052,0.053,0.069,0.011,0.025,0.006,0.016,0.011,0.014,0.003,0.002,0.004,0.002,0.004,0.007,0.002,0.002,0.001,0.004,0.231,0.001,0.005,0.123,0.130,0.004,0.007,0.008,0.005,0.004,0.004,0.002,0.005,0.068,0.138,0.147,0.154,0.162,0.136,0.130,0.157,0.136,0.111,0.128,0.136,0.134,0.144,0.159,0.132,0.130,0.085,0.101
LP6005441-DNA_B12,0.048,0.083,0.094,0.063,0.031,0.036,0.093,0.046,0.070,0.051,0.055,0.052,0.094,0.110,0.059,0.099,0.071,0.112,0.074,0.067,0.062,0.117,0.065,0.042,0.021,0.033,0.051,0.087,0.044,0.079,0.052,0.084,0.064,0.073,0.117,0.079,0.127,0.090,0.061,0.119,0.102,0.055,0.069,0.123,0.038,0.055,0.064,0.071,0.080,0.059,0.085,0.086,0.093,0.037,0.062,0.081,0.066,0.060,0.062,0.052,0.053,0.081,0.064,0.063,0.075,0.060,0.070,0.118,0.101,0.083,0.092,0.038,0.068,0.047,0.100,0.055,0.049,0.057,0.062,0.077,0.130,0.043,0.036,0.055,0.070,0.031,0.018,0.062,0.384,0.068,0.066,0.247,0.033,0.060,0.074,0.090,0.066,0.477,0.040,0.023,0.027,0.130,0.059,0.011,0.143,0.074,0.044,0.029,0.031,0.064,0.063,0.111,0.110,0.084,0.013,0.118,0.027,0.057,0.020,0.060,0.006,0.033,0.076,0.013,0.069,0.108,0.222,0.020,0.044,0.081,0.166,0.039,0.120,0.102,0.297,0.092,0.126,0.033,0.111,0.260,0.336,0.013,0.020,0.035,0.019,0.064,0.087,0.089,0.237,0.226,0.033,0.017,0.063,0.031,0.051,0.028,0.010,0.085,0.050,0.036,0.066,0.070,0.059,0.063,0.200,0.014,0.014,0.066,0.038,0.066,0.013,0.033,0.089,0.118,0.013,0.028,0.033,0.042,0.022,0.030,0.095,0.050,0.068,0.073,0.060,0.036,0.047,0.043,0.076,0.027,0.035,0.052,0.033,0.048,0.088,0.089,0.062,0.045,0.234,0.060,0.136,0.074,0.109,0.045,0.085,0.071,0.284,0.153,0.083,0.134,0.070,0.036,0.064,0.054,0.036,0.091,0.100,0.047,0.052,0.065,0.056,0.101,0.025,0.098,0.235,0.078,0.152,0.137,0.032,0.094,0.146,0.100,0.108,0.053,0.088,0.104,0.021,0.177,0.134,0.149,0.090,0.212,0.074,0.061,0.022,0.273,0.075,0.227,0.047,0.070,0.090,0.265,0.068,0.175,0.190,0.029,0.068,0.142,0.183,0.043,0.030,0.101,0.160,0.070,0.037,0.032,0.019,0.065,0.018,0.026,0.278,0.046,0.030,0.011,0.084,0.047,0.064,0.129,0.086,0.018,0.098,0.244,0.023,0.020,0.077,0.032,0.101,0.055,0.043,0.009,0.067,0.065,0.054,0.041,0.086,0.065,0.049,0.051,0.043,0.029,0.144,0.124,0.018,0.019,0.061,0.005,0.145,0.025,0.011,0.024,0.037,0.075,0.110,0.046,0.194,0.263,0.190,0.052,0.032,0.021,0.025,0.030,0.091,0.019,0.067,0.087,0.105,0.068,0.059,0.014,0.048,0.057,0.036,0.059,0.062,0.097,0.083,0.044,0.064,0.048,0.075,0.080,0.083,0.062,0.058,0.069,0.089,0.064,0.080,0.066,0.094,0.074,0.073,0.067,0.096,0.103,0.028,0.033,0.056,0.127,0.060,0.052,0.034,0.115,0.041,0.092,0.051,0.091,0.085,0.068,0.106,0.052,0.056,0.105,0.033,0.090,0.090,0.056,0.065,0.044,0.081,0.086,0.073,0.014,0.111,0.062,0.082,0.130,0.049,0.057,0.051,0.083,0.039,0.076,0.059,0.078,0.081,0.079,0.046,0.073,0.092,0.045,0.071,0.106,0.102,0.047,0.060,0.035,0.026,0.240,0.050,0.068,0.156,0.073,0.061,0.099,0.092,0.097,0.075,0.081,0.090,0.070,0.092,0.086,0.096,0.112,0.097,0.029,0.034,0.041,0.064,0.062,0.033,0.030,0.040,0.055,0.038,0.070,0.091
LP6005441-DNA_C01,0.054,0.057,0.027,0.009,0.036,0.006,0.041,0.023,0.041,0.026,0.021,0.027,0.023,0.044,0.049,0.046,0.023,0.086,0.082,0.021,0.073,0.014,0.032,0.051,0.085,0.054,0.065,0.050,0.041,0.032,0.032,0.092,0.075,0.076,0.078,0.055,0.033,0.077,0.091,0.018,0.071,0.061,0.037,0.061,0.054,0.081,0.072,0.065,0.064,0.061,0.030,0.079,0.108,0.057,0.071,0.087,0.048,0.068,0.038,0.044,0.080,0.061,0.063,0.101,0.064,0.094,0.100,0.028,0.059,0.038,0.075,0.040,0.046,0.052,0.038,0.028,0.040,0.074,0.027,0.018,0.062,0.009,0.009,0.030,0.034,0.023,0.049,0.073,0.047,0.059,0.039,0.064,0.028,0.090,0.020,0.062,0.028,0.063,0.078,0.073,0.031,0.083,0.065,0.064,0.027,0.023,0.076,0.027,0.056,0.072,0.054,0.089,0.022,0.046,0.082,0.074,0.020,0.076,0.046,0.047,0.070,0.049,0.076,0.081,0.037,0.090,0.052,0.024,0.097,0.069,0.068,0.061,0.037,0.043,0.044,0.094,0.032,0.052,0.022,0.034,0.025,0.019,0.018,0.029,0.071,0.066,0.038,0.073,0.039,0.050,0.025,0.056,0.078,0.072,0.058,0.029,0.038,0.051,0.024,0.093,0.064,0.025,0.024,0.047,0.014,0.038,0.057,0.086,0.037,0.078,0.016,0.028,0.064,0.045,0.022,0.034,0.031,0.035,0.032,0.050,0.063,0.082,0.054,0.020,0.028,0.052,0.045,0.043,0.070,0.027,0.026,0.068,0.039,0.099,0.060,0.059,0.042,0.086,0.043,0.101,0.083,0.037,0.032,0.029,0.067,0.081,0.051,0.060,0.101,0.034,0.042,0.073,0.037,0.075,0.064,0.034,0.044,0.033,0.032,0.073,0.072,0.099,0.018,0.019,0.060,0.046,0.049,0.070,0.055,0.058,0.102,0.036,0.064,0.046,0.072,0.066,0.048,0.025,0.061,0.043,0.060,0.070,0.078,0.095,0.009,0.016,0.084,0.081,0.076,0.034,0.016,0.062,0.028,0.050,0.062,0.015,0.044,0.054,0.021,0.083,0.116,0.076,0.044,0.050,0.083,0.021,0.045,0.050,0.048,0.071,0.048,0.004,0.042,0.075,0.043,0.032,0.060,0.067,0.071,0.058,0.038,0.051,0.059,0.101,0.058,0.080,0.067,0.032,0.031,0.028,0.051,0.080,0.024,0.048,0.066,0.058,0.056,0.023,0.064,0.043,0.066,0.048,0.048,0.015,0.103,0.071,0.080,0.043,0.019,0.025,0.021,0.035,0.039,0.093,0.031,0.081,0.100,0.041,0.041,0.046,0.087,0.026,0.066,0.016,0.088,0.054,0.075,0.103,0.031,0.027,0.022,0.047,0.018,0.038,0.037,0.049,0.055,0.035,0.034,0.052,0.036,0.042,0.058,0.073,0.054,0.043,0.051,0.046,0.047,0.112,0.066,0.088,0.059,0.057,0.059,0.050,0.027,0.042,0.033,0.063,0.057,0.042,0.095,0.072,0.029,0.094,0.057,0.068,0.091,0.036,0.030,0.048,0.040,0.028,0.056,0.031,0.059,0.042,0.036,0.043,0.015,0.011,0.021,0.028,0.075,0.093,0.038,0.059,0.079,0.040,0.030,0.056,0.017,0.032,0.072,0.031,0.054,0.078,0.081,0.084,0.036,0.054,0.046,0.058,0.058,0.049,0.032,0.044,0.011,0.049,0.039,0.045,0.063,0.035,0.048,0.032,0.047,0.039,0.050,0.053,0.029,0.076,0.082,0.108,0.092,0.068,0.077,0.046,0.068,0.053,0.091,0.054,0.076,0.037,0.067,0.083,0.047,0.058,0.048
LP6005441-DNA_C02,0.045,0.063,0.043,0.100,0.102,0.059,0.093,0.041,0.044,0.078,0.047,0.004,0.040,0.066,0.061,0.080,0.033,0.112,0.107,0.150,0.132,0.058,0.115,0.069,0.068,0.045,0.100,0.134,0.064,0.026,0.074,0.068,0.089,0.110,0.069,0.048,0.022,0.062,0.046,0.069,0.031,0.106,0.093,0.083,0.106,0.096,0.090,0.099,0.061,0.102,0.039,0.088,0.093,0.059,0.084,0.060,0.075,0.098,0.051,0.145,0.044,0.063,0.094,0.079,0.062,0.118,0.133,0.094,0.097,0.044,0.098,0.080,0.077,0.101,0.105,0.069,0.060,0.075,0.073,0.052,0.063,0.041,0.043,0.103,0.066,0.047,0.053,0.154,0.049,0.115,0.051,0.040,0.033,0.090,0.022,0.109,0.111,0.046,0.119,0.097,0.049,0.047,0.060,0.097,0.103,0.070,0.077,0.095,0.016,0.057,0.031,0.073,0.060,0.052,0.033,0.095,0.088,0.040,0.048,0.036,0.072,0.100,0.076,0.097,0.099,0.116,0.101,0.072,0.128,0.062,0.130,0.056,0.035,0.085,0.119,0.042,0.082,0.054,0.074,0.076,0.051,0.031,0.003,0.164,0.102,0.060,0.019,0.045,0.078,0.035,0.052,0.095,0.108,0.128,0.048,0.106,0.050,0.057,0.109,0.006,0.086,0.112,0.105,0.069,0.042,0.007,0.153,0.039,0.098,0.082,0.024,0.085,0.043,0.046,0.029,0.086,0.040,0.034,0.035,0.064,0.106,0.082,0.102,0.068,0.096,0.055,0.116,0.181,0.080,0.081,0.009,0.064,0.091,0.109,0.091,0.085,0.074,0.081,0.104,0.096,0.074,0.102,0.061,0.041,0.132,0.132,0.059,0.074,0.098,0.049,0.102,0.043,0.050,0.097,0.086,0.085,0.047,0.062,0.083,0.090,0.080,0.161,0.067,0.074,0.091,0.043,0.046,0.068,0.037,0.054,0.128,0.052,0.127,0.117,0.046,0.071,0.102,0.061,0.073,0.045,0.109,0.082,0.113,0.103,0.043,0.032,0.073,0.065,0.072,0.014,0.089,0.067,0.041,0.041,0.073,0.054,0.066,0.045,0.052,0.091,0.089,0.058,0.073,0.048,0.052,0.077,0.044,0.100,0.058,0.046,0.099,0.024,0.063,0.055,0.078,0.096,0.111,0.119,0.103,0.067,0.031,0.025,0.019,0.091,0.104,0.094,0.088,0.095,0.093,0.084,0.097,0.120,0.030,0.072,0.028,0.015,0.082,0.074,0.098,0.062,0.145,0.059,0.046,0.061,0.034,0.033,0.062,0.078,0.062,0.050,0.051,0.043,0.068,0.074,0.047,0.072,0.092,0.052,0.045,0.123,0.120,0.079,0.128,0.053,0.109,0.115,0.093,0.128,0.058,0.031,0.052,0.032,0.040,0.062,0.112,0.081,0.102,0.071,0.069,0.047,0.058,0.119,0.087,0.086,0.085,0.127,0.116,0.055,0.059,0.083,0.068,0.135,0.119,0.066,0.082,0.105,0.025,0.054,0.001,0.052,0.106,0.044,0.064,0.072,0.095,0.099,0.076,0.068,0.039,0.069,0.053,0.068,0.067,0.094,0.127,0.131,0.054,0.101,0.060,0.118,0.044,0.040,0.037,0.054,0.075,0.080,0.066,0.072,0.058,0.067,0.037,0.109,0.032,0.030,0.042,0.098,0.053,0.057,0.125,0.091,0.101,0.150,0.113,0.075,0.089,0.087,0.106,0.098,0.043,0.056,0.031,0.088,0.039,0.044,0.121,0.078,0.082,0.103,0.105,0.097,0.025,0.142,0.154,0.092,0.081,0.169,0.207,0.080,0.196,0.137,0.120,0.204,0.134,0.124,0.100,0.135,0.107,0.045,0.070
LP6005441-DNA_C03,0.020,0.090,0.028,0.056,0.033,0.029,0.030,0.062,0.048,0.016,0.012,0.007,0.036,0.061,0.025,0.058,0.022,0.028,0.035,0.071,0.054,0.044,0.015,0.045,0.074,0.064,0.056,0.029,0.034,0.018,0.056,0.038,0.068,0.026,0.047,0.042,0.014,0.057,0.023,0.032,0.021,0.014,0.058,0.055,0.061,0.058,0.052,0.048,0.041,0.027,0.037,0.072,0.035,0.036,0.046,0.043,0.080,0.030,0.077,0.061,0.032,0.027,0.122,0.057,0.058,0.099,0.065,0.041,0.035,0.040,0.036,0.050,0.036,0.021,0.040,0.025,0.012,0.061,0.005,0.020,0.056,0.038,0.021,0.027,0.155,0.023,0.033,0.050,0.028,0.017,0.074,0.032,0.021,0.011,0.015,0.075,0.037,0.030,0.023,0.025,0.017,0.060,0.050,0.057,0.064,0.024,0.023,0.020,0.012,0.026,0.047,0.065,0.036,0.033,0.019,0.010,0.031,0.019,0.014,0.066,0.019,0.033,0.048,0.069,0.024,0.044,0.035,0.023,0.010,0.023,0.019,0.010,0.020,0.050,0.019,0.042,0.047,0.024,0.026,0.027,0.030,0.026,0.011,0.018,0.021,0.021,0.017,0.045,0.024,0.035,0.016,0.011,0.017,0.027,0.021,0.016,0.041,0.042,0.023,0.014,0.023,0.032,0.020,0.023,0.031,0.018,0.031,0.023,0.017,0.023,0.022,0.027,0.037,0.038,0.016,0.009,0.052,0.029,0.025,0.028,0.033,0.019,0.065,0.056,0.036,0.078,0.044,0.037,0.014,0.010,0.014,0.052,0.039,0.021,0.021,0.037,0.015,0.024,0.031,0.048,0.072,0.027,0.044,0.017,0.019,0.065,0.031,0.049,0.025,0.032,0.040,0.018,0.063,0.082,0.020,0.021,0.028,0.066,0.033,0.030,0.030,0.010,0.074,0.044,0.027,0.033,0.014,0.055,0.024,0.021,0.031,0.018,0.049,0.044,0.056,0.036,0.020,0.019,0.041,0.026,0.068,0.045,0.035,0.028,0.011,0.016,0.047,0.035,0.033,0.012,0.025,0.028,0.040,0.024,0.027,0.008,0.049,0.049,0.038,0.031,0.024,0.025,0.072,0.018,0.018,0.064,0.014,0.005,0.019,0.058,0.048,0.051,0.018,0.031,0.046,0.017,0.045,0.036,0.018,0.042,0.017,0.052,0.002,0.041,0.032,0.046,0.011,0.007,0.019,0.011,0.039,0.023,0.020,0.034,0.031,0.011,0.022,0.032,0.019,0.025,0.017,0.040,0.029,0.022,0.048,0.030,0.028,0.019,0.003,0.050,0.023,0.053,0.038,0.023,0.041,0.024,0.046,0.007,0.020,0.017,0.015,0.008,0.018,0.016,0.041,0.035,0.052,0.068,0.029,0.028,0.065,0.049,0.013,0.036,0.041,0.049,0.059,0.016,0.019,0.014,0.018,0.111,0.038,0.032,0.029,0.046,0.058,0.024,0.014,0.078,0.061,0.031,0.030,0.033,0.048,0.043,0.025,0.018,0.009,0.035,0.027,0.016,0.018,0.041,0.071,0.038,0.026,0.025,0.022,0.026,0.039,0.028,0.048,0.069,0.043,0.027,0.040,0.037,0.038,0.052,0.013,0.028,0.067,0.043,0.038,0.077,0.043,0.021,0.034,0.029,0.031,0.030,0.015,0.038,0.035,0.019,0.054,0.020,0.026,0.051,0.027,0.029,0.030,0.028,0.042,0.016,0.048,0.026,0.009,0.036,0.096,0.054,0.016,0.043,0.030,0.036,0.065,0.031,0.035,0.040,0.030,0.057,0.072,0.034,0.074,0.036,0.066,0.042,0.064,0.097,0.036,0.050,0.084,0.072,0.030,0.068,0.051,0.036,0.073
LP6005441-DNA_C05,0.049,0.082,0.069,0.110,0.063,0.079,0.088,0.054,0.083,0.076,0.084,0.094,0.109,0.081,0.031,0.127,0.071,0.103,0.135,0.111,0.115,0.123,0.084,0.084,0.107,0.153,0.074,0.098,0.073,0.107,0.091,0.146,0.151,0.111,0.148,0.109,0.077,0.138,0.143,0.101,0.133,0.092,0.099,0.039,0.065,0.058,0.074,0.088,0.043,0.056,0.061,0.075,0.062,0.046,0.035,0.084,0.092,0.044,0.072,0.102,0.061,0.034,0.060,0.067,0.092,0.063,0.059,0.125,0.101,0.093,0.097,0.046,0.079,0.076,0.080,0.114,0.103,0.170,0.106,0.055,0.125,0.075,0.071,0.028,0.075,0.022,0.016,0.027,0.089,0.010,0.066,0.051,0.020,0.017,0.103,0.156,0.047,0.105,0.065,0.020,0.048,0.206,0.095,0.016,0.121,0.041,0.022,0.006,0.016,0.019,0.058,0.114,0.129,0.078,0.017,0.140,0.025,0.018,0.011,0.118,0.012,0.015,0.044,0.008,0.101,0.064,0.066,0.002,0.022,0.115,0.061,0.006,0.111,0.084,0.086,0.168,0.107,0.005,0.083,0.135,0.100,0.002,0.003,0.029,0.028,0.012,0.143,0.120,0.103,0.082,0.014,0.008,0.030,0.019,0.020,0.022,0.024,0.076,0.036,0.025,0.016,0.071,0.036,0.018,0.084,0.021,0.014,0.028,0.021,0.075,0.094,0.016,0.133,0.087,0.005,0.033,0.025,0.033,0.054,0.014,0.128,0.008,0.072,0.068,0.071,0.001,0.015,0.045,0.086,0.027,0.019,0.067,0.031,0.056,0.086,0.091,0.038,0.042,0.072,0.066,0.110,0.116,0.034,0.010,0.147,0.078,0.112,0.171,0.047,0.109,0.071,0.014,0.108,0.051,0.008,0.076,0.060,0.107,0.073,0.036,0.091,0.091,0.024,0.123,0.085,0.052,0.036,0.149,0.048,0.057,0.143,0.066,0.068,0.079,0.080,0.144,0.020,0.041,0.088,0.026,0.114,0.104,0.042,0.080,0.021,0.081,0.116,0.103,0.043,0.092,0.070,0.081,0.085,0.073,0.090,0.009,0.065,0.056,0.077,0.010,0.034,0.071,0.103,0.043,0.029,0.085,0.033,0.042,0.040,0.215,0.137,0.034,0.028,0.030,0.128,0.044,0.062,0.171,0.038,0.021,0.113,0.110,0.006,0.064,0.046,0.015,0.026,0.019,0.024,0.013,0.029,0.044,0.054,0.046,0.065,0.024,0.021,0.017,0.084,0.004,0.070,0.074,0.015,0.014,0.125,0.003,0.213,0.013,0.008,0.048,0.015,0.042,0.077,0.031,0.066,0.065,0.094,0.022,0.019,0.036,0.027,0.035,0.061,0.011,0.066,0.112,0.082,0.036,0.044,0.057,0.083,0.103,0.010,0.097,0.082,0.076,0.090,0.047,0.073,0.076,0.084,0.064,0.046,0.077,0.054,0.061,0.074,0.056,0.125,0.165,0.131,0.088,0.055,0.065,0.119,0.130,0.069,0.088,0.057,0.124,0.124,0.032,0.114,0.042,0.080,0.088,0.084,0.084,0.035,0.081,0.067,0.086,0.078,0.091,0.097,0.063,0.100,0.074,0.095,0.095,0.063,0.054,0.099,0.062,0.097,0.144,0.139,0.128,0.059,0.110,0.091,0.110,0.072,0.074,0.072,0.070,0.108,0.055,0.063,0.121,0.124,0.057,0.097,0.089,0.077,0.023,0.122,0.036,0.015,0.108,0.076,0.086,0.049,0.098,0.077,0.122,0.133,0.112,0.086,0.063,0.061,0.083,0.131,0.101,0.078,0.103,0.060,0.074,0.090,0.098,0.065,0.064,0.090,0.074,0.041,0.087,0.063,0.087,0.053
LP6005441-DNA_C06,0.048,0.082,0.034,0.061,0.052,0.087,0.072,0.061,0.036,0.053,0.052,0.016,0.119,0.085,0.083,0.099,0.059,0.138,0.084,0.040,0.124,0.105,0.052,0.067,0.062,0.079,0.098,0.126,0.052,0.028,0.049,0.090,0.120,0.069,0.079,0.075,0.038,0.064,0.070,0.101,0.095,0.087,0.044,0.066,0.026,0.097,0.051,0.020,0.080,0.081,0.057,0.065,0.070,0.058,0.018,0.075,0.064,0.019,0.061,0.066,0.069,0.058,0.055,0.041,0.060,0.032,0.060,0.079,0.042,0.057,0.056,0.092,0.079,0.127,0.046,0.073,0.078,0.076,0.051,0.040,0.056,0.064,0.035,0.021,0.051,0.036,0.033,0.086,0.056,0.015,0.099,0.040,0.015,0.013,0.051,0.086,0.038,0.042,0.040,0.022,0.034,0.083,0.113,0.011,0.089,0.043,0.012,0.020,0.018,0.014,0.022,0.097,0.089,0.106,0.007,0.068,0.019,0.017,0.015,0.078,0.009,0.047,0.038,0.022,0.037,0.071,0.058,0.009,0.025,0.061,0.043,0.024,0.083,0.107,0.051,0.117,0.055,0.013,0.057,0.068,0.066,0.005,0.014,0.025,0.022,0.020,0.065,0.120,0.065,0.049,0.007,0.007,0.039,0.040,0.017,0.021,0.008,0.030,0.020,0.011,0.012,0.073,0.025,0.010,0.057,0.006,0.016,0.028,0.007,0.029,0.110,0.011,0.077,0.090,0.006,0.025,0.016,0.025,0.036,0.023,0.079,0.043,0.122,0.075,0.109,0.002,0.015,0.068,0.063,0.026,0.013,0.022,0.031,0.052,0.112,0.109,0.015,0.015,0.095,0.043,0.116,0.076,0.032,0.010,0.085,0.051,0.056,0.061,0.036,0.044,0.099,0.037,0.077,0.034,0.004,0.086,0.031,0.081,0.112,0.051,0.035,0.095,0.013,0.075,0.107,0.077,0.026,0.104,0.035,0.076,0.072,0.059,0.090,0.026,0.049,0.088,0.012,0.056,0.085,0.065,0.081,0.074,0.068,0.066,0.011,0.073,0.084,0.095,0.021,0.123,0.059,0.056,0.056,0.054,0.103,0.006,0.042,0.051,0.032,0.023,0.045,0.062,0.073,0.023,0.029,0.046,0.018,0.016,0.009,0.075,0.045,0.021,0.036,0.018,0.057,0.020,0.082,0.112,0.024,0.017,0.038,0.043,0.008,0.056,0.014,0.015,0.023,0.038,0.022,0.010,0.050,0.036,0.125,0.037,0.076,0.004,0.015,0.011,0.136,0.010,0.086,0.059,0.021,0.005,0.065,0.004,0.077,0.009,0.002,0.037,0.025,0.057,0.074,0.022,0.080,0.044,0.045,0.008,0.014,0.015,0.023,0.035,0.042,0.029,0.042,0.070,0.086,0.103,0.099,0.071,0.076,0.067,0.087,0.068,0.119,0.076,0.143,0.068,0.123,0.089,0.066,0.045,0.085,0.035,0.024,0.057,0.051,0.021,0.070,0.084,0.095,0.072,0.071,0.062,0.066,0.174,0.060,0.047,0.055,0.062,0.061,0.044,0.065,0.030,0.087,0.090,0.018,0.037,0.022,0.029,0.061,0.098,0.070,0.069,0.086,0.087,0.046,0.074,0.103,0.055,0.086,0.042,0.054,0.056,0.048,0.070,0.044,0.049,0.085,0.034,0.035,0.079,0.074,0.090,0.076,0.112,0.052,0.054,0.100,0.064,0.061,0.079,0.078,0.056,0.044,0.047,0.097,0.041,0.007,0.060,0.039,0.051,0.029,0.063,0.049,0.069,0.092,0.089,0.041,0.071,0.042,0.050,0.060,0.052,0.036,0.023,0.041,0.030,0.061,0.053,0.026,0.041,0.043,0.040,0.024,0.034,0.029,0.134,0.062
LP6005441-DNA_C07,0.084,0.059,0.027,0.067,0.048,0.057,0.030,0.070,0.033,0.039,0.040,0.017,0.036,0.032,0.057,0.032,0.029,0.098,0.069,0.044,0.059,0.033,0.057,0.058,0.047,0.034,0.055,0.085,0.044,0.042,0.055,0.068,0.061,0.049,0.050,0.048,0.024,0.026,0.031,0.036,0.068,0.114,0.041,0.088,0.086,0.063,0.064,0.058,0.072,0.057,0.035,0.077,0.113,0.099,0.083,0.063,0.047,0.068,0.041,0.049,0.101,0.080,0.080,0.077,0.085,0.083,0.098,0.027,0.060,0.037,0.059,0.055,0.039,0.045,0.057,0.056,0.052,0.046,0.017,0.005,0.058,0.041,0.018,0.052,0.049,0.032,0.017,0.086,0.022,0.031,0.043,0.020,0.025,0.020,0.029,0.045,0.075,0.014,0.067,0.062,0.063,0.022,0.015,0.006,0.048,0.052,0.062,0.027,0.039,0.043,0.038,0.046,0.044,0.021,0.024,0.015,0.030,0.090,0.002,0.026,0.024,0.028,0.059,0.109,0.048,0.039,0.051,0.027,0.049,0.039,0.006,0.009,0.025,0.015,0.049,0.044,0.073,0.016,0.035,0.020,0.014,0.002,0.015,0.026,0.061,0.011,0.022,0.023,0.027,0.009,0.050,0.016,0.030,0.017,0.015,0.041,0.067,0.013,0.058,0.054,0.068,0.024,0.025,0.042,0.016,0.012,0.027,0.064,0.024,0.024,0.007,0.056,0.038,0.014,0.019,0.015,0.058,0.003,0.000,0.041,0.031,0.039,0.032,0.026,0.039,0.089,0.036,0.043,0.023,0.046,0.005,0.040,0.027,0.086,0.031,0.017,0.052,0.049,0.017,0.078,0.023,0.034,0.071,0.038,0.025,0.095,0.017,0.018,0.028,0.021,0.039,0.046,0.019,0.094,0.023,0.053,0.009,0.031,0.021,0.062,0.112,0.086,0.057,0.021,0.026,0.016,0.003,0.042,0.068,0.088,0.024,0.036,0.054,0.086,0.065,0.016,0.032,0.020,0.036,0.027,0.034,0.018,0.060,0.124,0.002,0.019,0.044,0.014,0.068,0.020,0.068,0.029,0.019,0.019,0.039,0.044,0.055,0.022,0.022,0.036,0.037,0.014,0.030,0.017,0.126,0.042,0.082,0.082,0.005,0.031,0.043,0.049,0.096,0.015,0.038,0.017,0.047,0.034,0.071,0.082,0.021,0.015,0.057,0.045,0.063,0.119,0.013,0.023,0.015,0.012,0.031,0.006,0.018,0.023,0.024,0.014,0.028,0.012,0.047,0.064,0.035,0.008,0.012,0.080,0.080,0.010,0.027,0.008,0.014,0.047,0.022,0.034,0.058,0.110,0.028,0.035,0.027,0.023,0.020,0.104,0.031,0.029,0.035,0.058,0.090,0.061,0.052,0.079,0.035,0.068,0.072,0.077,0.030,0.070,0.042,0.018,0.039,0.025,0.043,0.040,0.024,0.062,0.118,0.079,0.052,0.057,0.055,0.106,0.022,0.049,0.066,0.063,0.026,0.028,0.033,0.027,0.007,0.025,0.024,0.020,0.029,0.016,0.025,0.082,0.078,0.093,0.052,0.092,0.110,0.108,0.028,0.023,0.014,0.046,0.031,0.056,0.015,0.053,0.027,0.050,0.024,0.007,0.009,0.033,0.070,0.037,0.052,0.061,0.048,0.045,0.044,0.066,0.082,0.033,0.043,0.057,0.022,0.033,0.064,0.037,0.031,0.047,0.037,0.041,0.040,0.026,0.038,0.077,0.009,0.016,0.109,0.080,0.022,0.029,0.050,0.048,0.046,0.033,0.061,0.049,0.051,0.063,0.032,0.064,0.120,0.091,0.085,0.074,0.039,0.034,0.098,0.095,0.104,0.059,0.047,0.060,0.039,0.025,0.028
LP6005441-DNA_C08,0.059,0.051,0.079,0.080,0.060,0.081,0.099,0.071,0.071,0.079,0.040,0.038,0.134,0.074,0.057,0.158,0.110,0.111,0.127,0.128,0.113,0.150,0.092,0.097,0.090,0.077,0.118,0.123,0.092,0.122,0.090,0.055,0.132,0.073,0.094,0.162,0.107,0.066,0.079,0.072,0.058,0.110,0.066,0.073,0.073,0.086,0.043,0.051,0.084,0.039,0.076,0.078,0.050,0.053,0.061,0.062,0.047,0.036,0.057,0.109,0.069,0.038,0.066,0.061,0.079,0.033,0.081,0.106,0.083,0.112,0.079,0.065,0.080,0.079,0.088,0.072,0.070,0.180,0.119,0.092,0.184,0.049,0.073,0.037,0.036,0.019,0.016,0.057,0.100,0.043,0.048,0.044,0.016,0.016,0.117,0.111,0.048,0.123,0.015,0.041,0.049,0.127,0.097,0.038,0.210,0.028,0.020,0.021,0.023,0.019,0.040,0.119,0.124,0.089,0.027,0.127,0.032,0.022,0.013,0.101,0.023,0.047,0.077,0.022,0.139,0.084,0.076,0.006,0.053,0.155,0.087,0.030,0.122,0.059,0.070,0.153,0.094,0.014,0.134,0.055,0.111,0.006,0.006,0.023,0.021,0.027,0.052,0.176,0.088,0.123,0.014,0.009,0.036,0.030,0.009,0.031,0.012,0.049,0.028,0.008,0.015,0.115,0.029,0.018,0.046,0.011,0.029,0.034,0.014,0.028,0.085,0.028,0.088,0.143,0.012,0.017,0.023,0.022,0.091,0.016,0.119,0.017,0.122,0.058,0.165,0.005,0.042,0.043,0.066,0.040,0.010,0.038,0.037,0.037,0.194,0.109,0.041,0.023,0.068,0.074,0.192,0.122,0.036,0.019,0.088,0.087,0.120,0.113,0.060,0.074,0.118,0.017,0.099,0.058,0.020,0.092,0.079,0.101,0.185,0.053,0.062,0.078,0.024,0.157,0.146,0.068,0.025,0.158,0.031,0.046,0.031,0.062,0.069,0.053,0.076,0.123,0.023,0.069,0.192,0.065,0.117,0.068,0.052,0.045,0.012,0.130,0.110,0.069,0.059,0.055,0.077,0.073,0.141,0.030,0.116,0.012,0.049,0.045,0.042,0.028,0.025,0.106,0.063,0.019,0.043,0.097,0.018,0.065,0.011,0.072,0.125,0.010,0.018,0.018,0.087,0.049,0.047,0.140,0.036,0.026,0.132,0.066,0.006,0.039,0.019,0.029,0.015,0.020,0.018,0.028,0.042,0.033,0.097,0.058,0.077,0.004,0.017,0.023,0.095,0.018,0.113,0.119,0.006,0.036,0.050,0.004,0.153,0.015,0.001,0.068,0.033,0.050,0.119,0.016,0.070,0.050,0.105,0.017,0.013,0.039,0.029,0.029,0.043,0.037,0.101,0.071,0.055,0.065,0.076,0.044,0.077,0.059,0.046,0.150,0.096,0.093,0.094,0.096,0.063,0.054,0.070,0.094,0.077,0.055,0.035,0.065,0.085,0.034,0.083,0.091,0.146,0.123,0.088,0.076,0.100,0.113,0.070,0.067,0.035,0.075,0.085,0.090,0.065,0.050,0.054,0.083,0.039,0.065,0.048,0.051,0.042,0.060,0.070,0.110,0.093,0.089,0.074,0.088,0.079,0.110,0.040,0.079,0.072,0.081,0.070,0.071,0.078,0.156,0.075,0.102,0.079,0.157,0.074,0.093,0.076,0.090,0.087,0.076,0.113,0.091,0.166,0.102,0.099,0.135,0.089,0.029,0.082,0.040,0.014,0.086,0.047,0.077,0.079,0.088,0.078,0.071,0.133,0.101,0.100,0.062,0.046,0.068,0.056,0.042,0.049,0.043,0.078,0.033,0.082,0.075,0.040,0.067,0.079,0.075,0.044,0.047,0.068,0.052,0.094
LP6005441-DNA_C09,0.048,0.047,0.114,0.032,0.030,0.092,0.098,0.011,0.070,0.055,0.049,0.017,0.110,0.039,0.038,0.026,0.081,0.083,0.052,0.104,0.032,0.065,0.096,0.042,0.048,0.100,0.050,0.107,0.060,0.045,0.084,0.030,0.106,0.039,0.081,0.062,0.096,0.064,0.075,0.089,0.072,0.098,0.069,0.159,0.080,0.104,0.091,0.024,0.063,0.047,0.136,0.108,0.052,0.043,0.099,0.069,0.050,0.088,0.124,0.069,0.052,0.128,0.076,0.093,0.125,0.038,0.109,0.078,0.093,0.111,0.075,0.036,0.055,0.082,0.058,0.082,0.070,0.034,0.032,0.079,0.025,0.041,0.070,0.074,0.051,0.112,0.092,0.080,0.115,0.050,0.064,0.081,0.093,0.131,0.041,0.128,0.066,0.120,0.034,0.060,0.036,0.083,0.097,0.061,0.054,0.095,0.051,0.031,0.046,0.152,0.035,0.081,0.092,0.063,0.067,0.063,0.056,0.080,0.072,0.074,0.030,0.057,0.096,0.069,0.033,0.078,0.115,0.017,0.092,0.038,0.152,0.094,0.062,0.092,0.148,0.045,0.093,0.061,0.123,0.153,0.071,0.012,0.010,0.106,0.142,0.131,0.055,0.075,0.117,0.095,0.102,0.037,0.063,0.033,0.141,0.079,0.058,0.080,0.062,0.159,0.010,0.079,0.073,0.077,0.145,0.115,0.026,0.119,0.088,0.085,0.043,0.110,0.133,0.076,0.013,0.057,0.068,0.069,0.025,0.056,0.064,0.103,0.098,0.104,0.071,0.073,0.032,0.053,0.035,0.070,0.070,0.138,0.062,0.092,0.070,0.063,0.148,0.141,0.150,0.151,0.088,0.097,0.117,0.102,0.076,0.093,0.136,0.088,0.068,0.090,0.108,0.086,0.081,0.121,0.074,0.052,0.089,0.064,0.058,0.104,0.105,0.075,0.086,0.112,0.151,0.125,0.134,0.101,0.037,0.113,0.103,0.081,0.174,0.124,0.068,0.081,0.104,0.083,0.059,0.089,0.096,0.145,0.136,0.066,0.039,0.111,0.075,0.118,0.107,0.018,0.134,0.119,0.082,0.116,0.124,0.039,0.062,0.089,0.085,0.023,0.053,0.119,0.087,0.027,0.021,0.043,0.004,0.086,0.048,0.023,0.103,0.073,0.069,0.096,0.068,0.058,0.057,0.088,0.123,0.115,0.040,0.125,0.044,0.051,0.065,0.013,0.123,0.085,0.081,0.033,0.056,0.083,0.061,0.120,0.018,0.113,0.040,0.084,0.061,0.103,0.074,0.130,0.073,0.011,0.108,0.030,0.054,0.029,0.004,0.057,0.090,0.105,0.128,0.157,0.130,0.093,0.125,0.091,0.094,0.017,0.030,0.029,0.042,0.068,0.094,0.046,0.087,0.086,0.098,0.089,0.135,0.113,0.039,0.056,0.049,0.085,0.060,0.089,0.092,0.032,0.067,0.094,0.074,0.084,0.083,0.087,0.134,0.042,0.060,0.033,0.036,0.023,0.032,0.100,0.076,0.080,0.005,0.023,0.013,0.040,0.040,0.054,0.061,0.085,0.059,0.129,0.053,0.083,0.130,0.080,0.118,0.123,0.109,0.139,0.064,0.069,0.046,0.036,0.067,0.047,0.053,0.102,0.121,0.034,0.113,0.044,0.022,0.075,0.124,0.075,0.058,0.055,0.041,0.122,0.040,0.068,0.051,0.030,0.042,0.020,0.038,0.043,0.065,0.079,0.061,0.120,0.090,0.049,0.039,0.158,0.067,0.149,0.104,0.099,0.074,0.065,0.098,0.087,0.037,0.057,0.094,0.026,0.043,0.078,0.036,0.077,0.088,0.108,0.024,0.082,0.072,0.134,0.067,0.037,0.063,0.052,0.023,0.025,0.091
LP6005441-DNA_C10,0.070,0.062,0.037,0.038,0.018,0.035,0.009,0.028,0.051,0.011,0.025,0.015,0.023,0.034,0.066,0.055,0.019,0.056,0.085,0.026,0.057,0.016,0.032,0.031,0.025,0.042,0.057,0.026,0.029,0.019,0.031,0.060,0.044,0.014,0.044,0.044,0.023,0.028,0.029,0.012,0.058,0.074,0.028,0.092,0.045,0.081,0.061,0.055,0.061,0.059,0.056,0.079,0.136,0.073,0.088,0.044,0.024,0.090,0.034,0.029,0.101,0.061,0.047,0.076,0.069,0.114,0.077,0.043,0.075,0.016,0.075,0.020,0.044,0.023,0.033,0.028,0.045,0.021,0.033,0.020,0.020,0.020,0.016,0.034,0.023,0.024,0.019,0.048,0.045,0.013,0.027,0.050,0.023,0.038,0.021,0.028,0.022,0.043,0.037,0.032,0.019,0.024,0.016,0.026,0.019,0.026,0.020,0.009,0.017,0.038,0.013,0.034,0.021,0.027,0.023,0.016,0.051,0.036,0.014,0.018,0.030,0.029,0.071,0.044,0.019,0.032,0.032,0.032,0.047,0.011,0.023,0.032,0.018,0.026,0.045,0.024,0.015,0.027,0.027,0.014,0.024,0.019,0.013,0.028,0.050,0.026,0.019,0.034,0.026,0.037,0.014,0.036,0.015,0.085,0.027,0.016,0.012,0.024,0.020,0.041,0.064,0.040,0.018,0.028,0.056,0.037,0.027,0.099,0.013,0.020,0.015,0.046,0.024,0.016,0.007,0.024,0.040,0.023,0.016,0.041,0.027,0.018,0.035,0.046,0.030,0.033,0.036,0.024,0.013,0.016,0.027,0.047,0.045,0.037,0.016,0.027,0.044,0.041,0.045,0.044,0.050,0.024,0.030,0.025,0.039,0.103,0.046,0.027,0.026,0.042,0.026,0.051,0.026,0.089,0.017,0.017,0.031,0.032,0.034,0.081,0.079,0.049,0.017,0.021,0.039,0.045,0.058,0.045,0.068,0.063,0.036,0.008,0.045,0.018,0.055,0.016,0.018,0.029,0.045,0.033,0.056,0.051,0.094,0.108,0.024,0.026,0.019,0.046,0.041,0.017,0.030,0.030,0.028,0.032,0.060,0.027,0.044,0.034,0.023,0.025,0.093,0.035,0.031,0.023,0.055,0.010,0.014,0.095,0.014,0.024,0.039,0.014,0.027,0.047,0.063,0.068,0.020,0.024,0.012,0.033,0.019,0.053,0.063,0.025,0.027,0.030,0.025,0.018,0.021,0.008,0.061,0.023,0.017,0.038,0.026,0.022,0.012,0.045,0.010,0.012,0.013,0.027,0.034,0.007,0.037,0.014,0.022,0.010,0.012,0.046,0.022,0.025,0.033,0.041,0.035,0.057,0.055,0.017,0.024,0.046,0.071,0.009,0.015,0.030,0.051,0.027,0.074,0.133,0.035,0.030,0.042,0.082,0.016,0.028,0.038,0.035,0.029,0.029,0.019,0.012,0.027,0.027,0.061,0.075,0.070,0.040,0.046,0.097,0.021,0.032,0.020,0.024,0.021,0.022,0.013,0.029,0.033,0.013,0.027,0.042,0.014,0.009,0.021,0.066,0.024,0.079,0.041,0.081,0.109,0.043,0.072,0.017,0.018,0.027,0.013,0.022,0.031,0.033,0.017,0.035,0.027,0.028,0.010,0.028,0.064,0.021,0.007,0.027,0.065,0.031,0.035,0.016,0.016,0.013,0.045,0.019,0.023,0.037,0.049,0.029,0.020,0.016,0.017,0.027,0.023,0.037,0.030,0.076,0.011,0.048,0.028,0.042,0.038,0.031,0.030,0.032,0.035,0.011,0.024,0.039,0.014,0.049,0.031,0.042,0.087,0.038,0.089,0.066,0.036,0.023,0.088,0.034,0.056,0.023,0.036,0.046,0.029,0.020,0.037
LP6005441-DNA_C11,0.026,0.053,0.087,0.063,0.048,0.037,0.062,0.016,0.021,0.041,0.021,0.003,0.046,0.096,0.029,0.024,0.094,0.086,0.138,0.036,0.096,0.046,0.051,0.037,0.076,0.028,0.039,0.081,0.029,0.066,0.038,0.012,0.033,0.065,0.054,0.046,0.013,0.044,0.010,0.043,0.022,0.050,0.181,0.083,0.115,0.142,0.060,0.049,0.040,0.054,0.080,0.108,0.064,0.067,0.049,0.037,0.033,0.117,0.063,0.066,0.031,0.048,0.077,0.090,0.047,0.099,0.110,0.038,0.058,0.036,0.039,0.073,0.039,0.064,0.071,0.031,0.030,0.030,0.009,0.039,0.014,0.041,0.013,0.026,0.040,0.015,0.080,0.083,0.046,0.053,0.087,0.047,0.056,0.120,0.017,0.083,0.027,0.066,0.049,0.095,0.040,0.019,0.057,0.054,0.057,0.046,0.019,0.127,0.015,0.136,0.029,0.039,0.015,0.033,0.034,0.043,0.060,0.049,0.066,0.053,0.061,0.070,0.081,0.039,0.041,0.071,0.096,0.058,0.116,0.012,0.068,0.050,0.042,0.067,0.096,0.043,0.053,0.031,0.037,0.080,0.043,0.018,0.034,0.043,0.032,0.016,0.001,0.052,0.075,0.055,0.032,0.036,0.072,0.067,0.051,0.064,0.088,0.056,0.097,0.056,0.028,0.072,0.059,0.013,0.048,0.049,0.074,0.061,0.030,0.079,0.020,0.066,0.053,0.048,0.048,0.085,0.111,0.045,0.033,0.086,0.053,0.070,0.074,0.056,0.028,0.035,0.072,0.081,0.061,0.102,0.018,0.029,0.022,0.089,0.040,0.039,0.050,0.051,0.102,0.061,0.045,0.042,0.078,0.048,0.032,0.099,0.058,0.086,0.039,0.024,0.047,0.109,0.044,0.069,0.074,0.027,0.076,0.050,0.032,0.154,0.089,0.058,0.081,0.029,0.080,0.019,0.037,0.039,0.024,0.045,0.029,0.050,0.060,0.037,0.038,0.032,0.060,0.050,0.028,0.075,0.056,0.078,0.146,0.046,0.040,0.048,0.054,0.027,0.034,0.011,0.101,0.052,0.008,0.054,0.097,0.038,0.061,0.046,0.064,0.125,0.074,0.036,0.076,0.083,0.034,0.037,0.053,0.031,0.067,0.001,0.075,0.027,0.032,0.036,0.059,0.026,0.075,0.052,0.086,0.051,0.005,0.038,0.068,0.073,0.066,0.061,0.062,0.034,0.046,0.060,0.087,0.107,0.028,0.110,0.034,0.037,0.026,0.058,0.035,0.057,0.054,0.026,0.088,0.063,0.026,0.015,0.042,0.040,0.015,0.035,0.057,0.035,0.019,0.028,0.107,0.115,0.058,0.096,0.088,0.035,0.035,0.019,0.066,0.053,0.062,0.041,0.062,0.068,0.117,0.015,0.088,0.031,0.035,0.037,0.055,0.054,0.047,0.037,0.028,0.035,0.033,0.092,0.051,0.111,0.125,0.084,0.078,0.064,0.027,0.065,0.024,0.038,0.065,0.028,0.019,0.047,0.021,0.031,0.002,0.029,0.040,0.035,0.008,0.119,0.078,0.070,0.029,0.013,0.048,0.094,0.037,0.019,0.049,0.063,0.043,0.047,0.031,0.055,0.036,0.063,0.044,0.040,0.019,0.043,0.021,0.050,0.126,0.071,0.064,0.041,0.059,0.036,0.003,0.029,0.036,0.032,0.034,0.015,0.070,0.028,0.060,0.053,0.053,0.022,0.012,0.033,0.037,0.048,0.032,0.051,0.086,0.086,0.056,0.032,0.018,0.032,0.045,0.044,0.036,0.058,0.024,0.038,0.031,0.062,0.043,0.077,0.074,0.030,0.054,0.063,0.014,0.055,0.129,0.036,0.028,0.058,0.054,0.033,0.089
LP6005441-DNA_D01,0.051,0.021,0.023,0.030,0.029,0.041,0.031,0.027,0.050,0.052,0.060,0.024,0.058,0.025,0.053,0.009,0.034,0.038,0.027,0.032,0.013,0.034,0.002,0.066,0.040,0.035,0.030,0.091,0.027,0.051,0.025,0.029,0.054,0.035,0.045,0.058,0.011,0.018,0.039,0.034,0.076,0.062,0.047,0.050,0.028,0.017,0.030,0.018,0.023,0.007,0.063,0.060,0.061,0.046,0.037,0.061,0.017,0.023,0.035,0.014,0.068,0.056,0.020,0.066,0.060,0.049,0.064,0.041,0.047,0.076,0.046,0.036,0.030,0.052,0.032,0.047,0.021,0.028,0.042,0.014,0.049,0.048,0.038,0.001,0.009,0.041,0.030,0.058,0.046,0.059,0.033,0.074,0.012,0.078,0.024,0.067,0.053,0.060,0.095,0.014,0.023,0.039,0.048,0.054,0.054,0.055,0.043,0.015,0.022,0.068,0.021,0.049,0.044,0.044,0.126,0.022,0.063,0.066,0.043,0.039,0.087,0.051,0.094,0.144,0.059,0.037,0.092,0.020,0.171,0.037,0.063,0.095,0.035,0.052,0.084,0.050,0.064,0.084,0.016,0.047,0.033,0.000,0.043,0.043,0.068,0.085,0.139,0.030,0.037,0.045,0.000,0.017,0.040,0.050,0.018,0.062,0.089,0.038,0.008,0.096,0.021,0.017,0.042,0.089,0.034,0.098,0.031,0.095,0.062,0.024,0.039,0.055,0.036,0.037,0.005,0.030,0.016,0.027,0.035,0.043,0.047,0.037,0.057,0.019,0.076,0.081,0.011,0.024,0.043,0.033,0.042,0.124,0.044,0.072,0.022,0.036,0.031,0.129,0.121,0.070,0.053,0.048,0.046,0.001,0.018,0.033,0.057,0.030,0.049,0.060,0.059,0.038,0.042,0.019,0.055,0.058,0.040,0.070,0.055,0.022,0.064,0.090,0.023,0.033,0.067,0.095,0.067,0.059,0.034,0.046,0.060,0.034,0.031,0.012,0.038,0.053,0.092,0.057,0.042,0.029,0.069,0.085,0.030,0.049,0.038,0.052,0.049,0.060,0.079,0.032,0.028,0.099,0.033,0.025,0.071,0.031,0.006,0.036,0.021,0.045,0.071,0.082,0.058,0.040,0.194,0.035,0.054,0.086,0.171,0.064,0.027,0.009,0.099,0.118,0.041,0.075,0.041,0.078,0.009,0.082,0.050,0.115,0.048,0.147,0.070,0.041,0.063,0.024,0.055,0.014,0.028,0.046,0.035,0.066,0.058,0.058,0.025,0.001,0.164,0.084,0.033,0.128,0.070,0.027,0.034,0.051,0.069,0.026,0.015,0.027,0.028,0.052,0.059,0.158,0.094,0.043,0.093,0.065,0.054,0.046,0.031,0.021,0.048,0.031,0.068,0.039,0.019,0.052,0.020,0.035,0.045,0.061,0.047,0.048,0.028,0.035,0.026,0.011,0.054,0.034,0.015,0.065,0.048,0.032,0.037,0.017,0.057,0.045,0.054,0.054,0.062,0.073,0.026,0.045,0.041,0.045,0.018,0.025,0.005,0.030,0.026,0.027,0.022,0.055,0.040,0.054,0.041,0.063,0.031,0.065,0.038,0.018,0.018,0.042,0.011,0.017,0.014,0.057,0.039,0.054,0.052,0.025,0.006,0.021,0.034,0.049,0.057,0.030,0.045,0.029,0.047,0.078,0.072,0.034,0.010,0.071,0.068,0.049,0.029,0.053,0.022,0.048,0.035,0.039,0.057,0.053,0.016,0.028,0.030,0.092,0.060,0.042,0.052,0.047,0.038,0.015,0.051,0.025,0.041,0.006,0.065,0.078,0.008,0.054,0.027,0.048,0.057,0.064,0.031,0.034,0.021,0.046,0.055,0.001,0.022,0.053,0.022,0.016,0.011
LP6005441-DNA_D02,0.062,0.078,0.046,0.059,0.022,0.058,0.047,0.082,0.072,0.037,0.057,0.130,0.027,0.093,0.069,0.045,0.060,0.088,0.063,0.051,0.023,0.045,0.047,0.063,0.045,0.068,0.028,0.033,0.054,0.059,0.060,0.027,0.067,0.030,0.100,0.060,0.006,0.041,0.018,0.020,0.085,0.050,0.093,0.081,0.110,0.064,0.047,0.087,0.082,0.092,0.062,0.046,0.060,0.044,0.081,0.042,0.121,0.068,0.053,0.100,0.029,0.056,0.087,0.132,0.111,0.072,0.076,0.065,0.057,0.108,0.037,0.067,0.136,0.030,0.063,0.029,0.072,0.016,0.029,0.075,0.014,0.054,0.036,0.030,0.089,0.122,0.041,0.068,0.109,0.119,0.023,0.121,0.100,0.121,0.019,0.043,0.056,0.077,0.068,0.034,0.030,0.030,0.024,0.050,0.027,0.112,0.060,0.075,0.041,0.171,0.024,0.035,0.058,0.068,0.072,0.017,0.041,0.088,0.119,0.046,0.073,0.030,0.109,0.070,0.028,0.059,0.055,0.046,0.071,0.008,0.069,0.083,0.015,0.063,0.078,0.020,0.044,0.104,0.022,0.061,0.041,0.138,0.015,0.080,0.060,0.137,0.010,0.029,0.075,0.052,0.092,0.017,0.075,0.030,0.058,0.067,0.066,0.032,0.096,0.196,0.023,0.116,0.077,0.150,0.079,0.099,0.070,0.084,0.086,0.070,0.059,0.115,0.038,0.026,0.041,0.080,0.174,0.042,0.049,0.057,0.059,0.140,0.035,0.044,0.039,0.066,0.117,0.025,0.030,0.062,0.074,0.138,0.101,0.064,0.069,0.045,0.044,0.132,0.072,0.125,0.073,0.052,0.120,0.057,0.032,0.056,0.066,0.044,0.127,0.034,0.055,0.103,0.032,0.076,0.067,0.027,0.101,0.058,0.077,0.109,0.052,0.104,0.024,0.049,0.083,0.118,0.103,0.039,0.034,0.059,0.025,0.013,0.103,0.073,0.105,0.043,0.103,0.041,0.012,0.062,0.060,0.096,0.070,0.026,0.048,0.064,0.074,0.085,0.152,0.014,0.053,0.096,0.013,0.100,0.078,0.031,0.063,0.058,0.031,0.055,0.065,0.104,0.046,0.038,0.028,0.035,0.033,0.105,0.094,0.025,0.070,0.023,0.136,0.076,0.075,0.066,0.055,0.093,0.141,0.094,0.031,0.119,0.077,0.116,0.033,0.031,0.068,0.014,0.076,0.035,0.038,0.129,0.007,0.130,0.045,0.037,0.063,0.084,0.012,0.084,0.060,0.059,0.064,0.027,0.027,0.066,0.018,0.035,0.021,0.059,0.080,0.040,0.037,0.116,0.067,0.057,0.102,0.085,0.148,0.017,0.022,0.014,0.031,0.042,0.090,0.071,0.061,0.057,0.048,0.042,0.121,0.076,0.018,0.032,0.089,0.079,0.050,0.050,0.052,0.069,0.105,0.147,0.087,0.048,0.057,0.118,0.081,0.045,0.057,0.083,0.108,0.139,0.080,0.038,0.025,0.048,0.034,0.025,0.018,0.041,0.057,0.071,0.036,0.075,0.022,0.103,0.048,0.132,0.095,0.100,0.133,0.069,0.044,0.035,0.061,0.031,0.044,0.051,0.032,0.044,0.072,0.059,0.050,0.023,0.088,0.027,0.047,0.045,0.050,0.029,0.115,0.025,0.032,0.120,0.089,0.039,0.026,0.044,0.031,0.070,0.042,0.049,0.037,0.032,0.019,0.115,0.041,0.061,0.028,0.081,0.030,0.043,0.118,0.037,0.036,0.033,0.047,0.018,0.094,0.069,0.141,0.125,0.150,0.142,0.094,0.097,0.061,0.102,0.130,0.119,0.016,0.067,0.049,0.143,0.069,0.126,0.113,0.037,0.036
LP6005441-DNA_D03,0.100,0.047,0.042,0.101,0.058,0.076,0.132,0.076,0.124,0.117,0.115,0.103,0.052,0.122,0.062,0.193,0.040,0.104,0.077,0.059,0.111,0.108,0.044,0.037,0.078,0.193,0.073,0.115,0.053,0.031,0.039,0.172,0.063,0.122,0.096,0.129,0.055,0.057,0.069,0.099,0.076,0.029,0.080,0.046,0.035,0.059,0.053,0.089,0.078,0.016,0.087,0.055,0.038,0.074,0.062,0.070,0.052,0.054,0.086,0.109,0.072,0.022,0.078,0.119,0.118,0.065,0.039,0.069,0.107,0.097,0.077,0.022,0.072,0.039,0.094,0.055,0.061,0.106,0.097,0.042,0.099,0.070,0.016,0.032,0.064,0.024,0.041,0.062,0.122,0.033,0.095,0.058,0.065,0.056,0.044,0.091,0.058,0.101,0.055,0.023,0.071,0.107,0.048,0.042,0.081,0.032,0.028,0.020,0.016,0.031,0.091,0.089,0.083,0.035,0.037,0.042,0.057,0.082,0.034,0.099,0.048,0.034,0.093,0.026,0.042,0.046,0.085,0.031,0.040,0.048,0.092,0.057,0.045,0.095,0.108,0.052,0.160,0.025,0.064,0.089,0.091,0.026,0.027,0.025,0.012,0.038,0.076,0.074,0.091,0.069,0.019,0.043,0.120,0.050,0.096,0.061,0.005,0.050,0.083,0.068,0.062,0.027,0.038,0.041,0.104,0.049,0.036,0.022,0.068,0.037,0.060,0.023,0.113,0.012,0.016,0.034,0.042,0.037,0.045,0.034,0.123,0.056,0.045,0.070,0.038,0.052,0.027,0.044,0.017,0.025,0.032,0.067,0.089,0.032,0.019,0.029,0.070,0.057,0.073,0.093,0.049,0.073,0.042,0.046,0.089,0.083,0.116,0.017,0.032,0.045,0.053,0.026,0.071,0.027,0.068,0.090,0.082,0.050,0.030,0.079,0.046,0.057,0.061,0.042,0.061,0.058,0.049,0.097,0.074,0.094,0.104,0.023,0.080,0.040,0.118,0.051,0.011,0.070,0.035,0.041,0.037,0.091,0.030,0.029,0.051,0.063,0.097,0.063,0.068,0.103,0.140,0.059,0.079,0.091,0.058,0.044,0.089,0.053,0.037,0.058,0.047,0.064,0.069,0.092,0.043,0.087,0.076,0.069,0.067,0.081,0.061,0.036,0.021,0.073,0.058,0.057,0.058,0.105,0.058,0.023,0.103,0.066,0.039,0.075,0.049,0.038,0.079,0.039,0.062,0.052,0.103,0.057,0.032,0.010,0.113,0.049,0.056,0.003,0.027,0.051,0.054,0.072,0.056,0.035,0.059,0.053,0.070,0.041,0.044,0.036,0.013,0.067,0.058,0.055,0.042,0.158,0.064,0.025,0.029,0.038,0.023,0.043,0.058,0.020,0.071,0.079,0.085,0.111,0.046,0.055,0.127,0.069,0.013,0.061,0.060,0.071,0.092,0.032,0.003,0.071,0.059,0.090,0.066,0.048,0.054,0.053,0.071,0.042,0.026,0.106,0.085,0.048,0.066,0.038,0.106,0.065,0.017,0.032,0.081,0.154,0.056,0.021,0.040,0.061,0.038,0.079,0.049,0.107,0.086,0.063,0.067,0.124,0.069,0.082,0.086,0.051,0.080,0.068,0.069,0.061,0.066,0.105,0.136,0.036,0.149,0.110,0.077,0.036,0.015,0.106,0.088,0.065,0.057,0.119,0.053,0.081,0.055,0.037,0.019,0.073,0.030,0.087,0.086,0.074,0.090,0.027,0.113,0.054,0.020,0.079,0.073,0.083,0.040,0.120,0.120,0.194,0.147,0.093,0.072,0.079,0.066,0.133,0.091,0.070,0.094,0.075,0.088,0.059,0.084,0.033,0.070,0.106,0.063,0.100,0.102,0.060,0.091,0.081,0.030
LP6005441-DNA_D04,0.079,0.052,0.112,0.077,0.081,0.064,0.108,0.080,0.078,0.073,0.079,0.073,0.069,0.093,0.086,0.122,0.065,0.075,0.091,0.116,0.106,0.068,0.032,0.152,0.121,0.074,0.112,0.102,0.091,0.029,0.079,0.107,0.110,0.103,0.138,0.106,0.091,0.082,0.100,0.120,0.138,0.179,0.036,0.042,0.050,0.045,0.053,0.056,0.043,0.050,0.066,0.037,0.059,0.047,0.044,0.055,0.038,0.035,0.060,0.052,0.042,0.061,0.041,0.039,0.062,0.044,0.070,0.097,0.089,0.087,0.089,0.093,0.097,0.066,0.070,0.135,0.090,0.116,0.127,0.089,0.105,0.069,0.093,0.027,0.067,0.033,0.018,0.071,0.080,0.036,0.046,0.061,0.018,0.019,0.086,0.121,0.039,0.081,0.035,0.025,0.044,0.096,0.097,0.027,0.103,0.035,0.028,0.013,0.018,0.021,0.041,0.208,0.084,0.083,0.020,0.071,0.040,0.036,0.018,0.072,0.009,0.045,0.058,0.016,0.061,0.061,0.074,0.015,0.027,0.119,0.083,0.010,0.059,0.128,0.088,0.088,0.112,0.028,0.076,0.071,0.070,0.007,0.013,0.030,0.020,0.021,0.060,0.080,0.069,0.059,0.007,0.008,0.031,0.031,0.030,0.020,0.009,0.056,0.043,0.021,0.015,0.094,0.031,0.039,0.079,0.023,0.028,0.027,0.007,0.021,0.113,0.009,0.125,0.072,0.010,0.012,0.029,0.016,0.051,0.012,0.134,0.047,0.084,0.097,0.103,0.002,0.035,0.047,0.053,0.026,0.026,0.040,0.050,0.038,0.105,0.064,0.034,0.021,0.110,0.042,0.078,0.109,0.032,0.010,0.070,0.059,0.075,0.098,0.091,0.076,0.078,0.026,0.102,0.035,0.008,0.098,0.041,0.085,0.067,0.043,0.044,0.073,0.012,0.078,0.068,0.077,0.041,0.116,0.025,0.045,0.067,0.102,0.077,0.037,0.045,0.111,0.016,0.049,0.113,0.049,0.068,0.058,0.075,0.033,0.017,0.057,0.135,0.084,0.044,0.095,0.032,0.068,0.076,0.105,0.088,0.010,0.050,0.049,0.067,0.040,0.027,0.109,0.098,0.021,0.040,0.078,0.021,0.045,0.007,0.063,0.104,0.015,0.035,0.020,0.132,0.039,0.104,0.166,0.047,0.015,0.121,0.083,0.014,0.024,0.025,0.024,0.018,0.042,0.020,0.007,0.038,0.033,0.086,0.036,0.097,0.027,0.012,0.012,0.087,0.007,0.081,0.096,0.012,0.022,0.095,0.002,0.106,0.018,0.011,0.051,0.020,0.045,0.075,0.035,0.088,0.067,0.072,0.012,0.014,0.039,0.017,0.028,0.034,0.018,0.044,0.089,0.049,0.070,0.045,0.035,0.043,0.041,0.035,0.067,0.104,0.083,0.147,0.066,0.079,0.063,0.062,0.046,0.077,0.040,0.051,0.046,0.037,0.048,0.114,0.158,0.208,0.131,0.148,0.110,0.080,0.117,0.086,0.079,0.054,0.116,0.072,0.113,0.084,0.060,0.080,0.059,0.033,0.042,0.037,0.053,0.046,0.087,0.080,0.105,0.094,0.106,0.078,0.134,0.162,0.095,0.103,0.079,0.079,0.042,0.064,0.074,0.077,0.110,0.095,0.073,0.091,0.135,0.129,0.147,0.127,0.125,0.089,0.141,0.089,0.111,0.125,0.083,0.087,0.174,0.114,0.034,0.072,0.054,0.012,0.079,0.029,0.096,0.092,0.161,0.146,0.154,0.185,0.131,0.140,0.110,0.040,0.074,0.090,0.053,0.090,0.054,0.080,0.067,0.062,0.084,0.061,0.069,0.096,0.085,0.049,0.081,0.086,0.053,0.059
LP6005441-DNA_D05,0.045,0.056,0.055,0.078,0.089,0.082,0.110,0.063,0.065,0.055,0.033,0.075,0.055,0.093,0.059,0.035,0.108,0.068,0.084,0.105,0.055,0.073,0.040,0.056,0.075,0.098,0.065,0.103,0.052,0.045,0.038,0.085,0.082,0.059,0.072,0.083,0.049,0.062,0.057,0.062,0.082,0.094,0.067,0.055,0.086,0.059,0.078,0.053,0.070,0.060,0.051,0.041,0.045,0.063,0.040,0.075,0.045,0.066,0.068,0.053,0.049,0.034,0.093,0.058,0.055,0.071,0.062,0.112,0.115,0.079,0.080,0.030,0.114,0.074,0.088,0.074,0.094,0.086,0.075,0.076,0.086,0.091,0.072,0.040,0.065,0.011,0.031,0.065,0.068,0.015,0.078,0.100,0.007,0.018,0.056,0.099,0.087,0.058,0.009,0.015,0.018,0.082,0.066,0.021,0.078,0.031,0.011,0.004,0.012,0.027,0.028,0.063,0.142,0.184,0.016,0.073,0.037,0.006,0.000,0.071,0.008,0.041,0.065,0.008,0.128,0.050,0.093,0.019,0.033,0.076,0.040,0.042,0.060,0.071,0.076,0.076,0.090,0.006,0.116,0.073,0.120,0.005,0.008,0.026,0.024,0.022,0.054,0.051,0.093,0.110,0.010,0.012,0.046,0.011,0.019,0.006,0.023,0.041,0.012,0.004,0.023,0.047,0.011,0.017,0.059,0.016,0.027,0.017,0.011,0.014,0.041,0.031,0.049,0.101,0.006,0.018,0.016,0.013,0.047,0.006,0.083,0.002,0.084,0.052,0.125,0.015,0.020,0.066,0.063,0.015,0.007,0.042,0.024,0.027,0.067,0.095,0.036,0.018,0.048,0.050,0.110,0.130,0.037,0.025,0.070,0.083,0.066,0.063,0.083,0.067,0.084,0.014,0.062,0.083,0.017,0.105,0.089,0.090,0.057,0.059,0.079,0.037,0.027,0.153,0.063,0.081,0.043,0.119,0.067,0.082,0.063,0.066,0.057,0.054,0.073,0.073,0.027,0.066,0.113,0.050,0.092,0.067,0.104,0.062,0.004,0.047,0.139,0.063,0.039,0.050,0.076,0.065,0.075,0.037,0.065,0.011,0.060,0.037,0.039,0.020,0.024,0.081,0.040,0.037,0.032,0.070,0.014,0.057,0.019,0.064,0.073,0.017,0.021,0.006,0.049,0.061,0.056,0.090,0.030,0.036,0.102,0.081,0.020,0.023,0.083,0.019,0.024,0.020,0.011,0.024,0.021,0.022,0.044,0.081,0.049,0.019,0.023,0.024,0.092,0.021,0.101,0.109,0.003,0.022,0.082,0.015,0.147,0.001,0.000,0.047,0.048,0.034,0.089,0.024,0.075,0.087,0.050,0.009,0.008,0.031,0.017,0.027,0.047,0.016,0.025,0.101,0.114,0.069,0.046,0.064,0.070,0.048,0.033,0.059,0.074,0.079,0.057,0.063,0.067,0.103,0.066,0.103,0.091,0.072,0.027,0.090,0.085,0.044,0.077,0.100,0.118,0.101,0.092,0.068,0.085,0.114,0.056,0.041,0.036,0.081,0.089,0.072,0.059,0.040,0.073,0.102,0.082,0.078,0.064,0.064,0.070,0.063,0.014,0.122,0.084,0.087,0.058,0.063,0.054,0.051,0.044,0.085,0.069,0.039,0.059,0.074,0.070,0.080,0.068,0.055,0.073,0.071,0.070,0.085,0.044,0.115,0.101,0.033,0.068,0.054,0.094,0.050,0.043,0.059,0.088,0.011,0.159,0.050,0.008,0.068,0.033,0.089,0.040,0.070,0.053,0.091,0.068,0.072,0.069,0.053,0.114,0.098,0.028,0.057,0.052,0.116,0.064,0.092,0.102,0.111,0.080,0.069,0.079,0.114,0.074,0.090,0.044,0.115,0.061
LP6005441-DNA_D06,0.070,0.051,0.051,0.136,0.140,0.135,0.133,0.100,0.035,0.045,0.053,0.043,0.068,0.050,0.065,0.060,0.156,0.072,0.087,0.061,0.031,0.055,0.056,0.052,0.045,0.142,0.044,0.079,0.058,0.040,0.045,0.098,0.092,0.042,0.065,0.102,0.070,0.062,0.081,0.076,0.069,0.082,0.027,0.055,0.104,0.048,0.054,0.032,0.105,0.108,0.054,0.028,0.041,0.031,0.029,0.047,0.061,0.040,0.046,0.057,0.038,0.034,0.210,0.030,0.073,0.122,0.030,0.073,0.169,0.078,0.147,0.045,0.133,0.052,0.154,0.043,0.139,0.052,0.070,0.172,0.043,0.137,0.060,0.017,0.114,0.024,0.026,0.125,0.101,0.012,0.133,0.127,0.019,0.019,0.071,0.109,0.120,0.067,0.026,0.020,0.024,0.075,0.108,0.014,0.081,0.030,0.023,0.012,0.017,0.044,0.018,0.090,0.264,0.255,0.004,0.062,0.027,0.022,0.002,0.043,0.007,0.062,0.065,0.014,0.141,0.063,0.132,0.018,0.015,0.069,0.039,0.057,0.060,0.083,0.040,0.133,0.093,0.025,0.147,0.062,0.129,0.003,0.006,0.045,0.029,0.040,0.043,0.069,0.071,0.124,0.017,0.005,0.124,0.019,0.011,0.021,0.015,0.032,0.015,0.010,0.017,0.065,0.008,0.018,0.067,0.017,0.029,0.021,0.005,0.021,0.055,0.024,0.077,0.127,0.003,0.014,0.015,0.026,0.046,0.011,0.108,0.020,0.064,0.073,0.115,0.005,0.012,0.119,0.045,0.006,0.018,0.031,0.040,0.032,0.087,0.075,0.019,0.023,0.058,0.035,0.139,0.200,0.029,0.011,0.065,0.035,0.062,0.080,0.136,0.058,0.080,0.011,0.077,0.109,0.018,0.088,0.090,0.091,0.088,0.024,0.037,0.055,0.013,0.197,0.071,0.057,0.033,0.147,0.043,0.112,0.053,0.149,0.065,0.047,0.133,0.080,0.022,0.044,0.163,0.079,0.107,0.086,0.201,0.045,0.008,0.070,0.170,0.162,0.046,0.052,0.040,0.066,0.062,0.052,0.067,0.009,0.043,0.045,0.040,0.017,0.023,0.067,0.049,0.063,0.026,0.048,0.016,0.027,0.046,0.090,0.053,0.018,0.033,0.013,0.065,0.034,0.028,0.139,0.021,0.020,0.050,0.071,0.031,0.026,0.122,0.026,0.016,0.015,0.020,0.008,0.015,0.038,0.048,0.125,0.059,0.015,0.021,0.016,0.071,0.020,0.099,0.124,0.008,0.012,0.058,0.013,0.213,0.017,0.017,0.038,0.017,0.033,0.085,0.020,0.089,0.138,0.047,0.016,0.019,0.057,0.046,0.030,0.030,0.007,0.035,0.148,0.211,0.110,0.045,0.114,0.039,0.067,0.009,0.053,0.103,0.110,0.069,0.046,0.047,0.065,0.071,0.108,0.159,0.061,0.044,0.139,0.128,0.044,0.069,0.117,0.071,0.089,0.084,0.055,0.074,0.088,0.058,0.036,0.028,0.067,0.067,0.074,0.073,0.043,0.138,0.112,0.074,0.040,0.043,0.139,0.051,0.065,0.050,0.082,0.155,0.055,0.054,0.077,0.076,0.049,0.071,0.148,0.140,0.039,0.040,0.046,0.060,0.073,0.111,0.056,0.082,0.047,0.145,0.094,0.064,0.101,0.128,0.069,0.048,0.071,0.048,0.062,0.045,0.083,0.057,0.036,0.099,0.033,0.010,0.073,0.044,0.076,0.050,0.066,0.051,0.068,0.087,0.069,0.080,0.052,0.165,0.149,0.069,0.051,0.069,0.155,0.081,0.121,0.231,0.201,0.117,0.118,0.143,0.187,0.110,0.132,0.063,0.214,0.033
LP6005441-DNA_D07,0.053,0.034,0.024,0.060,0.029,0.035,0.007,0.038,0.060,0.041,0.014,0.049,0.065,0.007,0.028,0.063,0.036,0.057,0.054,0.063,0.059,0.034,0.043,0.043,0.033,0.051,0.071,0.065,0.049,0.044,0.043,0.050,0.040,0.028,0.019,0.051,0.009,0.002,0.024,0.021,0.020,0.070,0.049,0.032,0.090,0.046,0.040,0.050,0.064,0.013,0.069,0.074,0.018,0.071,0.041,0.097,0.070,0.035,0.041,0.045,0.046,0.043,0.062,0.090,0.074,0.041,0.039,0.056,0.030,0.033,0.038,0.022,0.052,0.034,0.043,0.035,0.031,0.058,0.028,0.009,0.050,0.024,0.030,0.031,0.070,0.092,0.040,0.037,0.043,0.152,0.050,0.075,0.025,0.180,0.009,0.030,0.063,0.029,0.155,0.030,0.034,0.035,0.019,0.046,0.062,0.080,0.070,0.028,0.135,0.125,0.044,0.057,0.055,0.010,0.231,0.043,0.018,0.087,0.072,0.075,0.127,0.003,0.067,0.208,0.052,0.030,0.022,0.079,0.203,0.060,0.065,0.108,0.020,0.037,0.084,0.039,0.034,0.154,0.063,0.023,0.015,0.031,0.038,0.027,0.075,0.110,0.032,0.014,0.015,0.038,0.003,0.000,0.032,0.018,0.008,0.074,0.126,0.036,0.075,0.193,0.018,0.034,0.083,0.142,0.031,0.131,0.032,0.132,0.112,0.002,0.026,0.082,0.015,0.012,0.009,0.020,0.023,0.034,0.012,0.098,0.041,0.026,0.042,0.024,0.041,0.111,0.046,0.042,0.024,0.100,0.085,0.211,0.020,0.074,0.053,0.014,0.052,0.211,0.077,0.095,0.082,0.033,0.067,0.045,0.052,0.059,0.061,0.012,0.057,0.053,0.044,0.072,0.022,0.045,0.166,0.073,0.091,0.052,0.029,0.033,0.027,0.235,0.020,0.034,0.106,0.166,0.138,0.059,0.025,0.077,0.097,0.002,0.057,0.055,0.037,0.016,0.113,0.036,0.050,0.019,0.103,0.105,0.069,0.034,0.023,0.040,0.048,0.100,0.122,0.018,0.116,0.060,0.043,0.026,0.117,0.029,0.052,0.009,0.005,0.033,0.075,0.127,0.023,0.054,0.109,0.045,0.066,0.150,0.009,0.045,0.038,0.000,0.017,0.175,0.025,0.118,0.029,0.068,0.040,0.108,0.039,0.087,0.093,0.074,0.025,0.015,0.065,0.012,0.115,0.019,0.028,0.074,0.016,0.082,0.030,0.128,0.026,0.016,0.032,0.128,0.046,0.032,0.137,0.036,0.010,0.114,0.019,0.022,0.011,0.045,0.020,0.049,0.034,0.238,0.087,0.023,0.121,0.102,0.120,0.031,0.012,0.032,0.045,0.026,0.103,0.055,0.034,0.032,0.029,0.011,0.069,0.047,0.020,0.030,0.039,0.034,0.050,0.037,0.004,0.030,0.039,0.087,0.097,0.038,0.026,0.028,0.051,0.045,0.029,0.034,0.064,0.052,0.025,0.011,0.047,0.042,0.032,0.025,0.032,0.059,0.025,0.014,0.069,0.068,0.000,0.091,0.032,0.067,0.046,0.034,0.034,0.004,0.002,0.036,0.054,0.050,0.025,0.034,0.043,0.058,0.015,0.002,0.026,0.031,0.051,0.023,0.025,0.056,0.009,0.066,0.049,0.051,0.035,0.024,0.023,0.033,0.039,0.026,0.050,0.053,0.050,0.045,0.030,0.083,0.038,0.094,0.065,0.036,0.010,0.093,0.091,0.075,0.082,0.017,0.064,0.053,0.040,0.055,0.046,0.043,0.011,0.053,0.043,0.009,0.031,0.042,0.044,0.051,0.038,0.037,0.035,0.066,0.057,0.034,0.059,0.021,0.029,0.033,0.013
LP6005441-DNA_D08,0.054,0.059,0.055,0.066,0.067,0.046,0.112,0.030,0.055,0.057,0.064,0.042,0.058,0.028,0.049,0.075,0.064,0.068,0.065,0.100,0.083,0.068,0.034,0.060,0.068,0.071,0.044,0.092,0.047,0.061,0.055,0.068,0.082,0.068,0.094,0.099,0.073,0.071,0.049,0.118,0.084,0.110,0.070,0.050,0.045,0.050,0.073,0.046,0.066,0.059,0.026,0.028,0.034,0.039,0.053,0.070,0.056,0.084,0.063,0.051,0.049,0.037,0.056,0.056,0.047,0.041,0.061,0.090,0.072,0.072,0.076,0.033,0.144,0.087,0.050,0.073,0.072,0.083,0.058,0.053,0.077,0.065,0.040,0.031,0.046,0.007,0.011,0.031,0.068,0.030,0.056,0.056,0.010,0.030,0.046,0.111,0.054,0.068,0.033,0.028,0.005,0.098,0.057,0.008,0.085,0.024,0.014,0.012,0.006,0.008,0.016,0.058,0.084,0.047,0.013,0.066,0.029,0.015,0.005,0.118,0.014,0.013,0.019,0.012,0.072,0.054,0.053,0.005,0.013,0.060,0.072,0.046,0.058,0.051,0.109,0.061,0.113,0.012,0.076,0.078,0.087,0.002,0.001,0.018,0.023,0.025,0.063,0.065,0.093,0.057,0.001,0.022,0.032,0.019,0.028,0.021,0.006,0.034,0.035,0.005,0.017,0.039,0.015,0.019,0.052,0.015,0.032,0.018,0.010,0.031,0.053,0.015,0.114,0.070,0.005,0.006,0.033,0.011,0.057,0.002,0.066,0.015,0.050,0.066,0.034,0.026,0.025,0.028,0.079,0.021,0.006,0.042,0.015,0.038,0.081,0.089,0.031,0.013,0.050,0.041,0.073,0.051,0.019,0.024,0.092,0.065,0.098,0.094,0.040,0.057,0.048,0.014,0.074,0.043,0.029,0.087,0.030,0.073,0.080,0.067,0.065,0.055,0.016,0.068,0.100,0.021,0.032,0.094,0.055,0.030,0.099,0.055,0.042,0.062,0.045,0.072,0.029,0.073,0.124,0.048,0.037,0.044,0.064,0.062,0.022,0.089,0.080,0.096,0.025,0.075,0.062,0.085,0.056,0.060,0.071,0.008,0.056,0.026,0.074,0.017,0.045,0.052,0.057,0.006,0.019,0.048,0.014,0.030,0.009,0.088,0.077,0.009,0.015,0.007,0.047,0.042,0.030,0.086,0.049,0.031,0.160,0.084,0.014,0.029,0.035,0.027,0.032,0.042,0.027,0.030,0.010,0.034,0.085,0.049,0.105,0.030,0.019,0.028,0.068,0.001,0.067,0.117,0.011,0.014,0.090,0.000,0.087,0.009,0.011,0.035,0.024,0.021,0.064,0.019,0.060,0.065,0.094,0.004,0.006,0.021,0.014,0.025,0.040,0.013,0.036,0.070,0.081,0.038,0.077,0.048,0.054,0.068,0.054,0.066,0.079,0.095,0.078,0.094,0.052,0.069,0.046,0.074,0.043,0.061,0.050,0.067,0.066,0.027,0.122,0.097,0.100,0.113,0.066,0.104,0.090,0.177,0.042,0.080,0.050,0.061,0.116,0.042,0.072,0.054,0.049,0.069,0.033,0.063,0.059,0.087,0.038,0.059,0.034,0.114,0.044,0.075,0.070,0.058,0.056,0.088,0.149,0.051,0.050,0.031,0.060,0.099,0.091,0.090,0.039,0.069,0.034,0.069,0.058,0.093,0.061,0.049,0.071,0.043,0.076,0.138,0.072,0.058,0.077,0.084,0.071,0.022,0.082,0.053,0.012,0.083,0.034,0.068,0.037,0.112,0.049,0.100,0.131,0.126,0.083,0.077,0.081,0.055,0.055,0.067,0.052,0.063,0.056,0.063,0.049,0.060,0.071,0.058,0.065,0.037,0.059,0.047,0.070,0.048,0.072
LP6005441-DNA_D09,0.078,0.078,0.095,0.104,0.054,0.108,0.113,0.039,0.099,0.074,0.062,0.038,0.123,0.082,0.067,0.092,0.092,0.095,0.071,0.128,0.061,0.067,0.039,0.082,0.074,0.097,0.013,0.089,0.090,0.082,0.074,0.037,0.083,0.117,0.037,0.063,0.036,0.075,0.081,0.113,0.094,0.082,0.118,0.097,0.075,0.082,0.099,0.064,0.082,0.082,0.094,0.077,0.064,0.056,0.114,0.120,0.058,0.131,0.089,0.076,0.093,0.063,0.072,0.118,0.120,0.130,0.138,0.080,0.122,0.168,0.094,0.073,0.109,0.087,0.096,0.082,0.029,0.069,0.065,0.048,0.061,0.012,0.110,0.056,0.094,0.025,0.058,0.077,0.054,0.046,0.070,0.068,0.054,0.067,0.049,0.095,0.080,0.053,0.039,0.091,0.053,0.062,0.048,0.056,0.071,0.061,0.120,0.057,0.065,0.061,0.072,0.102,0.126,0.066,0.016,0.085,0.052,0.055,0.060,0.058,0.079,0.064,0.146,0.048,0.095,0.016,0.129,0.056,0.054,0.029,0.084,0.065,0.057,0.126,0.166,0.057,0.116,0.064,0.056,0.066,0.097,0.021,0.031,0.139,0.051,0.067,0.035,0.069,0.045,0.080,0.015,0.123,0.048,0.055,0.069,0.058,0.032,0.068,0.063,0.059,0.053,0.099,0.065,0.095,0.086,0.102,0.172,0.037,0.038,0.067,0.026,0.075,0.139,0.058,0.031,0.060,0.113,0.052,0.056,0.093,0.107,0.079,0.065,0.076,0.069,0.046,0.079,0.100,0.049,0.039,0.026,0.072,0.154,0.081,0.017,0.056,0.149,0.033,0.109,0.090,0.067,0.077,0.077,0.051,0.034,0.098,0.040,0.044,0.050,0.076,0.106,0.055,0.064,0.105,0.058,0.041,0.033,0.101,0.082,0.093,0.150,0.062,0.097,0.023,0.018,0.000,0.058,0.117,0.098,0.051,0.105,0.063,0.063,0.053,0.108,0.067,0.087,0.094,0.048,0.065,0.050,0.035,0.146,0.088,0.052,0.056,0.069,0.050,0.078,0.057,0.116,0.120,0.057,0.076,0.034,0.067,0.102,0.047,0.045,0.072,0.048,0.064,0.129,0.033,0.065,0.078,0.050,0.059,0.048,0.046,0.076,0.009,0.061,0.009,0.093,0.057,0.038,0.095,0.073,0.069,0.092,0.102,0.056,0.080,0.052,0.088,0.104,0.090,0.068,0.069,0.059,0.089,0.055,0.108,0.111,0.046,0.091,0.087,0.056,0.047,0.096,0.105,0.054,0.071,0.136,0.019,0.096,0.045,0.035,0.064,0.095,0.144,0.115,0.105,0.060,0.118,0.080,0.031,0.027,0.067,0.097,0.040,0.054,0.043,0.081,0.061,0.141,0.102,0.083,0.082,0.150,0.102,0.064,0.100,0.082,0.083,0.120,0.075,0.067,0.029,0.051,0.159,0.106,0.110,0.104,0.138,0.105,0.081,0.052,0.117,0.058,0.073,0.056,0.049,0.057,0.017,0.034,0.030,0.063,0.078,0.080,0.039,0.036,0.134,0.089,0.135,0.070,0.099,0.085,0.091,0.084,0.063,0.038,0.097,0.062,0.044,0.052,0.096,0.079,0.097,0.069,0.057,0.058,0.061,0.070,0.115,0.114,0.041,0.116,0.070,0.048,0.055,0.068,0.105,0.025,0.085,0.091,0.068,0.049,0.116,0.047,0.050,0.086,0.050,0.081,0.051,0.049,0.117,0.048,0.107,0.085,0.109,0.036,0.088,0.064,0.043,0.115,0.052,0.077,0.051,0.079,0.146,0.058,0.106,0.077,0.111,0.149,0.153,0.109,0.137,0.119,0.084,0.071,0.037,0.124,0.106,0.091,0.055,0.095
LP6005441-DNA_D10,0.066,0.069,0.038,0.049,0.035,0.065,0.055,0.083,0.103,0.054,0.072,0.081,0.068,0.076,0.023,0.104,0.040,0.068,0.036,0.057,0.039,0.022,0.037,0.048,0.033,0.062,0.036,0.057,0.025,0.034,0.038,0.046,0.060,0.050,0.046,0.056,0.043,0.034,0.031,0.041,0.092,0.038,0.024,0.047,0.025,0.014,0.061,0.117,0.059,0.032,0.056,0.092,0.035,0.048,0.074,0.020,0.023,0.063,0.066,0.049,0.069,0.029,0.087,0.049,0.069,0.068,0.063,0.058,0.060,0.095,0.068,0.034,0.032,0.047,0.027,0.025,0.039,0.025,0.038,0.034,0.035,0.040,0.038,0.033,0.074,0.021,0.052,0.067,0.055,0.027,0.044,0.061,0.042,0.059,0.028,0.075,0.067,0.059,0.053,0.018,0.019,0.024,0.025,0.077,0.021,0.058,0.045,0.020,0.034,0.079,0.059,0.054,0.011,0.028,0.042,0.029,0.028,0.038,0.001,0.054,0.028,0.035,0.041,0.028,0.042,0.052,0.050,0.036,0.064,0.033,0.036,0.022,0.038,0.092,0.053,0.028,0.068,0.050,0.031,0.036,0.031,0.010,0.036,0.024,0.065,0.018,0.031,0.036,0.050,0.037,0.050,0.027,0.061,0.031,0.048,0.038,0.023,0.029,0.048,0.066,0.029,0.042,0.019,0.029,0.034,0.028,0.015,0.022,0.005,0.027,0.033,0.047,0.067,0.041,0.007,0.024,0.020,0.034,0.019,0.061,0.055,0.061,0.038,0.033,0.049,0.020,0.071,0.039,0.013,0.020,0.044,0.010,0.036,0.022,0.028,0.037,0.035,0.071,0.052,0.070,0.043,0.048,0.062,0.071,0.049,0.024,0.040,0.035,0.036,0.059,0.039,0.045,0.037,0.049,0.060,0.039,0.051,0.084,0.037,0.024,0.049,0.066,0.014,0.048,0.071,0.052,0.025,0.070,0.008,0.073,0.059,0.012,0.046,0.017,0.063,0.043,0.035,0.030,0.047,0.045,0.011,0.022,0.039,0.051,0.036,0.046,0.040,0.057,0.059,0.049,0.083,0.037,0.047,0.067,0.063,0.027,0.116,0.024,0.035,0.050,0.032,0.048,0.063,0.064,0.031,0.063,0.073,0.053,0.016,0.049,0.033,0.023,0.057,0.079,0.037,0.077,0.023,0.043,0.104,0.075,0.054,0.043,0.096,0.112,0.033,0.060,0.021,0.019,0.032,0.015,0.044,0.045,0.029,0.019,0.073,0.031,0.020,0.020,0.029,0.050,0.050,0.036,0.027,0.027,0.040,0.010,0.022,0.035,0.026,0.065,0.014,0.000,0.064,0.048,0.038,0.043,0.062,0.009,0.019,0.045,0.067,0.022,0.029,0.050,0.080,0.058,0.056,0.053,0.024,0.037,0.079,0.060,0.014,0.030,0.013,0.031,0.043,0.030,0.027,0.036,0.037,0.050,0.103,0.045,0.044,0.075,0.051,0.063,0.008,0.065,0.059,0.053,0.035,0.020,0.044,0.051,0.024,0.027,0.035,0.069,0.027,0.011,0.035,0.071,0.088,0.032,0.080,0.087,0.050,0.055,0.041,0.033,0.033,0.047,0.018,0.027,0.031,0.033,0.049,0.028,0.045,0.037,0.044,0.007,0.046,0.047,0.070,0.030,0.027,0.042,0.023,0.022,0.043,0.031,0.029,0.035,0.026,0.057,0.024,0.041,0.021,0.039,0.044,0.052,0.044,0.029,0.022,0.077,0.006,0.038,0.044,0.084,0.025,0.058,0.052,0.057,0.061,0.037,0.041,0.044,0.028,0.045,0.039,0.064,0.037,0.022,0.074,0.021,0.025,0.109,0.048,0.037,0.031,0.031,0.077,0.034,0.079,0.093,0.036
LP6005441-DNA_D11,0.000,0.025,0.044,0.019,0.020,0.047,0.029,0.065,0.013,0.059,0.078,0.068,0.040,0.067,0.083,0.026,0.045,0.086,0.037,0.007,0.029,0.082,0.027,0.090,0.027,0.036,0.010,0.015,0.052,0.039,0.031,0.023,0.043,0.045,0.097,0.028,0.009,0.042,0.053,0.036,0.087,0.029,0.097,0.052,0.062,0.050,0.064,0.154,0.110,0.077,0.057,0.064,0.074,0.023,0.019,0.062,0.075,0.028,0.065,0.068,0.036,0.035,0.021,0.081,0.076,0.026,0.013,0.050,0.042,0.062,0.030,0.013,0.070,0.017,0.012,0.010,0.066,0.034,0.014,0.023,0.038,0.002,0.007,0.045,0.016,0.103,0.041,0.092,0.059,0.068,0.014,0.038,0.093,0.211,0.000,0.024,0.111,0.045,0.077,0.054,0.029,0.028,0.046,0.004,0.040,0.093,0.043,0.072,0.047,0.224,0.049,0.057,0.000,0.005,0.072,0.018,0.072,0.002,0.045,0.029,0.048,0.015,0.056,0.104,0.010,0.034,0.049,0.011,0.084,0.002,0.100,0.111,0.074,0.055,0.077,0.060,0.013,0.111,0.068,0.038,0.044,0.121,0.011,0.090,0.049,0.090,0.020,0.039,0.029,0.065,0.031,0.038,0.086,0.041,0.104,0.059,0.047,0.058,0.164,0.197,0.043,0.101,0.111,0.163,0.030,0.087,0.072,0.086,0.114,0.082,0.030,0.049,0.040,0.000,0.065,0.105,0.163,0.069,0.049,0.031,0.013,0.157,0.034,0.045,0.004,0.056,0.080,0.042,0.040,0.071,0.058,0.078,0.131,0.155,0.028,0.044,0.120,0.090,0.067,0.047,0.085,0.061,0.066,0.031,0.010,0.033,0.057,0.027,0.031,0.037,0.055,0.174,0.035,0.032,0.035,0.012,0.050,0.080,0.068,0.037,0.021,0.103,0.040,0.032,0.054,0.073,0.096,0.025,0.037,0.013,0.107,0.024,0.124,0.009,0.081,0.009,0.104,0.084,0.008,0.021,0.042,0.097,0.040,0.097,0.061,0.050,0.030,0.099,0.126,0.018,0.034,0.073,0.048,0.083,0.069,0.026,0.011,0.068,0.026,0.107,0.042,0.053,0.065,0.036,0.038,0.058,0.014,0.127,0.081,0.032,0.023,0.006,0.142,0.115,0.105,0.037,0.039,0.046,0.081,0.068,0.020,0.068,0.039,0.038,0.040,0.034,0.091,0.046,0.089,0.050,0.061,0.251,0.034,0.094,0.016,0.045,0.057,0.109,0.028,0.039,0.031,0.002,0.069,0.040,0.056,0.080,0.014,0.049,0.010,0.040,0.086,0.044,0.069,0.134,0.060,0.065,0.108,0.073,0.101,0.023,0.056,0.013,0.018,0.026,0.074,0.035,0.029,0.067,0.087,0.018,0.069,0.025,0.060,0.015,0.036,0.027,0.053,0.021,0.015,0.037,0.013,0.115,0.138,0.023,0.022,0.081,0.042,0.013,0.035,0.024,0.076,0.101,0.047,0.061,0.026,0.012,0.058,0.030,0.022,0.035,0.026,0.021,0.023,0.039,0.041,0.088,0.008,0.108,0.097,0.032,0.070,0.021,0.088,0.024,0.023,0.038,0.056,0.037,0.056,0.012,0.024,0.041,0.022,0.050,0.090,0.003,0.026,0.028,0.058,0.044,0.037,0.068,0.046,0.097,0.059,0.050,0.034,0.036,0.019,0.017,0.048,0.041,0.033,0.034,0.029,0.100,0.045,0.043,0.063,0.081,0.089,0.048,0.103,0.022,0.024,0.031,0.066,0.048,0.083,0.008,0.079,0.040,0.021,0.014,0.028,0.045,0.047,0.039,0.042,0.041,0.032,0.043,0.019,0.011,0.030,0.025,0.029,0.025,0.017
LP6005441-DNA_D12,0.029,0.069,0.068,0.064,0.047,0.036,0.053,0.060,0.087,0.059,0.073,0.035,0.092,0.060,0.030,0.135,0.061,0.064,0.043,0.086,0.079,0.090,0.042,0.049,0.092,0.106,0.072,0.081,0.050,0.033,0.042,0.088,0.068,0.072,0.055,0.082,0.050,0.047,0.080,0.069,0.071,0.077,0.051,0.060,0.048,0.077,0.036,0.038,0.064,0.026,0.075,0.069,0.042,0.020,0.051,0.035,0.045,0.047,0.074,0.098,0.059,0.049,0.047,0.062,0.065,0.052,0.042,0.067,0.049,0.097,0.071,0.026,0.151,0.047,0.037,0.090,0.058,0.080,0.057,0.056,0.066,0.099,0.044,0.021,0.036,0.009,0.043,0.042,0.043,0.029,0.070,0.050,0.013,0.033,0.046,0.102,0.060,0.048,0.022,0.012,0.044,0.104,0.078,0.015,0.085,0.031,0.014,0.015,0.015,0.025,0.047,0.072,0.086,0.040,0.028,0.145,0.022,0.036,0.010,0.088,0.008,0.015,0.033,0.013,0.080,0.067,0.050,0.011,0.024,0.072,0.059,0.024,0.076,0.057,0.065,0.079,0.099,0.016,0.092,0.068,0.048,0.008,0.008,0.021,0.035,0.007,0.056,0.067,0.059,0.043,0.008,0.013,0.025,0.021,0.024,0.021,0.009,0.036,0.035,0.014,0.011,0.049,0.026,0.016,0.042,0.012,0.008,0.024,0.010,0.011,0.057,0.008,0.074,0.046,0.013,0.029,0.022,0.026,0.099,0.003,0.101,0.012,0.047,0.065,0.068,0.016,0.046,0.054,0.067,0.031,0.007,0.043,0.018,0.031,0.059,0.067,0.038,0.019,0.062,0.026,0.079,0.062,0.038,0.020,0.046,0.091,0.035,0.084,0.069,0.076,0.065,0.026,0.044,0.050,0.013,0.078,0.059,0.104,0.087,0.052,0.040,0.064,0.017,0.054,0.082,0.070,0.033,0.112,0.044,0.041,0.077,0.045,0.052,0.037,0.075,0.103,0.019,0.056,0.061,0.032,0.021,0.036,0.059,0.065,0.018,0.034,0.085,0.060,0.026,0.050,0.061,0.041,0.064,0.055,0.062,0.019,0.072,0.027,0.048,0.020,0.018,0.074,0.066,0.022,0.025,0.070,0.025,0.031,0.016,0.128,0.042,0.022,0.027,0.017,0.064,0.023,0.034,0.096,0.044,0.025,0.136,0.066,0.007,0.048,0.022,0.027,0.026,0.032,0.036,0.026,0.021,0.042,0.083,0.042,0.074,0.029,0.016,0.018,0.102,0.016,0.055,0.095,0.020,0.011,0.127,0.002,0.086,0.014,0.003,0.061,0.023,0.026,0.073,0.011,0.055,0.014,0.050,0.017,0.025,0.029,0.034,0.027,0.033,0.007,0.029,0.067,0.073,0.059,0.029,0.039,0.099,0.071,0.027,0.038,0.074,0.082,0.088,0.036,0.038,0.042,0.050,0.075,0.040,0.066,0.038,0.055,0.056,0.032,0.088,0.071,0.071,0.087,0.059,0.070,0.112,0.146,0.036,0.037,0.032,0.122,0.106,0.038,0.033,0.050,0.050,0.074,0.038,0.075,0.048,0.081,0.053,0.042,0.051,0.061,0.084,0.049,0.062,0.047,0.051,0.049,0.177,0.027,0.086,0.052,0.088,0.074,0.098,0.057,0.040,0.125,0.070,0.051,0.047,0.117,0.072,0.037,0.059,0.069,0.059,0.140,0.060,0.079,0.047,0.071,0.094,0.024,0.153,0.049,0.022,0.057,0.088,0.106,0.028,0.136,0.073,0.072,0.143,0.113,0.076,0.052,0.094,0.059,0.047,0.038,0.062,0.051,0.029,0.053,0.080,0.047,0.032,0.067,0.061,0.050,0.037,0.034,0.028,0.047,0.060
LP6005441-DNA_E02,0.046,0.037,0.027,0.015,0.038,0.050,0.033,0.031,0.035,0.054,0.032,0.072,0.036,0.057,0.051,0.048,0.051,0.077,0.034,0.065,0.045,0.064,0.020,0.030,0.034,0.062,0.048,0.090,0.064,0.027,0.046,0.013,0.016,0.032,0.062,0.031,0.004,0.034,0.055,0.013,0.073,0.100,0.080,0.047,0.059,0.052,0.076,0.068,0.113,0.067,0.036,0.068,0.035,0.094,0.064,0.102,0.070,0.070,0.071,0.057,0.076,0.026,0.026,0.125,0.040,0.095,0.112,0.037,0.053,0.054,0.012,0.061,0.034,0.051,0.075,0.060,0.018,0.029,0.030,0.011,0.007,0.011,0.026,0.049,0.040,0.046,0.077,0.027,0.059,0.089,0.056,0.109,0.093,0.114,0.030,0.077,0.056,0.017,0.159,0.100,0.050,0.039,0.036,0.064,0.075,0.049,0.113,0.087,0.125,0.169,0.085,0.034,0.045,0.025,0.173,0.065,0.123,0.081,0.065,0.029,0.114,0.063,0.099,0.217,0.076,0.068,0.175,0.156,0.167,0.051,0.072,0.147,0.023,0.087,0.160,0.016,0.067,0.176,0.029,0.123,0.051,0.081,0.065,0.050,0.151,0.106,0.039,0.066,0.170,0.074,0.025,0.058,0.113,0.067,0.022,0.107,0.113,0.128,0.088,0.240,0.038,0.066,0.084,0.096,0.050,0.099,0.056,0.128,0.119,0.104,0.016,0.154,0.039,0.023,0.035,0.085,0.044,0.049,0.040,0.048,0.047,0.060,0.075,0.019,0.037,0.122,0.058,0.077,0.089,0.097,0.060,0.192,0.045,0.170,0.034,0.052,0.028,0.210,0.107,0.092,0.072,0.035,0.108,0.084,0.015,0.094,0.098,0.038,0.082,0.073,0.052,0.121,0.042,0.073,0.097,0.024,0.146,0.081,0.010,0.066,0.078,0.157,0.065,0.031,0.052,0.160,0.096,0.080,0.024,0.043,0.031,0.028,0.085,0.065,0.035,0.030,0.156,0.125,0.023,0.075,0.095,0.133,0.106,0.073,0.039,0.054,0.087,0.080,0.128,0.055,0.071,0.147,0.020,0.068,0.119,0.093,0.062,0.071,0.098,0.075,0.156,0.089,0.137,0.044,0.089,0.031,0.089,0.106,0.024,0.042,0.095,0.043,0.029,0.165,0.031,0.056,0.059,0.050,0.079,0.116,0.030,0.113,0.069,0.108,0.087,0.125,0.120,0.121,0.109,0.100,0.037,0.031,0.020,0.094,0.027,0.122,0.091,0.047,0.040,0.132,0.030,0.014,0.159,0.081,0.041,0.205,0.068,0.106,0.065,0.066,0.065,0.048,0.030,0.159,0.136,0.127,0.148,0.114,0.104,0.063,0.042,0.011,0.023,0.057,0.141,0.060,0.071,0.098,0.044,0.053,0.065,0.043,0.062,0.044,0.023,0.041,0.051,0.022,0.035,0.020,0.035,0.110,0.075,0.059,0.057,0.076,0.077,0.037,0.025,0.103,0.027,0.065,0.056,0.037,0.051,0.029,0.021,0.014,0.003,0.042,0.048,0.029,0.017,0.128,0.040,0.106,0.013,0.093,0.055,0.037,0.016,0.023,0.050,0.042,0.056,0.080,0.044,0.060,0.066,0.017,0.043,0.068,0.012,0.045,0.024,0.030,0.017,0.034,0.030,0.036,0.024,0.029,0.016,0.020,0.040,0.026,0.037,0.043,0.061,0.068,0.042,0.045,0.060,0.062,0.037,0.066,0.026,0.046,0.065,0.147,0.049,0.088,0.110,0.031,0.025,0.022,0.039,0.012,0.052,0.011,0.068,0.066,0.044,0.068,0.038,0.072,0.060,0.037,0.088,0.021,0.052,0.036,0.040,0.019,0.044,0.057,0.052,0.048,0.045
LP6005441-DNA_E03,0.056,0.048,0.034,0.055,0.034,0.059,0.089,0.031,0.040,0.040,0.030,0.010,0.049,0.029,0.032,0.045,0.055,0.102,0.054,0.083,0.025,0.036,0.035,0.047,0.038,0.029,0.028,0.069,0.053,0.025,0.052,0.061,0.067,0.070,0.048,0.052,0.022,0.057,0.050,0.052,0.034,0.048,0.045,0.069,0.062,0.076,0.034,0.083,0.050,0.044,0.031,0.038,0.105,0.064,0.074,0.060,0.030,0.052,0.046,0.066,0.040,0.082,0.120,0.016,0.073,0.033,0.062,0.050,0.066,0.071,0.041,0.056,0.048,0.080,0.046,0.034,0.031,0.035,0.025,0.034,0.032,0.016,0.029,0.016,0.054,0.028,0.005,0.126,0.051,0.017,0.024,0.024,0.023,0.030,0.049,0.051,0.053,0.040,0.036,0.069,0.037,0.023,0.090,0.028,0.072,0.039,0.046,0.040,0.032,0.031,0.024,0.080,0.067,0.086,0.002,0.028,0.037,0.042,0.007,0.032,0.027,0.048,0.052,0.046,0.063,0.045,0.062,0.034,0.056,0.056,0.018,0.020,0.032,0.050,0.038,0.056,0.048,0.012,0.027,0.061,0.025,0.009,0.012,0.052,0.021,0.021,0.026,0.034,0.061,0.020,0.002,0.034,0.036,0.053,0.020,0.011,0.020,0.047,0.019,0.024,0.057,0.059,0.048,0.052,0.053,0.030,0.055,0.031,0.041,0.062,0.038,0.022,0.029,0.097,0.016,0.038,0.038,0.022,0.009,0.019,0.032,0.030,0.142,0.033,0.114,0.020,0.075,0.086,0.027,0.020,0.008,0.021,0.026,0.029,0.090,0.021,0.048,0.060,0.090,0.054,0.072,0.083,0.019,0.023,0.071,0.087,0.034,0.041,0.024,0.012,0.043,0.044,0.052,0.059,0.039,0.102,0.072,0.035,0.042,0.037,0.093,0.052,0.033,0.070,0.047,0.040,0.008,0.061,0.028,0.031,0.020,0.030,0.036,0.084,0.042,0.065,0.016,0.027,0.034,0.050,0.035,0.047,0.080,0.016,0.012,0.032,0.038,0.047,0.042,0.088,0.030,0.033,0.018,0.059,0.079,0.033,0.039,0.034,0.030,0.077,0.088,0.035,0.065,0.060,0.035,0.015,0.023,0.030,0.022,0.019,0.050,0.010,0.046,0.050,0.038,0.052,0.067,0.074,0.023,0.051,0.046,0.040,0.050,0.035,0.061,0.061,0.030,0.067,0.036,0.000,0.066,0.024,0.030,0.035,0.034,0.012,0.025,0.022,0.126,0.037,0.084,0.085,0.021,0.010,0.037,0.014,0.094,0.057,0.008,0.047,0.036,0.042,0.040,0.035,0.039,0.064,0.034,0.040,0.039,0.073,0.013,0.015,0.018,0.032,0.043,0.049,0.066,0.104,0.059,0.062,0.028,0.032,0.045,0.046,0.065,0.038,0.044,0.033,0.029,0.039,0.035,0.049,0.100,0.027,0.024,0.065,0.061,0.034,0.030,0.107,0.039,0.084,0.045,0.056,0.046,0.060,0.016,0.016,0.019,0.021,0.058,0.048,0.040,0.043,0.045,0.087,0.056,0.018,0.036,0.069,0.039,0.110,0.048,0.056,0.044,0.034,0.032,0.027,0.028,0.037,0.046,0.057,0.032,0.028,0.027,0.035,0.026,0.066,0.069,0.035,0.042,0.051,0.041,0.027,0.023,0.037,0.028,0.037,0.058,0.034,0.033,0.046,0.072,0.027,0.041,0.050,0.038,0.078,0.011,0.051,0.013,0.083,0.047,0.052,0.056,0.019,0.070,0.080,0.036,0.040,0.045,0.103,0.116,0.084,0.074,0.113,0.102,0.057,0.102,0.095,0.082,0.090,0.079,0.056,0.074,0.093,0.109,0.043,0.058
LP6005441-DNA_E05,0.141,0.152,0.087,0.088,0.049,0.119,0.136,0.038,0.034,0.071,0.035,0.078,0.049,0.114,0.169,0.050,0.084,0.092,0.134,0.086,0.086,0.081,0.037,0.072,0.083,0.083,0.062,0.045,0.098,0.070,0.079,0.082,0.088,0.106,0.086,0.075,0.041,0.093,0.057,0.088,0.088,0.079,0.086,0.165,0.097,0.145,0.106,0.060,0.073,0.109,0.108,0.127,0.132,0.134,0.116,0.088,0.056,0.111,0.095,0.108,0.126,0.113,0.161,0.145,0.123,0.190,0.150,0.080,0.135,0.157,0.116,0.064,0.088,0.064,0.107,0.065,0.097,0.032,0.086,0.105,0.043,0.088,0.052,0.023,0.024,0.036,0.033,0.083,0.119,0.043,0.044,0.083,0.019,0.084,0.055,0.119,0.066,0.084,0.049,0.049,0.058,0.063,0.077,0.043,0.122,0.066,0.086,0.051,0.043,0.103,0.073,0.097,0.159,0.117,0.026,0.029,0.082,0.039,0.022,0.042,0.032,0.066,0.140,0.032,0.053,0.095,0.105,0.035,0.073,0.039,0.089,0.035,0.064,0.136,0.093,0.075,0.101,0.034,0.091,0.039,0.090,0.021,0.014,0.043,0.037,0.043,0.019,0.132,0.066,0.054,0.040,0.016,0.066,0.060,0.030,0.034,0.055,0.065,0.024,0.055,0.013,0.114,0.030,0.046,0.113,0.040,0.049,0.082,0.044,0.036,0.091,0.086,0.111,0.064,0.029,0.046,0.045,0.051,0.096,0.038,0.105,0.037,0.097,0.085,0.109,0.015,0.030,0.076,0.039,0.032,0.033,0.076,0.046,0.055,0.112,0.123,0.038,0.066,0.138,0.094,0.115,0.102,0.054,0.040,0.065,0.175,0.081,0.062,0.076,0.078,0.121,0.056,0.079,0.137,0.059,0.062,0.088,0.120,0.100,0.095,0.110,0.055,0.091,0.099,0.096,0.129,0.092,0.103,0.112,0.105,0.071,0.058,0.089,0.055,0.137,0.083,0.062,0.060,0.077,0.098,0.105,0.095,0.104,0.153,0.024,0.080,0.127,0.077,0.095,0.052,0.097,0.092,0.075,0.052,0.114,0.024,0.131,0.105,0.064,0.058,0.068,0.081,0.082,0.027,0.051,0.110,0.033,0.062,0.059,0.060,0.047,0.012,0.045,0.030,0.060,0.046,0.062,0.142,0.053,0.054,0.064,0.119,0.093,0.088,0.032,0.043,0.051,0.028,0.023,0.010,0.093,0.063,0.038,0.092,0.070,0.030,0.019,0.043,0.048,0.055,0.088,0.106,0.045,0.037,0.098,0.038,0.096,0.032,0.014,0.059,0.048,0.097,0.086,0.040,0.108,0.112,0.083,0.069,0.049,0.048,0.070,0.030,0.074,0.036,0.080,0.090,0.090,0.175,0.068,0.062,0.101,0.095,0.055,0.063,0.136,0.129,0.104,0.076,0.081,0.108,0.097,0.075,0.173,0.123,0.090,0.123,0.125,0.118,0.076,0.134,0.109,0.113,0.099,0.075,0.061,0.075,0.085,0.053,0.064,0.097,0.120,0.084,0.083,0.094,0.064,0.100,0.094,0.119,0.158,0.058,0.097,0.080,0.043,0.080,0.098,0.060,0.018,0.085,0.051,0.136,0.102,0.091,0.064,0.068,0.073,0.070,0.090,0.039,0.093,0.032,0.135,0.084,0.074,0.130,0.091,0.083,0.058,0.069,0.085,0.096,0.058,0.061,0.069,0.066,0.072,0.056,0.063,0.153,0.016,0.049,0.062,0.064,0.096,0.091,0.087,0.110,0.111,0.034,0.075,0.052,0.111,0.115,0.070,0.095,0.141,0.137,0.175,0.096,0.120,0.081,0.112,0.089,0.113,0.060,0.081,0.121,0.061,0.077,0.095
LP6005441-DNA_E06,0.041,0.020,0.012,0.028,0.018,0.007,0.026,0.019,0.025,0.023,0.041,0.032,0.017,0.026,0.024,0.014,0.007,0.029,0.017,0.034,0.034,0.021,0.012,0.033,0.025,0.035,0.035,0.037,0.027,0.028,0.026,0.030,0.027,0.011,0.027,0.026,0.008,0.034,0.031,0.019,0.051,0.060,0.030,0.017,0.029,0.023,0.049,0.039,0.046,0.018,0.010,0.037,0.033,0.050,0.037,0.028,0.028,0.016,0.045,0.032,0.065,0.044,0.016,0.019,0.036,0.009,0.032,0.013,0.023,0.035,0.022,0.030,0.026,0.014,0.031,0.012,0.010,0.018,0.019,0.010,0.025,0.030,0.004,0.009,0.008,0.049,0.044,0.024,0.027,0.081,0.034,0.067,0.031,0.076,0.023,0.025,0.056,0.016,0.081,0.053,0.076,0.011,0.036,0.091,0.030,0.048,0.080,0.024,0.084,0.068,0.018,0.027,0.018,0.022,0.119,0.023,0.033,0.030,0.056,0.020,0.090,0.053,0.042,0.199,0.016,0.030,0.065,0.028,0.182,0.022,0.051,0.112,0.032,0.041,0.136,0.017,0.044,0.087,0.032,0.034,0.029,0.010,0.022,0.021,0.061,0.066,0.023,0.016,0.080,0.034,0.012,0.033,0.062,0.106,0.017,0.070,0.115,0.033,0.033,0.115,0.076,0.028,0.054,0.071,0.026,0.069,0.038,0.092,0.083,0.035,0.022,0.050,0.018,0.008,0.015,0.035,0.064,0.027,0.019,0.054,0.016,0.023,0.076,0.026,0.019,0.156,0.018,0.078,0.038,0.060,0.072,0.129,0.039,0.073,0.018,0.050,0.028,0.142,0.059,0.071,0.045,0.004,0.086,0.026,0.013,0.040,0.108,0.028,0.035,0.055,0.028,0.037,0.026,0.045,0.064,0.023,0.048,0.040,0.012,0.022,0.063,0.097,0.060,0.031,0.060,0.083,0.102,0.018,0.020,0.022,0.021,0.010,0.033,0.017,0.016,0.029,0.109,0.056,0.023,0.012,0.046,0.091,0.042,0.035,0.012,0.083,0.028,0.047,0.133,0.018,0.030,0.056,0.031,0.018,0.070,0.033,0.041,0.031,0.072,0.031,0.102,0.085,0.034,0.049,0.029,0.020,0.064,0.154,0.049,0.033,0.039,0.087,0.042,0.134,0.017,0.044,0.013,0.037,0.033,0.085,0.009,0.068,0.052,0.053,0.046,0.043,0.040,0.051,0.064,0.025,0.059,0.021,0.017,0.052,0.016,0.068,0.037,0.057,0.046,0.086,0.027,0.010,0.075,0.023,0.014,0.073,0.027,0.018,0.006,0.053,0.056,0.014,0.037,0.156,0.084,0.018,0.062,0.114,0.073,0.025,0.036,0.012,0.035,0.057,0.075,0.019,0.021,0.030,0.009,0.056,0.030,0.042,0.016,0.020,0.013,0.019,0.027,0.021,0.027,0.030,0.001,0.052,0.052,0.022,0.027,0.046,0.013,0.033,0.014,0.040,0.039,0.037,0.015,0.040,0.028,0.041,0.021,0.021,0.009,0.018,0.026,0.024,0.021,0.044,0.024,0.059,0.019,0.023,0.014,0.051,0.021,0.012,0.020,0.019,0.017,0.047,0.019,0.037,0.046,0.018,0.024,0.025,0.005,0.028,0.021,0.038,0.030,0.035,0.012,0.018,0.022,0.043,0.042,0.020,0.010,0.030,0.032,0.025,0.029,0.046,0.011,0.048,0.021,0.029,0.030,0.050,0.021,0.016,0.025,0.082,0.024,0.036,0.095,0.029,0.023,0.008,0.030,0.018,0.036,0.025,0.048,0.013,0.017,0.008,0.014,0.007,0.019,0.013,0.031,0.014,0.016,0.032,0.010,0.023,0.019,0.013,0.015,0.029,0.015
LP6005441-DNA_E08,0.050,0.044,0.064,0.120,0.098,0.108,0.069,0.137,0.091,0.082,0.059,0.031,0.103,0.028,0.026,0.141,0.107,0.080,0.110,0.090,0.101,0.102,0.051,0.085,0.091,0.107,0.068,0.105,0.069,0.067,0.066,0.070,0.086,0.068,0.062,0.085,0.088,0.039,0.069,0.046,0.054,0.091,0.055,0.038,0.095,0.041,0.043,0.047,0.083,0.086,0.055,0.035,0.021,0.053,0.056,0.045,0.036,0.045,0.050,0.074,0.049,0.028,0.132,0.044,0.053,0.114,0.068,0.104,0.117,0.091,0.119,0.103,0.119,0.075,0.125,0.102,0.088,0.134,0.083,0.084,0.133,0.068,0.090,0.030,0.084,0.020,0.016,0.071,0.059,0.020,0.073,0.095,0.014,0.018,0.082,0.098,0.088,0.061,0.024,0.040,0.019,0.104,0.042,0.039,0.142,0.016,0.023,0.017,0.026,0.021,0.023,0.071,0.204,0.149,0.025,0.115,0.040,0.034,0.004,0.104,0.024,0.039,0.038,0.012,0.070,0.071,0.103,0.018,0.043,0.122,0.050,0.005,0.077,0.055,0.127,0.123,0.082,0.022,0.150,0.075,0.118,0.001,0.006,0.033,0.033,0.018,0.047,0.059,0.039,0.090,0.001,0.011,0.072,0.016,0.010,0.016,0.012,0.057,0.030,0.017,0.011,0.048,0.027,0.023,0.064,0.018,0.024,0.020,0.006,0.021,0.062,0.044,0.056,0.108,0.014,0.026,0.025,0.021,0.052,0.002,0.090,0.020,0.104,0.054,0.104,0.005,0.058,0.116,0.073,0.036,0.011,0.022,0.033,0.023,0.127,0.050,0.047,0.014,0.048,0.072,0.124,0.134,0.026,0.008,0.077,0.067,0.056,0.103,0.107,0.057,0.101,0.032,0.062,0.098,0.016,0.079,0.050,0.113,0.091,0.048,0.059,0.084,0.007,0.124,0.086,0.056,0.055,0.161,0.038,0.094,0.035,0.133,0.055,0.032,0.079,0.084,0.021,0.045,0.147,0.043,0.119,0.029,0.120,0.049,0.007,0.091,0.121,0.080,0.056,0.100,0.050,0.055,0.065,0.034,0.072,0.020,0.065,0.008,0.031,0.015,0.034,0.046,0.044,0.042,0.028,0.097,0.024,0.054,0.037,0.048,0.098,0.005,0.018,0.013,0.067,0.043,0.042,0.115,0.032,0.048,0.080,0.054,0.020,0.043,0.065,0.043,0.025,0.015,0.018,0.024,0.022,0.042,0.065,0.085,0.084,0.002,0.011,0.005,0.108,0.029,0.085,0.040,0.011,0.040,0.099,0.004,0.138,0.014,0.016,0.056,0.012,0.024,0.109,0.028,0.048,0.101,0.109,0.017,0.011,0.053,0.031,0.040,0.050,0.017,0.073,0.134,0.146,0.072,0.038,0.063,0.032,0.050,0.037,0.078,0.054,0.050,0.069,0.069,0.055,0.078,0.072,0.123,0.109,0.049,0.032,0.104,0.085,0.042,0.062,0.071,0.116,0.105,0.074,0.069,0.067,0.067,0.034,0.068,0.042,0.075,0.081,0.048,0.068,0.061,0.093,0.113,0.039,0.058,0.027,0.115,0.032,0.055,0.039,0.088,0.116,0.065,0.057,0.096,0.054,0.058,0.063,0.115,0.118,0.040,0.096,0.050,0.073,0.134,0.078,0.098,0.077,0.127,0.112,0.049,0.051,0.087,0.101,0.047,0.108,0.083,0.115,0.065,0.097,0.097,0.083,0.022,0.091,0.046,0.011,0.055,0.037,0.075,0.036,0.069,0.076,0.074,0.078,0.083,0.077,0.082,0.080,0.099,0.048,0.046,0.029,0.095,0.037,0.084,0.123,0.123,0.092,0.081,0.082,0.122,0.075,0.068,0.054,0.148,0.095
LP6005441-DNA_E09,0.073,0.069,0.059,0.092,0.059,0.049,0.085,0.064,0.059,0.066,0.055,0.037,0.039,0.059,0.069,0.081,0.066,0.040,0.094,0.095,0.078,0.066,0.058,0.060,0.067,0.067,0.060,0.101,0.067,0.045,0.058,0.052,0.059,0.070,0.076,0.107,0.084,0.096,0.061,0.084,0.070,0.093,0.066,0.108,0.055,0.060,0.071,0.050,0.066,0.055,0.047,0.055,0.039,0.060,0.027,0.065,0.031,0.044,0.059,0.070,0.060,0.061,0.072,0.066,0.075,0.092,0.097,0.078,0.079,0.060,0.088,0.035,0.072,0.077,0.105,0.070,0.056,0.071,0.051,0.069,0.068,0.048,0.054,0.047,0.059,0.022,0.019,0.072,0.111,0.031,0.057,0.091,0.012,0.041,0.050,0.153,0.036,0.097,0.064,0.056,0.039,0.076,0.087,0.035,0.090,0.043,0.033,0.032,0.020,0.048,0.032,0.080,0.094,0.076,0.016,0.091,0.008,0.049,0.015,0.091,0.025,0.027,0.080,0.027,0.087,0.067,0.133,0.029,0.055,0.094,0.066,0.021,0.081,0.106,0.088,0.072,0.098,0.023,0.125,0.097,0.085,0.008,0.014,0.033,0.028,0.018,0.042,0.123,0.108,0.061,0.009,0.027,0.051,0.031,0.046,0.022,0.020,0.052,0.035,0.023,0.031,0.087,0.039,0.026,0.085,0.006,0.032,0.033,0.009,0.039,0.064,0.032,0.081,0.097,0.009,0.041,0.020,0.032,0.041,0.022,0.088,0.032,0.151,0.083,0.100,0.009,0.046,0.068,0.086,0.034,0.022,0.038,0.031,0.049,0.143,0.076,0.046,0.031,0.130,0.045,0.139,0.088,0.060,0.025,0.092,0.073,0.143,0.086,0.102,0.101,0.114,0.030,0.077,0.031,0.012,0.105,0.061,0.109,0.167,0.049,0.038,0.079,0.011,0.132,0.108,0.108,0.051,0.098,0.029,0.043,0.079,0.081,0.080,0.061,0.048,0.079,0.025,0.078,0.099,0.094,0.095,0.091,0.044,0.079,0.032,0.094,0.126,0.104,0.064,0.065,0.047,0.098,0.077,0.085,0.141,0.025,0.073,0.056,0.077,0.050,0.033,0.091,0.077,0.038,0.040,0.072,0.031,0.055,0.026,0.031,0.097,0.034,0.028,0.023,0.068,0.031,0.060,0.128,0.060,0.026,0.055,0.094,0.034,0.032,0.038,0.048,0.036,0.022,0.009,0.017,0.054,0.051,0.086,0.056,0.068,0.025,0.026,0.031,0.073,0.035,0.112,0.119,0.004,0.021,0.123,0.012,0.086,0.015,0.012,0.065,0.026,0.030,0.111,0.040,0.078,0.079,0.081,0.012,0.029,0.040,0.026,0.046,0.068,0.018,0.060,0.116,0.040,0.059,0.050,0.023,0.060,0.062,0.034,0.065,0.105,0.106,0.095,0.074,0.060,0.080,0.093,0.098,0.064,0.055,0.049,0.059,0.074,0.061,0.082,0.092,0.093,0.098,0.080,0.086,0.084,0.102,0.030,0.071,0.026,0.083,0.056,0.058,0.059,0.066,0.079,0.042,0.052,0.074,0.067,0.039,0.060,0.078,0.058,0.087,0.076,0.070,0.049,0.067,0.063,0.059,0.050,0.041,0.050,0.031,0.075,0.057,0.059,0.081,0.063,0.084,0.075,0.077,0.044,0.064,0.057,0.052,0.099,0.052,0.102,0.045,0.088,0.069,0.077,0.104,0.061,0.024,0.087,0.038,0.013,0.090,0.042,0.073,0.082,0.074,0.097,0.110,0.108,0.083,0.106,0.080,0.071,0.053,0.063,0.063,0.089,0.078,0.069,0.073,0.081,0.086,0.102,0.098,0.062,0.088,0.037,0.066,0.066,0.063,0.070
LP6005441-DNA_E10,0.061,0.084,0.071,0.097,0.089,0.133,0.126,0.112,0.042,0.074,0.059,0.034,0.061,0.103,0.088,0.062,0.137,0.122,0.086,0.059,0.048,0.094,0.053,0.063,0.052,0.120,0.043,0.115,0.066,0.017,0.051,0.053,0.078,0.102,0.090,0.123,0.069,0.114,0.074,0.146,0.092,0.065,0.060,0.141,0.110,0.058,0.073,0.063,0.166,0.108,0.111,0.062,0.070,0.064,0.066,0.088,0.053,0.055,0.088,0.040,0.093,0.079,0.141,0.058,0.113,0.115,0.101,0.092,0.127,0.109,0.127,0.032,0.127,0.043,0.138,0.066,0.105,0.051,0.050,0.093,0.052,0.076,0.048,0.056,0.109,0.053,0.026,0.126,0.222,0.039,0.090,0.265,0.057,0.047,0.064,0.137,0.140,0.216,0.039,0.052,0.034,0.081,0.082,0.051,0.090,0.068,0.034,0.050,0.047,0.045,0.054,0.105,0.172,0.162,0.010,0.087,0.071,0.051,0.024,0.067,0.066,0.047,0.105,0.059,0.121,0.139,0.308,0.030,0.067,0.076,0.069,0.052,0.075,0.097,0.337,0.092,0.094,0.042,0.163,0.252,0.265,0.023,0.019,0.081,0.049,0.047,0.038,0.109,0.277,0.295,0.013,0.048,0.122,0.066,0.039,0.053,0.032,0.138,0.043,0.029,0.057,0.091,0.066,0.052,0.149,0.021,0.050,0.046,0.037,0.068,0.042,0.071,0.078,0.054,0.022,0.074,0.035,0.072,0.034,0.041,0.086,0.045,0.098,0.086,0.107,0.039,0.075,0.128,0.091,0.043,0.048,0.071,0.039,0.069,0.066,0.116,0.089,0.071,0.166,0.046,0.078,0.094,0.090,0.068,0.048,0.068,0.233,0.093,0.156,0.121,0.094,0.030,0.079,0.117,0.042,0.095,0.064,0.115,0.078,0.083,0.072,0.068,0.025,0.142,0.151,0.116,0.095,0.147,0.054,0.139,0.095,0.116,0.110,0.056,0.122,0.077,0.052,0.212,0.108,0.157,0.117,0.224,0.152,0.060,0.028,0.238,0.129,0.242,0.109,0.056,0.058,0.262,0.079,0.182,0.132,0.047,0.046,0.167,0.193,0.053,0.048,0.069,0.210,0.069,0.061,0.047,0.044,0.053,0.044,0.059,0.206,0.044,0.052,0.045,0.088,0.044,0.059,0.125,0.061,0.040,0.092,0.191,0.013,0.050,0.153,0.082,0.084,0.082,0.060,0.028,0.045,0.054,0.066,0.119,0.070,0.051,0.053,0.053,0.067,0.040,0.081,0.080,0.022,0.030,0.077,0.017,0.162,0.036,0.027,0.046,0.061,0.070,0.082,0.046,0.224,0.299,0.219,0.051,0.054,0.058,0.037,0.007,0.068,0.028,0.060,0.144,0.163,0.166,0.064,0.091,0.066,0.058,0.073,0.069,0.069,0.075,0.070,0.029,0.046,0.081,0.048,0.174,0.139,0.071,0.051,0.100,0.160,0.058,0.054,0.103,0.096,0.086,0.059,0.087,0.095,0.095,0.033,0.032,0.032,0.088,0.083,0.047,0.051,0.063,0.118,0.115,0.081,0.098,0.100,0.144,0.119,0.076,0.054,0.128,0.096,0.078,0.073,0.078,0.056,0.040,0.067,0.128,0.130,0.025,0.096,0.052,0.055,0.074,0.092,0.061,0.052,0.076,0.105,0.075,0.063,0.119,0.134,0.064,0.073,0.058,0.043,0.072,0.083,0.107,0.089,0.044,0.062,0.046,0.043,0.239,0.049,0.079,0.154,0.079,0.061,0.058,0.061,0.064,0.074,0.053,0.120,0.113,0.036,0.062,0.055,0.108,0.060,0.096,0.135,0.131,0.081,0.089,0.092,0.121,0.078,0.078,0.032,0.150,0.052
LP6005441-DNA_F02,0.095,0.082,0.061,0.060,0.045,0.016,0.091,0.037,0.039,0.009,0.039,0.136,0.066,0.053,0.104,0.025,0.086,0.054,0.085,0.072,0.021,0.072,0.031,0.065,0.039,0.058,0.038,0.066,0.064,0.041,0.027,0.048,0.036,0.044,0.082,0.072,0.033,0.030,0.038,0.014,0.063,0.039,0.050,0.060,0.038,0.012,0.052,0.053,0.052,0.057,0.051,0.062,0.064,0.069,0.035,0.040,0.083,0.060,0.043,0.048,0.052,0.036,0.055,0.039,0.019,0.035,0.089,0.021,0.039,0.080,0.041,0.063,0.086,0.033,0.059,0.028,0.009,0.022,0.053,0.095,0.013,0.057,0.045,0.021,0.050,0.053,0.061,0.048,0.107,0.059,0.036,0.075,0.054,0.064,0.074,0.043,0.037,0.053,0.044,0.085,0.058,0.006,0.031,0.057,0.019,0.023,0.097,0.069,0.025,0.091,0.053,0.051,0.073,0.052,0.111,0.028,0.062,0.095,0.013,0.035,0.140,0.069,0.048,0.057,0.059,0.066,0.065,0.058,0.063,0.017,0.027,0.037,0.016,0.018,0.051,0.020,0.060,0.090,0.013,0.109,0.031,0.095,0.112,0.080,0.060,0.045,0.031,0.012,0.086,0.038,0.031,0.090,0.133,0.063,0.033,0.010,0.089,0.046,0.102,0.066,0.059,0.092,0.043,0.072,0.116,0.030,0.039,0.014,0.041,0.042,0.102,0.100,0.033,0.003,0.061,0.038,0.024,0.038,0.064,0.088,0.043,0.035,0.066,0.032,0.040,0.048,0.062,0.131,0.027,0.053,0.031,0.033,0.087,0.048,0.068,0.017,0.028,0.068,0.054,0.040,0.043,0.020,0.029,0.067,0.031,0.052,0.069,0.024,0.085,0.019,0.110,0.062,0.025,0.059,0.082,0.039,0.136,0.119,0.035,0.063,0.055,0.041,0.075,0.055,0.042,0.087,0.028,0.046,0.030,0.027,0.013,0.021,0.107,0.048,0.011,0.005,0.075,0.082,0.036,0.040,0.039,0.041,0.069,0.045,0.029,0.072,0.133,0.056,0.028,0.077,0.045,0.016,0.020,0.046,0.048,0.053,0.065,0.084,0.045,0.113,0.056,0.071,0.055,0.116,0.035,0.036,0.035,0.085,0.009,0.072,0.055,0.009,0.051,0.083,0.047,0.031,0.040,0.114,0.069,0.047,0.028,0.112,0.109,0.107,0.057,0.049,0.031,0.079,0.072,0.034,0.029,0.059,0.042,0.049,0.087,0.107,0.083,0.043,0.023,0.137,0.084,0.075,0.104,0.047,0.031,0.116,0.012,0.044,0.040,0.043,0.065,0.052,0.031,0.049,0.053,0.058,0.055,0.037,0.058,0.032,0.080,0.032,0.030,0.062,0.017,0.112,0.042,0.048,0.036,0.024,0.051,0.048,0.046,0.034,0.116,0.112,0.064,0.083,0.063,0.102,0.164,0.061,0.060,0.067,0.045,0.061,0.033,0.061,0.067,0.091,0.095,0.132,0.131,0.091,0.016,0.042,0.051,0.027,0.037,0.087,0.064,0.125,0.064,0.108,0.036,0.060,0.059,0.042,0.056,0.085,0.047,0.022,0.031,0.030,0.053,0.048,0.070,0.016,0.047,0.030,0.133,0.020,0.056,0.028,0.045,0.037,0.025,0.056,0.032,0.019,0.133,0.055,0.021,0.089,0.047,0.076,0.041,0.112,0.049,0.094,0.014,0.096,0.071,0.043,0.043,0.044,0.062,0.070,0.045,0.055,0.027,0.061,0.117,0.052,0.052,0.081,0.030,0.014,0.039,0.053,0.136,0.027,0.078,0.036,0.143,0.089,0.050,0.045,0.102,0.023,0.048,0.031,0.034,0.035,0.058,0.111,0.037,0.102,0.036
LP6005441-DNA_F03,0.011,0.012,0.043,0.031,0.023,0.028,0.014,0.048,0.010,0.026,0.021,0.030,0.010,0.063,0.014,0.015,0.033,0.021,0.048,0.029,0.044,0.028,0.032,0.026,0.018,0.016,0.034,0.040,0.033,0.027,0.026,0.025,0.017,0.028,0.018,0.028,0.007,0.011,0.025,0.028,0.016,0.038,0.039,0.060,0.016,0.051,0.023,0.034,0.008,0.015,0.049,0.016,0.014,0.019,0.037,0.010,0.011,0.048,0.017,0.041,0.052,0.030,0.010,0.013,0.038,0.010,0.053,0.040,0.026,0.029,0.017,0.021,0.022,0.017,0.029,0.033,0.032,0.046,0.019,0.011,0.042,0.044,0.018,0.020,0.011,0.032,0.029,0.040,0.043,0.043,0.005,0.043,0.018,0.040,0.036,0.046,0.011,0.032,0.050,0.044,0.007,0.017,0.025,0.024,0.042,0.038,0.043,0.042,0.058,0.042,0.016,0.026,0.039,0.015,0.067,0.015,0.019,0.046,0.026,0.025,0.040,0.036,0.050,0.103,0.033,0.038,0.046,0.022,0.243,0.041,0.063,0.049,0.038,0.061,0.080,0.028,0.017,0.038,0.030,0.052,0.029,0.004,0.004,0.022,0.046,0.040,0.016,0.016,0.070,0.042,0.009,0.032,0.041,0.067,0.016,0.020,0.074,0.022,0.015,0.072,0.027,0.041,0.032,0.039,0.037,0.034,0.018,0.049,0.036,0.011,0.011,0.045,0.021,0.074,0.013,0.022,0.009,0.021,0.009,0.023,0.031,0.023,0.061,0.026,0.039,0.047,0.027,0.060,0.014,0.042,0.038,0.065,0.027,0.037,0.047,0.029,0.024,0.084,0.070,0.051,0.042,0.021,0.070,0.026,0.030,0.024,0.063,0.018,0.061,0.059,0.032,0.025,0.016,0.012,0.060,0.027,0.046,0.077,0.024,0.044,0.056,0.057,0.006,0.031,0.091,0.069,0.065,0.025,0.014,0.014,0.016,0.015,0.023,0.013,0.014,0.030,0.065,0.039,0.033,0.028,0.034,0.062,0.035,0.025,0.000,0.061,0.016,0.040,0.080,0.009,0.055,0.045,0.037,0.027,0.046,0.012,0.027,0.029,0.049,0.036,0.070,0.054,0.039,0.037,0.026,0.027,0.031,0.112,0.021,0.013,0.032,0.038,0.097,0.204,0.032,0.056,0.021,0.028,0.022,0.069,0.040,0.067,0.059,0.015,0.054,0.035,0.030,0.032,0.024,0.007,0.060,0.032,0.018,0.039,0.009,0.034,0.008,0.026,0.027,0.044,0.056,0.015,0.041,0.017,0.015,0.044,0.014,0.015,0.001,0.040,0.050,0.007,0.028,0.075,0.067,0.037,0.053,0.075,0.046,0.025,0.031,0.010,0.021,0.030,0.042,0.036,0.043,0.020,0.055,0.026,0.035,0.042,0.016,0.009,0.013,0.028,0.017,0.021,0.007,0.014,0.012,0.026,0.031,0.037,0.095,0.025,0.028,0.028,0.025,0.016,0.053,0.037,0.012,0.012,0.026,0.042,0.019,0.028,0.006,0.049,0.026,0.020,0.028,0.088,0.024,0.018,0.008,0.050,0.034,0.072,0.047,0.047,0.022,0.039,0.031,0.051,0.025,0.021,0.023,0.013,0.017,0.022,0.029,0.030,0.055,0.023,0.065,0.027,0.023,0.022,0.034,0.034,0.018,0.028,0.023,0.021,0.032,0.036,0.030,0.015,0.031,0.025,0.023,0.031,0.023,0.028,0.036,0.022,0.013,0.050,0.061,0.051,0.072,0.012,0.030,0.024,0.038,0.026,0.029,0.029,0.037,0.024,0.025,0.020,0.031,0.079,0.035,0.031,0.044,0.021,0.018,0.051,0.050,0.067,0.076,0.038,0.039,0.013,0.026
LP6005441-DNA_F04,0.031,0.024,0.047,0.031,0.038,0.062,0.037,0.051,0.052,0.044,0.036,0.031,0.086,0.078,0.065,0.069,0.056,0.053,0.090,0.100,0.073,0.086,0.076,0.053,0.092,0.038,0.072,0.080,0.049,0.047,0.035,0.094,0.079,0.061,0.042,0.082,0.060,0.033,0.065,0.063,0.040,0.084,0.038,0.031,0.036,0.033,0.030,0.035,0.027,0.023,0.063,0.030,0.026,0.044,0.020,0.033,0.024,0.013,0.034,0.037,0.025,0.035,0.020,0.031,0.034,0.031,0.050,0.060,0.060,0.056,0.057,0.038,0.034,0.052,0.080,0.045,0.052,0.097,0.062,0.032,0.093,0.038,0.037,0.027,0.037,0.022,0.011,0.029,0.057,0.016,0.026,0.040,0.016,0.008,0.065,0.124,0.021,0.058,0.034,0.021,0.017,0.094,0.053,0.021,0.113,0.016,0.010,0.004,0.011,0.005,0.022,0.118,0.090,0.061,0.021,0.077,0.008,0.024,0.000,0.071,0.012,0.027,0.023,0.013,0.091,0.075,0.055,0.004,0.044,0.042,0.097,0.009,0.113,0.042,0.085,0.098,0.076,0.005,0.084,0.065,0.083,0.000,0.006,0.011,0.032,0.014,0.019,0.031,0.047,0.036,0.000,0.006,0.011,0.013,0.006,0.005,0.007,0.020,0.026,0.007,0.020,0.060,0.021,0.011,0.080,0.011,0.009,0.007,0.012,0.015,0.043,0.007,0.042,0.075,0.004,0.021,0.010,0.017,0.045,0.006,0.080,0.011,0.085,0.070,0.093,0.004,0.024,0.033,0.063,0.020,0.010,0.024,0.021,0.057,0.152,0.061,0.023,0.013,0.053,0.037,0.093,0.065,0.031,0.009,0.081,0.070,0.069,0.079,0.067,0.076,0.064,0.019,0.076,0.032,0.014,0.115,0.032,0.052,0.037,0.023,0.031,0.072,0.011,0.061,0.073,0.064,0.029,0.087,0.023,0.017,0.025,0.064,0.055,0.027,0.035,0.095,0.003,0.013,0.119,0.029,0.049,0.073,0.034,0.039,0.010,0.074,0.136,0.043,0.028,0.066,0.043,0.076,0.052,0.051,0.082,0.003,0.027,0.013,0.047,0.018,0.038,0.064,0.075,0.026,0.035,0.047,0.015,0.055,0.005,0.029,0.109,0.022,0.029,0.005,0.060,0.046,0.060,0.068,0.029,0.019,0.066,0.037,0.016,0.007,0.039,0.012,0.011,0.035,0.004,0.015,0.031,0.018,0.052,0.013,0.042,0.016,0.012,0.007,0.075,0.008,0.089,0.063,0.013,0.016,0.074,0.000,0.110,0.011,0.002,0.061,0.017,0.042,0.079,0.010,0.058,0.029,0.065,0.004,0.006,0.024,0.007,0.024,0.082,0.018,0.062,0.062,0.034,0.072,0.031,0.029,0.019,0.070,0.054,0.055,0.067,0.071,0.061,0.039,0.024,0.052,0.027,0.055,0.037,0.021,0.052,0.026,0.025,0.041,0.050,0.039,0.102,0.098,0.051,0.049,0.054,0.078,0.032,0.058,0.025,0.088,0.066,0.043,0.055,0.027,0.038,0.044,0.045,0.064,0.026,0.060,0.031,0.051,0.017,0.067,0.064,0.086,0.038,0.039,0.057,0.065,0.019,0.045,0.025,0.045,0.068,0.039,0.055,0.080,0.034,0.070,0.033,0.096,0.046,0.025,0.051,0.032,0.058,0.053,0.064,0.044,0.077,0.040,0.062,0.075,0.064,0.018,0.093,0.018,0.009,0.049,0.035,0.055,0.034,0.031,0.078,0.072,0.076,0.088,0.068,0.046,0.067,0.033,0.044,0.024,0.023,0.049,0.026,0.022,0.018,0.016,0.019,0.047,0.032,0.031,0.013,0.025,0.034,0.045,0.066
LP6005441-DNA_F05,0.030,0.033,0.073,0.037,0.032,0.050,0.092,0.042,0.045,0.111,0.106,0.053,0.090,0.093,0.039,0.093,0.061,0.061,0.035,0.090,0.081,0.095,0.073,0.054,0.081,0.064,0.048,0.082,0.046,0.112,0.028,0.103,0.048,0.085,0.067,0.071,0.086,0.030,0.052,0.103,0.073,0.103,0.109,0.076,0.033,0.082,0.079,0.033,0.074,0.067,0.072,0.056,0.065,0.052,0.039,0.052,0.038,0.069,0.090,0.091,0.054,0.064,0.023,0.073,0.080,0.039,0.054,0.054,0.105,0.090,0.056,0.053,0.035,0.076,0.048,0.066,0.023,0.086,0.046,0.055,0.092,0.058,0.049,0.070,0.066,0.029,0.035,0.091,0.150,0.083,0.081,0.090,0.045,0.089,0.056,0.093,0.063,0.166,0.045,0.070,0.017,0.073,0.060,0.005,0.092,0.100,0.031,0.033,0.034,0.060,0.062,0.114,0.070,0.053,0.034,0.125,0.051,0.033,0.049,0.078,0.027,0.018,0.079,0.047,0.053,0.072,0.067,0.011,0.090,0.126,0.059,0.082,0.113,0.084,0.153,0.078,0.106,0.036,0.079,0.096,0.128,0.007,0.010,0.041,0.071,0.082,0.043,0.075,0.096,0.063,0.021,0.049,0.062,0.037,0.098,0.079,0.027,0.042,0.082,0.071,0.046,0.040,0.064,0.080,0.097,0.053,0.049,0.071,0.078,0.056,0.040,0.037,0.072,0.090,0.014,0.022,0.074,0.031,0.043,0.007,0.099,0.054,0.048,0.095,0.061,0.051,0.025,0.072,0.048,0.048,0.034,0.089,0.042,0.111,0.094,0.095,0.058,0.051,0.132,0.108,0.097,0.085,0.109,0.053,0.084,0.052,0.162,0.097,0.058,0.091,0.091,0.048,0.050,0.060,0.061,0.050,0.090,0.061,0.068,0.087,0.052,0.135,0.051,0.075,0.145,0.103,0.082,0.101,0.054,0.070,0.133,0.082,0.071,0.083,0.047,0.083,0.075,0.063,0.100,0.070,0.068,0.100,0.074,0.064,0.028,0.107,0.102,0.102,0.059,0.033,0.077,0.128,0.076,0.079,0.126,0.005,0.065,0.057,0.057,0.053,0.089,0.096,0.065,0.036,0.052,0.060,0.024,0.099,0.062,0.028,0.124,0.045,0.058,0.066,0.065,0.083,0.082,0.080,0.053,0.076,0.048,0.105,0.028,0.037,0.101,0.031,0.105,0.078,0.058,0.045,0.056,0.096,0.075,0.071,0.056,0.073,0.047,0.054,0.051,0.028,0.115,0.126,0.042,0.011,0.095,0.016,0.064,0.025,0.016,0.061,0.058,0.048,0.110,0.074,0.080,0.105,0.097,0.056,0.042,0.031,0.059,0.037,0.049,0.054,0.071,0.074,0.079,0.071,0.066,0.071,0.054,0.050,0.037,0.022,0.083,0.126,0.071,0.070,0.037,0.032,0.034,0.063,0.052,0.070,0.064,0.081,0.089,0.043,0.063,0.028,0.085,0.086,0.068,0.089,0.092,0.088,0.055,0.061,0.027,0.105,0.088,0.067,0.049,0.057,0.068,0.100,0.033,0.068,0.083,0.036,0.083,0.125,0.056,0.120,0.036,0.101,0.094,0.047,0.065,0.055,0.059,0.105,0.076,0.008,0.107,0.098,0.064,0.054,0.055,0.043,0.042,0.113,0.042,0.076,0.025,0.056,0.067,0.075,0.039,0.042,0.085,0.088,0.074,0.051,0.068,0.044,0.085,0.043,0.028,0.119,0.046,0.125,0.075,0.058,0.049,0.108,0.110,0.073,0.053,0.048,0.062,0.050,0.066,0.071,0.038,0.073,0.094,0.079,0.051,0.066,0.086,0.101,0.042,0.045,0.082,0.051,0.037,0.049,0.104
LP6005441-DNA_F06,0.047,0.045,0.048,0.048,0.035,0.032,0.051,0.027,0.057,0.055,0.035,0.025,0.057,0.069,0.078,0.048,0.061,0.066,0.026,0.075,0.057,0.042,0.052,0.040,0.039,0.052,0.043,0.077,0.035,0.047,0.054,0.028,0.086,0.056,0.023,0.027,0.011,0.030,0.054,0.039,0.071,0.081,0.098,0.087,0.071,0.127,0.061,0.073,0.062,0.066,0.063,0.108,0.062,0.039,0.036,0.059,0.038,0.072,0.077,0.041,0.044,0.039,0.031,0.056,0.068,0.058,0.030,0.049,0.075,0.025,0.032,0.032,0.036,0.036,0.005,0.073,0.023,0.050,0.042,0.028,0.041,0.034,0.061,0.049,0.041,0.030,0.073,0.055,0.033,0.053,0.058,0.057,0.037,0.084,0.024,0.042,0.084,0.051,0.053,0.031,0.014,0.014,0.043,0.008,0.051,0.073,0.058,0.033,0.055,0.101,0.055,0.023,0.093,0.090,0.052,0.081,0.052,0.040,0.065,0.043,0.073,0.029,0.044,0.113,0.006,0.031,0.071,0.025,0.081,0.018,0.086,0.089,0.047,0.045,0.112,0.025,0.030,0.078,0.055,0.072,0.057,0.007,0.030,0.040,0.043,0.104,0.022,0.043,0.048,0.071,0.042,0.043,0.071,0.063,0.035,0.044,0.031,0.046,0.022,0.115,0.076,0.042,0.034,0.072,0.027,0.075,0.049,0.055,0.044,0.059,0.011,0.032,0.040,0.038,0.017,0.042,0.083,0.023,0.027,0.039,0.046,0.043,0.072,0.040,0.039,0.134,0.007,0.039,0.036,0.050,0.066,0.074,0.072,0.075,0.060,0.064,0.095,0.093,0.055,0.072,0.086,0.061,0.074,0.064,0.046,0.098,0.090,0.046,0.030,0.054,0.024,0.083,0.032,0.047,0.092,0.047,0.071,0.081,0.062,0.074,0.076,0.052,0.044,0.061,0.097,0.069,0.064,0.027,0.072,0.035,0.083,0.029,0.051,0.063,0.040,0.040,0.093,0.119,0.030,0.074,0.028,0.098,0.087,0.053,0.012,0.099,0.017,0.104,0.071,0.035,0.073,0.068,0.067,0.061,0.065,0.027,0.045,0.065,0.066,0.060,0.080,0.044,0.073,0.035,0.054,0.044,0.027,0.086,0.061,0.033,0.014,0.021,0.038,0.054,0.057,0.050,0.032,0.066,0.020,0.088,0.035,0.055,0.051,0.081,0.049,0.016,0.089,0.085,0.043,0.083,0.068,0.069,0.042,0.090,0.021,0.059,0.050,0.099,0.021,0.041,0.036,0.066,0.044,0.044,0.058,0.039,0.030,0.032,0.021,0.017,0.085,0.039,0.058,0.100,0.108,0.040,0.105,0.060,0.061,0.021,0.078,0.035,0.028,0.029,0.031,0.046,0.062,0.081,0.085,0.060,0.088,0.077,0.029,0.025,0.030,0.043,0.029,0.044,0.023,0.011,0.016,0.069,0.073,0.104,0.073,0.071,0.076,0.044,0.041,0.024,0.021,0.040,0.024,0.035,0.047,0.047,0.022,0.027,0.014,0.033,0.052,0.034,0.033,0.059,0.056,0.077,0.014,0.044,0.095,0.033,0.048,0.063,0.043,0.101,0.033,0.088,0.062,0.054,0.030,0.056,0.032,0.040,0.051,0.061,0.042,0.050,0.037,0.046,0.038,0.038,0.040,0.036,0.012,0.032,0.035,0.047,0.042,0.025,0.033,0.036,0.034,0.055,0.015,0.021,0.037,0.059,0.031,0.046,0.051,0.070,0.050,0.091,0.083,0.034,0.029,0.029,0.044,0.052,0.052,0.039,0.065,0.040,0.044,0.053,0.063,0.051,0.081,0.085,0.102,0.048,0.084,0.087,0.071,0.020,0.056,0.078,0.029,0.033,0.089
LP6005441-DNA_F08,0.026,0.028,0.101,0.041,0.066,0.045,0.030,0.053,0.085,0.078,0.044,0.044,0.052,0.061,0.029,0.068,0.024,0.070,0.035,0.033,0.070,0.050,0.082,0.060,0.042,0.059,0.062,0.065,0.043,0.047,0.021,0.041,0.037,0.066,0.039,0.046,0.058,0.047,0.049,0.067,0.042,0.030,0.054,0.086,0.066,0.070,0.073,0.080,0.049,0.072,0.043,0.066,0.053,0.087,0.094,0.065,0.046,0.065,0.118,0.066,0.087,0.091,0.061,0.083,0.025,0.048,0.067,0.057,0.036,0.059,0.093,0.052,0.061,0.076,0.103,0.095,0.053,0.085,0.062,0.056,0.099,0.064,0.013,0.022,0.020,0.004,0.014,0.082,0.082,0.022,0.041,0.043,0.021,0.025,0.055,0.094,0.057,0.079,0.019,0.012,0.012,0.090,0.074,0.010,0.096,0.021,0.013,0.014,0.012,0.008,0.018,0.053,0.070,0.049,0.005,0.065,0.020,0.024,0.021,0.064,0.005,0.015,0.040,0.018,0.057,0.061,0.045,0.005,0.037,0.117,0.078,0.023,0.052,0.078,0.076,0.105,0.054,0.012,0.106,0.074,0.069,0.003,0.002,0.007,0.033,0.011,0.030,0.055,0.066,0.081,0.005,0.012,0.020,0.012,0.019,0.013,0.002,0.039,0.024,0.015,0.029,0.028,0.047,0.012,0.037,0.001,0.006,0.011,0.009,0.015,0.039,0.005,0.091,0.079,0.008,0.045,0.011,0.014,0.056,0.028,0.090,0.012,0.041,0.098,0.033,0.012,0.011,0.041,0.052,0.009,0.020,0.015,0.005,0.061,0.092,0.047,0.025,0.014,0.071,0.025,0.073,0.074,0.038,0.014,0.055,0.041,0.091,0.075,0.033,0.083,0.111,0.017,0.058,0.075,0.007,0.030,0.055,0.078,0.049,0.044,0.060,0.064,0.012,0.091,0.104,0.092,0.053,0.099,0.057,0.091,0.028,0.057,0.063,0.054,0.037,0.066,0.013,0.085,0.070,0.043,0.048,0.048,0.047,0.043,0.014,0.073,0.039,0.091,0.021,0.047,0.056,0.050,0.046,0.070,0.119,0.007,0.091,0.036,0.064,0.017,0.036,0.034,0.078,0.025,0.042,0.044,0.019,0.053,0.011,0.031,0.062,0.024,0.044,0.015,0.079,0.028,0.050,0.063,0.018,0.023,0.063,0.067,0.019,0.014,0.047,0.028,0.022,0.019,0.020,0.009,0.020,0.023,0.046,0.029,0.071,0.024,0.026,0.011,0.062,0.016,0.048,0.070,0.024,0.005,0.077,0.003,0.116,0.018,0.008,0.055,0.036,0.026,0.062,0.016,0.065,0.035,0.081,0.005,0.013,0.017,0.025,0.023,0.021,0.039,0.045,0.050,0.096,0.123,0.022,0.075,0.061,0.108,0.065,0.029,0.037,0.105,0.038,0.056,0.075,0.040,0.038,0.060,0.074,0.055,0.079,0.099,0.071,0.077,0.069,0.044,0.072,0.046,0.046,0.052,0.023,0.061,0.064,0.035,0.045,0.101,0.053,0.092,0.051,0.074,0.056,0.039,0.046,0.083,0.049,0.065,0.081,0.047,0.035,0.059,0.044,0.056,0.038,0.018,0.045,0.058,0.044,0.063,0.028,0.057,0.065,0.036,0.051,0.066,0.084,0.063,0.063,0.062,0.026,0.056,0.046,0.061,0.050,0.038,0.036,0.032,0.059,0.063,0.048,0.068,0.054,0.017,0.106,0.062,0.012,0.042,0.024,0.060,0.036,0.046,0.043,0.042,0.086,0.065,0.045,0.036,0.070,0.050,0.026,0.037,0.025,0.037,0.032,0.033,0.015,0.020,0.038,0.020,0.061,0.040,0.019,0.048,0.045,0.082,0.092
LP6005441-DNA_F09,0.069,0.058,0.096,0.044,0.065,0.056,0.069,0.051,0.031,0.084,0.072,0.100,0.042,0.108,0.041,0.096,0.046,0.074,0.054,0.050,0.051,0.053,0.039,0.040,0.068,0.057,0.038,0.072,0.058,0.039,0.067,0.036,0.063,0.067,0.051,0.072,0.039,0.092,0.056,0.088,0.080,0.079,0.077,0.066,0.052,0.090,0.075,0.049,0.049,0.028,0.081,0.066,0.069,0.095,0.070,0.085,0.048,0.070,0.088,0.085,0.056,0.055,0.067,0.077,0.084,0.063,0.068,0.069,0.074,0.089,0.068,0.043,0.021,0.048,0.049,0.063,0.037,0.048,0.083,0.050,0.052,0.063,0.043,0.057,0.034,0.034,0.036,0.091,0.085,0.041,0.058,0.063,0.034,0.029,0.035,0.082,0.055,0.075,0.025,0.034,0.033,0.072,0.100,0.010,0.051,0.041,0.016,0.024,0.018,0.039,0.047,0.137,0.084,0.069,0.012,0.054,0.045,0.056,0.018,0.054,0.023,0.029,0.091,0.024,0.046,0.078,0.075,0.004,0.048,0.045,0.059,0.022,0.088,0.124,0.092,0.068,0.097,0.022,0.095,0.058,0.086,0.018,0.010,0.041,0.017,0.008,0.040,0.081,0.069,0.133,0.019,0.001,0.039,0.046,0.048,0.021,0.012,0.086,0.038,0.011,0.015,0.096,0.042,0.028,0.058,0.005,0.026,0.045,0.049,0.025,0.068,0.040,0.093,0.082,0.019,0.027,0.022,0.037,0.042,0.015,0.117,0.037,0.133,0.093,0.081,0.014,0.023,0.063,0.055,0.011,0.035,0.037,0.020,0.028,0.123,0.065,0.031,0.022,0.150,0.070,0.118,0.081,0.040,0.026,0.053,0.067,0.101,0.074,0.109,0.097,0.101,0.021,0.047,0.067,0.019,0.072,0.045,0.136,0.072,0.049,0.041,0.114,0.029,0.117,0.114,0.098,0.050,0.152,0.049,0.078,0.075,0.041,0.040,0.060,0.068,0.122,0.039,0.080,0.059,0.074,0.077,0.098,0.053,0.048,0.037,0.049,0.082,0.105,0.039,0.099,0.073,0.079,0.072,0.062,0.083,0.027,0.036,0.052,0.115,0.014,0.044,0.061,0.095,0.025,0.024,0.066,0.034,0.038,0.021,0.039,0.128,0.021,0.024,0.016,0.040,0.024,0.091,0.112,0.042,0.035,0.077,0.085,0.011,0.032,0.026,0.048,0.027,0.031,0.030,0.004,0.060,0.054,0.075,0.070,0.078,0.019,0.012,0.035,0.108,0.012,0.103,0.098,0.008,0.024,0.097,0.005,0.139,0.020,0.010,0.063,0.042,0.052,0.073,0.023,0.061,0.100,0.083,0.021,0.017,0.026,0.043,0.020,0.040,0.023,0.034,0.076,0.066,0.079,0.049,0.072,0.059,0.041,0.052,0.030,0.069,0.040,0.075,0.043,0.099,0.068,0.048,0.068,0.068,0.039,0.050,0.071,0.080,0.032,0.050,0.097,0.062,0.060,0.088,0.050,0.062,0.061,0.041,0.032,0.026,0.060,0.064,0.032,0.030,0.074,0.041,0.086,0.070,0.049,0.049,0.032,0.089,0.109,0.049,0.064,0.049,0.059,0.025,0.096,0.086,0.040,0.047,0.081,0.045,0.037,0.058,0.072,0.081,0.071,0.034,0.053,0.051,0.070,0.031,0.123,0.048,0.072,0.062,0.051,0.049,0.054,0.082,0.046,0.042,0.074,0.077,0.039,0.076,0.038,0.007,0.058,0.045,0.053,0.051,0.133,0.062,0.080,0.102,0.054,0.090,0.043,0.040,0.054,0.055,0.074,0.048,0.077,0.095,0.055,0.076,0.068,0.043,0.054,0.043,0.062,0.072,0.063,0.072,0.035,0.035
LP6005441-DNA_F10,0.038,0.066,0.105,0.070,0.032,0.047,0.079,0.045,0.065,0.043,0.055,0.035,0.028,0.068,0.035,0.054,0.052,0.077,0.058,0.054,0.081,0.070,0.058,0.038,0.040,0.051,0.039,0.094,0.047,0.024,0.051,0.042,0.062,0.095,0.065,0.061,0.056,0.054,0.037,0.117,0.067,0.070,0.083,0.108,0.058,0.047,0.070,0.062,0.081,0.083,0.054,0.061,0.058,0.052,0.058,0.078,0.047,0.080,0.075,0.071,0.064,0.078,0.070,0.070,0.044,0.044,0.065,0.108,0.093,0.070,0.071,0.034,0.054,0.048,0.096,0.085,0.070,0.057,0.043,0.054,0.052,0.050,0.033,0.040,0.061,0.047,0.042,0.055,0.153,0.047,0.062,0.151,0.041,0.040,0.073,0.074,0.082,0.181,0.021,0.037,0.011,0.063,0.044,0.024,0.054,0.057,0.033,0.032,0.026,0.037,0.043,0.073,0.086,0.032,0.023,0.113,0.052,0.031,0.022,0.055,0.034,0.020,0.060,0.068,0.094,0.054,0.202,0.013,0.072,0.078,0.091,0.055,0.074,0.084,0.503,0.085,0.072,0.031,0.090,0.172,0.292,0.007,0.003,0.028,0.030,0.032,0.050,0.064,0.200,0.167,0.020,0.023,0.068,0.053,0.045,0.038,0.033,0.146,0.049,0.042,0.032,0.054,0.049,0.032,0.206,0.036,0.014,0.050,0.041,0.037,0.033,0.045,0.107,0.061,0.015,0.025,0.027,0.025,0.042,0.011,0.068,0.035,0.104,0.077,0.094,0.042,0.031,0.077,0.054,0.058,0.048,0.054,0.033,0.047,0.072,0.065,0.046,0.055,0.111,0.132,0.079,0.080,0.089,0.042,0.055,0.058,0.156,0.075,0.087,0.120,0.070,0.016,0.060,0.051,0.037,0.065,0.053,0.093,0.088,0.069,0.038,0.131,0.011,0.043,0.114,0.098,0.183,0.090,0.054,0.068,0.078,0.085,0.073,0.053,0.064,0.094,0.055,0.187,0.098,0.080,0.047,0.156,0.056,0.052,0.029,0.255,0.093,0.141,0.119,0.064,0.075,0.243,0.059,0.100,0.113,0.020,0.072,0.115,0.208,0.021,0.031,0.059,0.183,0.054,0.015,0.065,0.060,0.081,0.022,0.022,0.217,0.050,0.034,0.043,0.074,0.036,0.039,0.070,0.054,0.102,0.074,0.167,0.020,0.054,0.051,0.041,0.042,0.044,0.045,0.024,0.040,0.048,0.040,0.056,0.067,0.053,0.037,0.042,0.051,0.024,0.083,0.082,0.015,0.027,0.069,0.019,0.115,0.031,0.012,0.038,0.048,0.031,0.059,0.047,0.182,0.187,0.262,0.068,0.038,0.029,0.020,0.027,0.050,0.029,0.046,0.069,0.103,0.088,0.059,0.045,0.076,0.074,0.071,0.030,0.056,0.064,0.077,0.044,0.064,0.042,0.054,0.076,0.069,0.062,0.064,0.053,0.090,0.084,0.065,0.047,0.067,0.044,0.042,0.085,0.054,0.072,0.011,0.049,0.044,0.076,0.070,0.045,0.054,0.073,0.079,0.073,0.039,0.065,0.064,0.092,0.098,0.054,0.048,0.107,0.048,0.098,0.061,0.065,0.060,0.041,0.086,0.082,0.057,0.036,0.076,0.070,0.076,0.044,0.031,0.053,0.050,0.052,0.045,0.085,0.055,0.068,0.064,0.034,0.065,0.039,0.062,0.064,0.128,0.080,0.066,0.039,0.085,0.058,0.023,0.143,0.032,0.058,0.131,0.082,0.051,0.090,0.087,0.088,0.071,0.050,0.060,0.086,0.063,0.096,0.068,0.069,0.084,0.081,0.052,0.061,0.054,0.070,0.066,0.060,0.041,0.043,0.045,0.086,0.084
LP6005441-DNA_F12,0.036,0.023,0.102,0.065,0.062,0.076,0.048,0.090,0.046,0.032,0.037,0.030,0.039,0.027,0.033,0.052,0.056,0.043,0.063,0.046,0.098,0.066,0.101,0.076,0.059,0.095,0.044,0.094,0.055,0.071,0.061,0.027,0.125,0.037,0.049,0.054,0.039,0.045,0.051,0.047,0.061,0.045,0.071,0.016,0.084,0.068,0.051,0.100,0.078,0.125,0.033,0.054,0.080,0.082,0.063,0.097,0.080,0.076,0.076,0.071,0.069,0.068,0.066,0.062,0.039,0.065,0.066,0.067,0.072,0.068,0.089,0.015,0.051,0.055,0.096,0.064,0.085,0.082,0.040,0.050,0.082,0.094,0.055,0.011,0.058,0.021,0.012,0.111,0.037,0.017,0.086,0.035,0.020,0.017,0.038,0.059,0.099,0.040,0.034,0.008,0.017,0.091,0.076,0.017,0.078,0.013,0.013,0.011,0.012,0.007,0.013,0.062,0.063,0.072,0.009,0.048,0.013,0.013,0.015,0.056,0.002,0.024,0.032,0.008,0.063,0.036,0.039,0.004,0.015,0.071,0.039,0.006,0.078,0.047,0.073,0.123,0.034,0.006,0.100,0.060,0.074,0.002,0.007,0.016,0.015,0.013,0.034,0.048,0.067,0.039,0.008,0.005,0.032,0.014,0.012,0.005,0.009,0.030,0.009,0.011,0.007,0.051,0.011,0.009,0.038,0.006,0.006,0.018,0.001,0.011,0.040,0.005,0.055,0.055,0.005,0.004,0.017,0.020,0.048,0.007,0.049,0.024,0.059,0.047,0.041,0.004,0.010,0.068,0.050,0.013,0.009,0.019,0.024,0.011,0.111,0.051,0.015,0.011,0.039,0.035,0.051,0.123,0.023,0.004,0.050,0.035,0.028,0.065,0.054,0.025,0.043,0.017,0.076,0.048,0.004,0.069,0.030,0.041,0.054,0.031,0.072,0.053,0.005,0.064,0.053,0.043,0.042,0.098,0.075,0.070,0.045,0.085,0.047,0.103,0.069,0.073,0.012,0.056,0.079,0.053,0.060,0.035,0.059,0.039,0.004,0.030,0.076,0.056,0.044,0.074,0.056,0.033,0.028,0.063,0.099,0.007,0.064,0.042,0.045,0.017,0.023,0.043,0.069,0.027,0.017,0.045,0.006,0.019,0.038,0.074,0.053,0.009,0.011,0.010,0.029,0.021,0.026,0.068,0.006,0.023,0.062,0.062,0.003,0.023,0.025,0.016,0.012,0.021,0.008,0.006,0.026,0.023,0.044,0.065,0.033,0.004,0.012,0.006,0.052,0.006,0.043,0.054,0.010,0.008,0.047,0.004,0.072,0.006,0.003,0.035,0.014,0.027,0.051,0.015,0.065,0.055,0.065,0.006,0.005,0.016,0.040,0.015,0.024,0.006,0.028,0.055,0.101,0.198,0.037,0.070,0.049,0.077,0.079,0.030,0.060,0.056,0.045,0.044,0.042,0.034,0.034,0.115,0.078,0.048,0.047,0.066,0.129,0.078,0.050,0.066,0.079,0.075,0.032,0.049,0.043,0.046,0.034,0.047,0.026,0.071,0.040,0.030,0.057,0.067,0.105,0.099,0.029,0.057,0.020,0.094,0.062,0.077,0.032,0.081,0.077,0.070,0.060,0.020,0.076,0.029,0.018,0.068,0.066,0.047,0.037,0.078,0.059,0.043,0.103,0.070,0.050,0.082,0.083,0.042,0.050,0.038,0.057,0.056,0.041,0.059,0.052,0.061,0.062,0.041,0.040,0.027,0.102,0.057,0.005,0.028,0.044,0.051,0.043,0.040,0.035,0.043,0.133,0.055,0.036,0.034,0.040,0.104,0.099,0.126,0.091,0.085,0.094,0.086,0.109,0.078,0.107,0.065,0.128,0.125,0.078,0.077,0.051,0.106,0.034
LP6005441-DNA_G03,0.081,0.067,0.066,0.091,0.075,0.070,0.101,0.063,0.063,0.100,0.096,0.062,0.102,0.089,0.049,0.089,0.119,0.118,0.116,0.088,0.084,0.109,0.061,0.067,0.120,0.119,0.049,0.100,0.139,0.046,0.061,0.077,0.111,0.090,0.071,0.095,0.094,0.150,0.154,0.180,0.072,0.084,0.097,0.049,0.056,0.043,0.066,0.056,0.045,0.046,0.060,0.057,0.056,0.085,0.075,0.052,0.075,0.068,0.083,0.103,0.084,0.074,0.045,0.087,0.111,0.057,0.101,0.099,0.090,0.073,0.067,0.091,0.107,0.059,0.081,0.059,0.060,0.069,0.085,0.061,0.094,0.093,0.117,0.014,0.045,0.010,0.015,0.074,0.073,0.036,0.100,0.055,0.023,0.006,0.049,0.100,0.067,0.082,0.013,0.026,0.029,0.086,0.049,0.034,0.072,0.036,0.011,0.016,0.021,0.024,0.066,0.102,0.112,0.077,0.011,0.129,0.039,0.040,0.004,0.091,0.016,0.028,0.057,0.025,0.065,0.071,0.059,0.017,0.017,0.076,0.066,0.011,0.054,0.085,0.078,0.051,0.082,0.013,0.080,0.110,0.068,0.007,0.018,0.016,0.015,0.015,0.144,0.070,0.110,0.023,0.008,0.011,0.024,0.009,0.047,0.030,0.006,0.044,0.057,0.016,0.031,0.049,0.015,0.011,0.066,0.019,0.020,0.021,0.029,0.041,0.047,0.014,0.094,0.068,0.014,0.004,0.007,0.026,0.031,0.020,0.100,0.012,0.063,0.073,0.073,0.003,0.022,0.039,0.045,0.023,0.008,0.031,0.036,0.045,0.075,0.068,0.026,0.020,0.077,0.071,0.079,0.088,0.022,0.012,0.092,0.047,0.074,0.094,0.032,0.076,0.091,0.015,0.082,0.053,0.012,0.079,0.051,0.080,0.077,0.058,0.079,0.067,0.029,0.048,0.055,0.046,0.021,0.093,0.061,0.071,0.084,0.072,0.060,0.077,0.078,0.083,0.012,0.050,0.140,0.036,0.038,0.088,0.070,0.065,0.014,0.042,0.096,0.038,0.044,0.108,0.094,0.058,0.064,0.060,0.064,0.009,0.059,0.017,0.035,0.047,0.041,0.079,0.054,0.037,0.023,0.077,0.038,0.054,0.023,0.036,0.074,0.029,0.040,0.019,0.077,0.041,0.055,0.112,0.049,0.021,0.110,0.068,0.020,0.021,0.035,0.040,0.022,0.044,0.010,0.012,0.040,0.026,0.050,0.032,0.106,0.045,0.029,0.017,0.065,0.007,0.074,0.086,0.014,0.027,0.061,0.005,0.088,0.017,0.007,0.036,0.022,0.041,0.103,0.026,0.045,0.066,0.025,0.010,0.008,0.041,0.052,0.038,0.055,0.040,0.047,0.076,0.080,0.049,0.058,0.079,0.077,0.055,0.031,0.072,0.103,0.071,0.068,0.064,0.052,0.063,0.052,0.057,0.061,0.037,0.052,0.070,0.078,0.062,0.071,0.072,0.076,0.074,0.054,0.064,0.070,0.095,0.020,0.052,0.038,0.072,0.111,0.039,0.036,0.070,0.063,0.091,0.057,0.072,0.055,0.059,0.099,0.094,0.036,0.087,0.099,0.120,0.079,0.170,0.065,0.090,0.128,0.142,0.068,0.026,0.085,0.179,0.116,0.074,0.100,0.099,0.052,0.093,0.067,0.107,0.098,0.074,0.063,0.045,0.080,0.113,0.111,0.069,0.090,0.076,0.104,0.013,0.070,0.046,0.030,0.075,0.057,0.086,0.040,0.153,0.072,0.185,0.153,0.146,0.087,0.129,0.097,0.092,0.065,0.113,0.120,0.158,0.093,0.106,0.045,0.080,0.065,0.059,0.059,0.080,0.088,0.072,0.069,0.063,0.060
LP6005441-DNA_G04,0.078,0.022,0.076,0.079,0.029,0.030,0.038,0.066,0.093,0.050,0.041,0.080,0.070,0.056,0.062,0.081,0.067,0.057,0.061,0.076,0.041,0.041,0.022,0.062,0.007,0.056,0.018,0.044,0.027,0.037,0.076,0.043,0.045,0.008,0.068,0.067,0.016,0.035,0.043,0.042,0.119,0.084,0.076,0.065,0.056,0.041,0.074,0.079,0.106,0.083,0.093,0.064,0.056,0.036,0.086,0.092,0.104,0.110,0.041,0.060,0.084,0.024,0.043,0.115,0.099,0.116,0.057,0.069,0.073,0.056,0.053,0.056,0.132,0.036,0.076,0.046,0.057,0.039,0.011,0.046,0.010,0.019,0.035,0.077,0.058,0.160,0.078,0.046,0.112,0.096,0.065,0.119,0.109,0.158,0.023,0.065,0.079,0.082,0.113,0.067,0.055,0.015,0.042,0.035,0.039,0.087,0.091,0.040,0.107,0.212,0.037,0.098,0.025,0.078,0.186,0.052,0.088,0.121,0.122,0.049,0.155,0.028,0.087,0.184,0.060,0.057,0.099,0.085,0.136,0.023,0.084,0.150,0.043,0.073,0.130,0.034,0.047,0.047,0.050,0.054,0.024,0.113,0.052,0.115,0.077,0.140,0.023,0.043,0.044,0.092,0.020,0.032,0.093,0.094,0.073,0.086,0.077,0.060,0.097,0.179,0.072,0.100,0.118,0.207,0.093,0.132,0.062,0.111,0.114,0.034,0.021,0.091,0.066,0.030,0.021,0.047,0.087,0.045,0.018,0.063,0.060,0.159,0.058,0.127,0.044,0.093,0.136,0.032,0.066,0.064,0.103,0.125,0.126,0.086,0.037,0.068,0.073,0.160,0.106,0.100,0.071,0.045,0.075,0.040,0.046,0.050,0.066,0.038,0.065,0.062,0.042,0.073,0.066,0.045,0.116,0.038,0.058,0.130,0.078,0.052,0.062,0.095,0.037,0.053,0.086,0.121,0.139,0.077,0.017,0.067,0.040,0.017,0.143,0.020,0.047,0.042,0.149,0.101,0.030,0.059,0.047,0.117,0.099,0.042,0.064,0.119,0.030,0.135,0.110,0.034,0.038,0.129,0.035,0.143,0.100,0.057,0.091,0.080,0.063,0.041,0.096,0.110,0.104,0.026,0.056,0.039,0.037,0.149,0.010,0.032,0.064,0.025,0.100,0.170,0.052,0.074,0.028,0.073,0.113,0.089,0.051,0.102,0.079,0.091,0.040,0.043,0.084,0.027,0.130,0.023,0.107,0.100,0.007,0.075,0.037,0.072,0.042,0.079,0.010,0.097,0.044,0.062,0.146,0.071,0.057,0.074,0.050,0.054,0.059,0.003,0.094,0.032,0.052,0.177,0.120,0.132,0.165,0.093,0.144,0.038,0.054,0.045,0.067,0.090,0.080,0.080,0.089,0.045,0.058,0.036,0.058,0.095,0.031,0.049,0.051,0.046,0.051,0.047,0.021,0.021,0.092,0.108,0.122,0.069,0.089,0.093,0.078,0.049,0.030,0.080,0.075,0.096,0.052,0.019,0.028,0.025,0.013,0.008,0.056,0.058,0.034,0.015,0.031,0.116,0.050,0.089,0.021,0.100,0.118,0.064,0.104,0.037,0.033,0.053,0.025,0.046,0.050,0.076,0.061,0.050,0.040,0.029,0.025,0.026,0.063,0.004,0.008,0.042,0.026,0.023,0.036,0.043,0.041,0.064,0.081,0.040,0.054,0.053,0.040,0.106,0.028,0.037,0.014,0.062,0.039,0.155,0.023,0.054,0.064,0.121,0.037,0.058,0.103,0.038,0.076,0.047,0.071,0.020,0.086,0.087,0.053,0.091,0.073,0.074,0.100,0.056,0.110,0.059,0.064,0.025,0.038,0.003,0.022,0.018,0.098,0.047,0.065,0.060,0.016
LP6005441-DNA_G05,0.076,0.061,0.081,0.078,0.128,0.094,0.072,0.083,0.077,0.066,0.074,0.055,0.063,0.082,0.048,0.073,0.126,0.071,0.098,0.104,0.133,0.094,0.080,0.069,0.080,0.148,0.089,0.091,0.091,0.046,0.079,0.071,0.082,0.064,0.078,0.108,0.070,0.064,0.099,0.098,0.088,0.060,0.057,0.090,0.098,0.063,0.048,0.037,0.118,0.083,0.063,0.046,0.043,0.062,0.038,0.048,0.053,0.042,0.072,0.068,0.062,0.077,0.140,0.051,0.070,0.079,0.054,0.116,0.124,0.111,0.143,0.044,0.105,0.043,0.125,0.091,0.114,0.102,0.064,0.113,0.076,0.124,0.057,0.046,0.093,0.016,0.019,0.095,0.097,0.034,0.106,0.105,0.022,0.023,0.051,0.134,0.081,0.086,0.013,0.027,0.019,0.077,0.061,0.023,0.125,0.056,0.024,0.014,0.006,0.014,0.032,0.084,0.169,0.149,0.027,0.103,0.025,0.023,0.024,0.097,0.008,0.017,0.072,0.022,0.140,0.108,0.127,0.005,0.035,0.093,0.060,0.029,0.137,0.118,0.117,0.184,0.095,0.016,0.249,0.086,0.118,0.004,0.008,0.026,0.021,0.017,0.055,0.101,0.071,0.160,0.011,0.014,0.072,0.016,0.025,0.016,0.008,0.061,0.042,0.027,0.015,0.090,0.044,0.017,0.078,0.007,0.011,0.024,0.017,0.032,0.047,0.031,0.110,0.058,0.009,0.009,0.028,0.027,0.083,0.025,0.136,0.019,0.081,0.096,0.102,0.014,0.035,0.109,0.101,0.033,0.033,0.035,0.023,0.030,0.184,0.090,0.048,0.029,0.052,0.046,0.145,0.122,0.046,0.027,0.100,0.081,0.102,0.084,0.124,0.111,0.105,0.017,0.087,0.075,0.016,0.086,0.062,0.123,0.096,0.033,0.045,0.077,0.013,0.158,0.126,0.075,0.052,0.162,0.061,0.073,0.071,0.123,0.132,0.049,0.085,0.066,0.020,0.078,0.135,0.096,0.100,0.054,0.132,0.079,0.030,0.061,0.166,0.131,0.073,0.060,0.060,0.102,0.082,0.074,0.127,0.011,0.079,0.063,0.071,0.021,0.036,0.062,0.073,0.034,0.033,0.076,0.024,0.055,0.034,0.050,0.088,0.028,0.031,0.017,0.108,0.052,0.049,0.105,0.044,0.021,0.074,0.085,0.009,0.017,0.079,0.024,0.034,0.039,0.028,0.028,0.025,0.028,0.077,0.133,0.129,0.034,0.025,0.024,0.084,0.009,0.110,0.109,0.023,0.024,0.112,0.003,0.139,0.005,0.006,0.081,0.036,0.035,0.111,0.023,0.083,0.121,0.088,0.025,0.018,0.038,0.041,0.029,0.037,0.025,0.047,0.144,0.166,0.101,0.065,0.103,0.057,0.063,0.061,0.047,0.074,0.086,0.068,0.106,0.075,0.085,0.070,0.140,0.106,0.058,0.045,0.094,0.139,0.057,0.071,0.080,0.138,0.071,0.064,0.087,0.105,0.079,0.045,0.048,0.052,0.122,0.051,0.074,0.063,0.059,0.105,0.108,0.072,0.061,0.049,0.127,0.095,0.058,0.067,0.130,0.127,0.138,0.038,0.069,0.068,0.058,0.071,0.101,0.110,0.038,0.119,0.062,0.075,0.096,0.071,0.105,0.063,0.102,0.166,0.094,0.040,0.140,0.150,0.044,0.070,0.068,0.082,0.099,0.076,0.157,0.098,0.028,0.147,0.047,0.021,0.070,0.030,0.095,0.042,0.080,0.092,0.088,0.090,0.095,0.102,0.064,0.123,0.095,0.050,0.069,0.090,0.099,0.084,0.140,0.159,0.172,0.134,0.148,0.097,0.182,0.088,0.102,0.070,0.155,0.094
LP6005441-DNA_G06,0.062,0.072,0.137,0.068,0.038,0.055,0.088,0.067,0.078,0.064,0.069,0.058,0.067,0.100,0.056,0.054,0.063,0.126,0.054,0.078,0.072,0.086,0.107,0.112,0.086,0.080,0.049,0.155,0.056,0.056,0.064,0.073,0.076,0.066,0.073,0.079,0.056,0.053,0.064,0.089,0.079,0.083,0.114,0.108,0.047,0.053,0.087,0.113,0.079,0.114,0.062,0.055,0.048,0.054,0.071,0.115,0.060,0.079,0.103,0.070,0.074,0.079,0.037,0.081,0.068,0.073,0.072,0.110,0.058,0.076,0.095,0.045,0.031,0.083,0.134,0.095,0.098,0.074,0.080,0.065,0.066,0.083,0.047,0.039,0.091,0.032,0.028,0.052,0.186,0.018,0.098,0.180,0.049,0.035,0.060,0.129,0.114,0.197,0.022,0.032,0.019,0.127,0.075,0.015,0.051,0.072,0.013,0.030,0.019,0.040,0.044,0.076,0.106,0.063,0.010,0.102,0.030,0.027,0.012,0.070,0.034,0.038,0.026,0.023,0.070,0.081,0.197,0.036,0.061,0.065,0.071,0.039,0.096,0.065,0.221,0.100,0.134,0.018,0.086,0.320,0.162,0.007,0.047,0.039,0.036,0.054,0.081,0.051,0.431,0.166,0.020,0.023,0.037,0.035,0.033,0.025,0.036,0.129,0.030,0.041,0.036,0.067,0.043,0.036,0.156,0.025,0.022,0.030,0.046,0.048,0.072,0.055,0.065,0.053,0.012,0.036,0.034,0.038,0.030,0.030,0.077,0.029,0.076,0.109,0.066,0.033,0.046,0.061,0.036,0.034,0.024,0.060,0.025,0.042,0.083,0.063,0.053,0.055,0.122,0.078,0.075,0.077,0.100,0.050,0.085,0.050,0.113,0.123,0.065,0.112,0.110,0.018,0.107,0.066,0.045,0.084,0.119,0.090,0.053,0.085,0.058,0.080,0.020,0.075,0.136,0.096,0.091,0.086,0.049,0.076,0.098,0.089,0.110,0.103,0.069,0.068,0.035,0.192,0.095,0.094,0.089,0.135,0.102,0.047,0.014,0.207,0.121,0.127,0.047,0.091,0.106,0.178,0.064,0.154,0.123,0.046,0.076,0.106,0.205,0.035,0.044,0.100,0.207,0.050,0.022,0.063,0.047,0.046,0.012,0.060,0.172,0.040,0.041,0.023,0.097,0.032,0.049,0.109,0.038,0.055,0.073,0.207,0.021,0.015,0.075,0.039,0.068,0.086,0.042,0.027,0.034,0.048,0.058,0.057,0.052,0.067,0.058,0.031,0.067,0.040,0.091,0.122,0.014,0.030,0.070,0.030,0.089,0.030,0.010,0.045,0.054,0.061,0.070,0.058,0.213,0.161,0.165,0.044,0.026,0.010,0.020,0.027,0.055,0.038,0.023,0.066,0.103,0.092,0.056,0.046,0.067,0.099,0.045,0.046,0.096,0.067,0.041,0.090,0.036,0.088,0.073,0.059,0.066,0.077,0.094,0.059,0.102,0.109,0.047,0.057,0.087,0.056,0.052,0.096,0.068,0.093,0.044,0.063,0.022,0.098,0.073,0.051,0.041,0.091,0.089,0.066,0.050,0.105,0.077,0.102,0.109,0.096,0.068,0.120,0.047,0.085,0.092,0.025,0.095,0.032,0.085,0.068,0.069,0.035,0.098,0.074,0.072,0.097,0.073,0.067,0.070,0.059,0.064,0.092,0.052,0.056,0.044,0.063,0.068,0.073,0.036,0.044,0.061,0.071,0.066,0.031,0.106,0.076,0.040,0.328,0.057,0.106,0.158,0.048,0.035,0.084,0.075,0.074,0.043,0.058,0.092,0.103,0.088,0.095,0.063,0.148,0.071,0.072,0.034,0.074,0.080,0.044,0.113,0.066,0.039,0.075,0.056,0.044,0.075
LP6005441-DNA_G07,0.056,0.092,0.077,0.097,0.067,0.116,0.105,0.071,0.023,0.076,0.079,0.051,0.059,0.065,0.030,0.054,0.084,0.078,0.047,0.028,0.063,0.080,0.051,0.031,0.049,0.097,0.027,0.092,0.036,0.063,0.047,0.049,0.056,0.085,0.083,0.084,0.087,0.118,0.046,0.098,0.059,0.048,0.072,0.087,0.078,0.052,0.064,0.061,0.092,0.067,0.086,0.054,0.063,0.054,0.054,0.043,0.047,0.055,0.070,0.055,0.049,0.039,0.122,0.063,0.060,0.061,0.046,0.095,0.094,0.072,0.096,0.027,0.089,0.030,0.084,0.037,0.078,0.062,0.061,0.083,0.058,0.071,0.025,0.033,0.078,0.008,0.014,0.099,0.190,0.029,0.118,0.170,0.046,0.017,0.074,0.071,0.091,0.251,0.012,0.020,0.021,0.091,0.067,0.010,0.097,0.032,0.020,0.017,0.012,0.025,0.042,0.071,0.170,0.121,0.006,0.106,0.038,0.023,0.015,0.051,0.013,0.017,0.049,0.018,0.105,0.069,0.201,0.010,0.030,0.092,0.094,0.029,0.078,0.085,0.346,0.119,0.078,0.007,0.111,0.153,0.263,0.011,0.016,0.017,0.016,0.028,0.042,0.047,0.185,0.256,0.019,0.011,0.067,0.024,0.036,0.015,0.022,0.145,0.031,0.014,0.025,0.050,0.031,0.035,0.204,0.007,0.022,0.034,0.039,0.029,0.045,0.029,0.066,0.073,0.021,0.018,0.017,0.017,0.054,0.034,0.056,0.027,0.076,0.073,0.070,0.019,0.030,0.077,0.068,0.022,0.023,0.060,0.024,0.042,0.075,0.120,0.033,0.020,0.149,0.129,0.118,0.111,0.081,0.026,0.041,0.043,0.228,0.118,0.114,0.090,0.055,0.013,0.040,0.098,0.025,0.052,0.052,0.052,0.050,0.066,0.057,0.088,0.019,0.102,0.105,0.051,0.119,0.137,0.060,0.108,0.101,0.101,0.077,0.038,0.094,0.074,0.020,0.129,0.164,0.072,0.087,0.172,0.136,0.047,0.027,0.219,0.114,0.146,0.036,0.076,0.058,0.289,0.043,0.088,0.099,0.023,0.039,0.089,0.156,0.021,0.012,0.056,0.148,0.087,0.028,0.048,0.020,0.040,0.032,0.059,0.222,0.025,0.026,0.019,0.052,0.069,0.044,0.079,0.057,0.082,0.107,0.198,0.012,0.035,0.081,0.022,0.035,0.040,0.020,0.007,0.046,0.030,0.059,0.072,0.041,0.017,0.032,0.026,0.049,0.018,0.051,0.073,0.011,0.008,0.054,0.008,0.150,0.016,0.001,0.025,0.050,0.066,0.061,0.028,0.164,0.292,0.199,0.031,0.007,0.026,0.041,0.016,0.041,0.033,0.031,0.097,0.147,0.087,0.050,0.076,0.048,0.047,0.032,0.032,0.056,0.062,0.067,0.037,0.074,0.079,0.041,0.117,0.089,0.049,0.037,0.089,0.101,0.044,0.065,0.071,0.107,0.064,0.077,0.094,0.097,0.129,0.042,0.057,0.054,0.100,0.070,0.033,0.026,0.067,0.072,0.102,0.111,0.050,0.066,0.087,0.086,0.059,0.036,0.127,0.073,0.068,0.065,0.068,0.042,0.040,0.059,0.120,0.089,0.040,0.066,0.056,0.067,0.072,0.086,0.031,0.051,0.072,0.075,0.074,0.084,0.100,0.102,0.063,0.082,0.044,0.094,0.054,0.116,0.106,0.051,0.004,0.061,0.024,0.014,0.154,0.024,0.056,0.123,0.056,0.036,0.089,0.056,0.103,0.047,0.044,0.091,0.100,0.033,0.058,0.042,0.103,0.070,0.089,0.122,0.123,0.085,0.099,0.072,0.111,0.086,0.079,0.037,0.131,0.070
LP6005441-DNA_G08,0.037,0.048,0.030,0.055,0.055,0.027,0.028,0.151,0.031,0.039,0.127,0.160,0.027,0.155,0.022,0.086,0.030,0.132,0.046,0.047,0.055,0.022,0.002,0.052,0.051,0.051,0.022,0.043,0.062,0.021,0.044,0.019,0.028,0.031,0.146,0.003,0.008,0.043,0.015,0.016,0.134,0.037,0.180,0.062,0.043,0.090,0.032,0.139,0.164,0.155,0.040,0.057,0.026,0.058,0.091,0.086,0.229,0.050,0.084,0.068,0.005,0.037,0.057,0.171,0.137,0.059,0.044,0.056,0.059,0.028,0.023,0.045,0.157,0.047,0.025,0.035,0.144,0.019,0.024,0.029,0.016,0.038,0.022,0.077,0.020,0.176,0.044,0.067,0.035,0.078,0.032,0.047,0.132,0.036,0.000,0.032,0.049,0.033,0.040,0.047,0.071,0.007,0.019,0.005,0.023,0.021,0.064,0.027,0.000,0.327,0.048,0.028,0.028,0.013,0.046,0.007,0.038,0.022,0.149,0.025,0.087,0.030,0.045,0.026,0.005,0.028,0.062,0.097,0.013,0.000,0.019,0.011,0.014,0.066,0.035,0.016,0.031,0.135,0.016,0.026,0.043,0.349,0.046,0.140,0.014,0.150,0.029,0.033,0.108,0.010,0.036,0.033,0.054,0.091,0.094,0.024,0.014,0.083,0.020,0.166,0.020,0.178,0.185,0.234,0.003,0.007,0.061,0.010,0.119,0.047,0.010,0.045,0.038,0.030,0.037,0.071,0.136,0.027,0.024,0.052,0.037,0.117,0.028,0.034,0.004,0.074,0.202,0.025,0.001,0.045,0.025,0.064,0.148,0.029,0.033,0.024,0.023,0.012,0.025,0.046,0.028,0.009,0.068,0.029,0.010,0.053,0.051,0.026,0.042,0.031,0.022,0.068,0.012,0.042,0.052,0.042,0.040,0.006,0.140,0.045,0.065,0.022,0.092,0.000,0.022,0.090,0.025,0.014,0.030,0.038,0.031,0.022,0.188,0.069,0.152,0.034,0.106,0.040,0.004,0.025,0.053,0.023,0.071,0.026,0.107,0.009,0.012,0.037,0.131,0.002,0.036,0.003,0.016,0.117,0.063,0.031,0.053,0.028,0.025,0.005,0.038,0.010,0.022,0.039,0.016,0.024,0.014,0.010,0.021,0.014,0.008,0.065,0.314,0.090,0.142,0.031,0.026,0.057,0.132,0.034,0.004,0.007,0.003,0.062,0.006,0.030,0.021,0.022,0.057,0.011,0.083,0.160,0.005,0.036,0.000,0.066,0.056,0.151,0.003,0.038,0.026,0.013,0.051,0.035,0.015,0.027,0.032,0.043,0.043,0.086,0.192,0.091,0.050,0.062,0.013,0.035,0.022,0.037,0.156,0.010,0.058,0.024,0.024,0.045,0.055,0.015,0.080,0.096,0.041,0.042,0.082,0.022,0.025,0.002,0.002,0.005,0.014,0.016,0.029,0.006,0.023,0.186,0.031,0.025,0.084,0.196,0.062,0.043,0.021,0.043,0.129,0.163,0.026,0.026,0.026,0.032,0.031,0.026,0.004,0.011,0.024,0.003,0.022,0.074,0.031,0.038,0.047,0.142,0.184,0.009,0.177,0.013,0.005,0.020,0.024,0.035,0.028,0.065,0.017,0.055,0.014,0.052,0.011,0.044,0.144,0.046,0.077,0.009,0.032,0.044,0.004,0.045,0.017,0.134,0.151,0.044,0.002,0.013,0.047,0.036,0.064,0.027,0.026,0.051,0.018,0.091,0.007,0.063,0.025,0.040,0.029,0.023,0.040,0.005,0.036,0.001,0.014,0.022,0.155,0.044,0.133,0.023,0.020,0.040,0.022,0.057,0.051,0.067,0.055,0.051,0.034,0.040,0.031,0.040,0.033,0.033,0.027,0.005,0.036
LP6005441-DNA_G09,0.051,0.015,0.009,0.022,0.045,0.044,0.019,0.033,0.063,0.041,0.002,0.064,0.049,0.047,0.044,0.031,0.050,0.042,0.022,0.041,0.000,0.038,0.026,0.041,0.013,0.031,0.032,0.044,0.015,0.037,0.014,0.030,0.015,0.017,0.019,0.037,0.000,0.020,0.042,0.024,0.020,0.059,0.044,0.061,0.053,0.034,0.038,0.063,0.043,0.031,0.038,0.058,0.035,0.028,0.012,0.049,0.004,0.026,0.060,0.007,0.047,0.029,0.002,0.022,0.082,0.039,0.042,0.028,0.051,0.029,0.026,0.019,0.033,0.004,0.027,0.006,0.016,0.016,0.001,0.004,0.019,0.010,0.026,0.009,0.006,0.011,0.065,0.013,0.029,0.039,0.034,0.009,0.041,0.060,0.009,0.023,0.046,0.056,0.040,0.005,0.031,0.011,0.059,0.043,0.020,0.017,0.047,0.045,0.066,0.038,0.052,0.055,0.045,0.025,0.059,0.003,0.048,0.108,0.014,0.028,0.068,0.032,0.038,0.055,0.020,0.049,0.058,0.129,0.019,0.033,0.031,0.065,0.008,0.045,0.016,0.044,0.084,0.064,0.030,0.186,0.069,0.050,0.071,0.023,0.022,0.050,0.054,0.015,0.165,0.008,0.004,0.091,0.034,0.013,0.028,0.058,0.032,0.047,0.062,0.046,0.018,0.046,0.086,0.044,0.028,0.071,0.023,0.010,0.039,0.040,0.043,0.054,0.039,0.021,0.026,0.042,0.016,0.026,0.003,0.087,0.015,0.081,0.047,0.021,0.048,0.045,0.032,0.003,0.016,0.006,0.030,0.055,0.056,0.029,0.015,0.046,0.045,0.040,0.042,0.035,0.019,0.036,0.049,0.065,0.004,0.040,0.001,0.006,0.028,0.035,0.044,0.053,0.017,0.019,0.066,0.099,0.122,0.051,0.019,0.045,0.057,0.029,0.037,0.005,0.049,0.081,0.021,0.073,0.018,0.027,0.017,0.019,0.043,0.007,0.057,0.040,0.050,0.033,0.033,0.054,0.048,0.002,0.111,0.050,0.051,0.019,0.070,0.015,0.017,0.043,0.014,0.042,0.018,0.077,0.026,0.068,0.021,0.035,0.028,0.102,0.046,0.008,0.032,0.133,0.036,0.081,0.069,0.020,0.019,0.021,0.011,0.028,0.035,0.020,0.021,0.011,0.002,0.056,0.063,0.020,0.023,0.062,0.062,0.039,0.018,0.019,0.022,0.059,0.081,0.033,0.047,0.037,0.015,0.005,0.013,0.113,0.068,0.041,0.013,0.051,0.022,0.018,0.023,0.039,0.014,0.039,0.022,0.038,0.026,0.033,0.041,0.032,0.050,0.052,0.017,0.093,0.044,0.020,0.020,0.019,0.016,0.018,0.005,0.057,0.050,0.023,0.046,0.036,0.014,0.036,0.044,0.058,0.036,0.044,0.018,0.067,0.032,0.042,0.032,0.004,0.092,0.016,0.011,0.033,0.041,0.045,0.038,0.045,0.007,0.058,0.022,0.044,0.037,0.007,0.037,0.025,0.019,0.005,0.004,0.000,0.024,0.003,0.019,0.031,0.016,0.095,0.020,0.041,0.067,0.017,0.016,0.013,0.031,0.019,0.038,0.017,0.019,0.040,0.046,0.036,0.006,0.038,0.000,0.020,0.028,0.032,0.043,0.032,0.039,0.039,0.009,0.063,0.039,0.041,0.003,0.020,0.015,0.065,0.029,0.030,0.032,0.037,0.032,0.005,0.057,0.005,0.003,0.011,0.040,0.105,0.037,0.040,0.004,0.038,0.046,0.026,0.033,0.003,0.011,0.045,0.039,0.055,0.034,0.043,0.019,0.051,0.054,0.048,0.047,0.040,0.013,0.022,0.056,0.037,0.057,0.050,0.024,0.034,0.007
LP6005441-DNA_G10,0.062,0.072,0.057,0.083,0.027,0.078,0.081,0.051,0.056,0.036,0.055,0.045,0.084,0.076,0.057,0.073,0.050,0.100,0.048,0.103,0.021,0.039,0.070,0.047,0.054,0.068,0.030,0.085,0.028,0.042,0.046,0.047,0.111,0.080,0.081,0.047,0.024,0.036,0.059,0.066,0.073,0.089,0.074,0.073,0.028,0.057,0.071,0.105,0.073,0.068,0.100,0.064,0.104,0.028,0.102,0.072,0.063,0.106,0.037,0.073,0.070,0.026,0.087,0.089,0.128,0.111,0.042,0.075,0.062,0.118,0.072,0.056,0.090,0.072,0.034,0.052,0.055,0.051,0.051,0.051,0.041,0.036,0.034,0.051,0.039,0.067,0.050,0.109,0.065,0.052,0.075,0.072,0.081,0.045,0.037,0.085,0.082,0.059,0.044,0.149,0.029,0.062,0.061,0.037,0.045,0.107,0.065,0.036,0.037,0.113,0.026,0.069,0.083,0.098,0.023,0.054,0.115,0.045,0.067,0.051,0.030,0.072,0.068,0.030,0.066,0.054,0.136,0.055,0.051,0.027,0.066,0.050,0.019,0.096,0.079,0.056,0.043,0.080,0.057,0.084,0.038,0.083,0.013,0.052,0.076,0.116,0.034,0.069,0.048,0.080,0.024,0.040,0.073,0.044,0.055,0.055,0.027,0.035,0.050,0.053,0.053,0.122,0.106,0.143,0.096,0.048,0.081,0.030,0.084,0.040,0.010,0.052,0.116,0.041,0.020,0.083,0.081,0.059,0.024,0.038,0.089,0.058,0.052,0.132,0.093,0.028,0.117,0.110,0.036,0.025,0.034,0.036,0.149,0.070,0.038,0.061,0.076,0.082,0.115,0.070,0.066,0.087,0.066,0.021,0.081,0.086,0.037,0.041,0.073,0.047,0.076,0.071,0.053,0.064,0.033,0.051,0.022,0.118,0.093,0.047,0.165,0.051,0.036,0.071,0.055,0.045,0.073,0.094,0.046,0.050,0.081,0.033,0.115,0.075,0.068,0.084,0.127,0.089,0.022,0.078,0.054,0.072,0.098,0.069,0.035,0.077,0.067,0.095,0.075,0.015,0.032,0.100,0.045,0.110,0.065,0.035,0.045,0.045,0.049,0.037,0.035,0.082,0.096,0.038,0.048,0.042,0.029,0.058,0.031,0.043,0.055,0.026,0.090,0.022,0.067,0.054,0.078,0.101,0.048,0.029,0.069,0.070,0.016,0.046,0.058,0.055,0.080,0.044,0.124,0.054,0.038,0.151,0.049,0.085,0.044,0.023,0.060,0.104,0.055,0.053,0.074,0.069,0.020,0.051,0.081,0.015,0.078,0.062,0.040,0.027,0.043,0.048,0.055,0.088,0.073,0.088,0.093,0.025,0.069,0.076,0.097,0.066,0.054,0.024,0.080,0.070,0.090,0.061,0.040,0.032,0.049,0.046,0.014,0.074,0.069,0.064,0.045,0.049,0.104,0.022,0.055,0.092,0.132,0.095,0.053,0.085,0.103,0.034,0.066,0.061,0.075,0.092,0.050,0.042,0.051,0.068,0.026,0.019,0.030,0.056,0.068,0.016,0.050,0.083,0.039,0.074,0.079,0.088,0.083,0.096,0.101,0.045,0.065,0.074,0.053,0.041,0.066,0.075,0.055,0.057,0.054,0.022,0.033,0.046,0.065,0.058,0.041,0.052,0.046,0.068,0.048,0.065,0.062,0.091,0.074,0.077,0.053,0.050,0.018,0.079,0.032,0.064,0.076,0.051,0.067,0.099,0.064,0.104,0.028,0.084,0.043,0.058,0.063,0.050,0.109,0.046,0.076,0.027,0.069,0.071,0.051,0.173,0.156,0.122,0.093,0.145,0.183,0.115,0.167,0.135,0.134,0.118,0.106,0.074,0.129,0.133,0.115,0.019,0.035
LP6005441-DNA_G11,0.012,0.039,0.029,0.009,0.041,0.045,0.036,0.051,0.034,0.043,0.023,0.046,0.030,0.056,0.030,0.027,0.018,0.038,0.031,0.078,0.014,0.038,0.046,0.022,0.045,0.046,0.075,0.045,0.022,0.014,0.036,0.026,0.040,0.042,0.043,0.012,0.019,0.011,0.025,0.027,0.061,0.051,0.049,0.056,0.042,0.043,0.073,0.093,0.063,0.051,0.072,0.107,0.052,0.070,0.060,0.046,0.051,0.045,0.057,0.054,0.049,0.038,0.069,0.068,0.035,0.060,0.062,0.017,0.028,0.097,0.042,0.050,0.027,0.025,0.058,0.044,0.020,0.029,0.017,0.034,0.036,0.023,0.012,0.018,0.045,0.020,0.033,0.063,0.024,0.027,0.030,0.029,0.035,0.038,0.023,0.048,0.062,0.014,0.048,0.040,0.015,0.027,0.025,0.041,0.021,0.066,0.048,0.013,0.027,0.039,0.006,0.023,0.035,0.028,0.027,0.030,0.019,0.054,0.018,0.035,0.043,0.013,0.035,0.042,0.031,0.022,0.036,0.020,0.055,0.037,0.054,0.028,0.039,0.020,0.040,0.023,0.018,0.024,0.021,0.037,0.017,0.004,0.006,0.035,0.036,0.032,0.019,0.017,0.024,0.014,0.013,0.020,0.015,0.014,0.018,0.029,0.040,0.018,0.020,0.038,0.105,0.041,0.019,0.024,0.044,0.026,0.014,0.062,0.018,0.041,0.019,0.042,0.051,0.008,0.008,0.023,0.016,0.010,0.028,0.010,0.051,0.032,0.018,0.032,0.024,0.016,0.015,0.038,0.014,0.023,0.108,0.054,0.029,0.079,0.032,0.013,0.014,0.033,0.027,0.141,0.027,0.020,0.036,0.027,0.031,0.021,0.035,0.042,0.036,0.035,0.019,0.026,0.020,0.037,0.035,0.011,0.031,0.025,0.022,0.032,0.048,0.068,0.008,0.011,0.029,0.038,0.030,0.030,0.038,0.068,0.047,0.028,0.033,0.078,0.070,0.021,0.036,0.020,0.025,0.006,0.015,0.046,0.060,0.067,0.018,0.019,0.029,0.026,0.031,0.013,0.085,0.032,0.027,0.033,0.017,0.110,0.067,0.011,0.020,0.026,0.059,0.041,0.034,0.042,0.084,0.023,0.021,0.064,0.033,0.024,0.029,0.025,0.071,0.091,0.062,0.110,0.052,0.039,0.026,0.040,0.046,0.036,0.065,0.035,0.082,0.054,0.032,0.053,0.028,0.008,0.009,0.049,0.017,0.035,0.023,0.029,0.019,0.203,0.027,0.022,0.033,0.020,0.021,0.022,0.035,0.015,0.029,0.013,0.021,0.027,0.048,0.022,0.024,0.030,0.031,0.017,0.032,0.023,0.021,0.077,0.061,0.033,0.043,0.059,0.045,0.033,0.053,0.065,0.026,0.040,0.076,0.034,0.021,0.022,0.050,0.072,0.020,0.029,0.046,0.002,0.011,0.050,0.099,0.085,0.052,0.076,0.026,0.043,0.033,0.019,0.027,0.073,0.019,0.029,0.044,0.039,0.038,0.018,0.008,0.047,0.028,0.022,0.030,0.098,0.041,0.050,0.046,0.089,0.038,0.043,0.041,0.025,0.050,0.066,0.027,0.048,0.042,0.024,0.051,0.017,0.034,0.035,0.017,0.014,0.048,0.027,0.032,0.029,0.029,0.029,0.028,0.025,0.040,0.026,0.032,0.016,0.034,0.053,0.018,0.040,0.026,0.036,0.023,0.027,0.022,0.043,0.043,0.060,0.027,0.035,0.038,0.079,0.025,0.046,0.031,0.053,0.046,0.024,0.018,0.022,0.042,0.049,0.055,0.061,0.064,0.075,0.060,0.045,0.051,0.096,0.066,0.044,0.048,0.016,0.095,0.055,0.068,0.043,0.035
LP6005441-DNA_G12,0.085,0.039,0.086,0.056,0.036,0.080,0.107,0.072,0.061,0.001,0.044,0.047,0.126,0.086,0.075,0.071,0.073,0.134,0.060,0.153,0.012,0.037,0.059,0.080,0.027,0.047,0.030,0.084,0.043,0.065,0.054,0.051,0.066,0.022,0.101,0.072,0.033,0.047,0.065,0.055,0.106,0.081,0.106,0.076,0.030,0.069,0.083,0.091,0.091,0.107,0.087,0.068,0.055,0.010,0.085,0.062,0.085,0.095,0.057,0.049,0.053,0.062,0.043,0.116,0.155,0.099,0.040,0.083,0.105,0.085,0.080,0.063,0.100,0.117,0.050,0.054,0.096,0.051,0.034,0.045,0.022,0.029,0.086,0.079,0.066,0.116,0.059,0.058,0.128,0.139,0.029,0.133,0.151,0.206,0.059,0.077,0.076,0.139,0.115,0.063,0.044,0.033,0.061,0.026,0.067,0.173,0.076,0.016,0.100,0.244,0.056,0.069,0.089,0.112,0.126,0.077,0.083,0.049,0.085,0.024,0.088,0.038,0.092,0.128,0.048,0.043,0.106,0.035,0.135,0.043,0.159,0.180,0.033,0.029,0.121,0.066,0.054,0.130,0.048,0.144,0.081,0.100,0.037,0.147,0.089,0.069,0.027,0.058,0.089,0.107,0.056,0.041,0.099,0.047,0.079,0.071,0.060,0.070,0.029,0.247,0.046,0.115,0.084,0.234,0.084,0.136,0.083,0.091,0.109,0.067,0.026,0.065,0.046,0.062,0.013,0.025,0.124,0.029,0.002,0.058,0.085,0.099,0.049,0.101,0.083,0.154,0.086,0.030,0.025,0.052,0.113,0.180,0.183,0.113,0.060,0.064,0.068,0.144,0.095,0.155,0.066,0.073,0.118,0.055,0.077,0.055,0.085,0.032,0.055,0.056,0.067,0.093,0.073,0.076,0.120,0.058,0.072,0.067,0.111,0.079,0.129,0.135,0.081,0.056,0.117,0.100,0.152,0.057,0.074,0.081,0.124,0.053,0.175,0.080,0.059,0.045,0.183,0.084,0.027,0.112,0.084,0.103,0.057,0.068,0.060,0.120,0.036,0.132,0.157,0.031,0.069,0.152,0.074,0.101,0.092,0.027,0.081,0.061,0.042,0.023,0.069,0.102,0.063,0.023,0.067,0.035,0.024,0.085,0.059,0.027,0.095,0.036,0.108,0.132,0.088,0.092,0.016,0.114,0.055,0.129,0.048,0.156,0.059,0.045,0.060,0.009,0.164,0.119,0.096,0.077,0.020,0.089,0.062,0.117,0.037,0.099,0.089,0.098,0.041,0.160,0.066,0.166,0.079,0.041,0.075,0.082,0.069,0.087,0.037,0.017,0.097,0.145,0.094,0.229,0.116,0.096,0.157,0.117,0.128,0.029,0.059,0.057,0.036,0.032,0.048,0.065,0.094,0.113,0.078,0.051,0.052,0.078,0.039,0.072,0.063,0.096,0.065,0.062,0.033,0.007,0.066,0.104,0.109,0.142,0.082,0.114,0.093,0.029,0.031,0.063,0.121,0.103,0.066,0.042,0.073,0.040,0.015,0.030,0.047,0.049,0.062,0.027,0.069,0.093,0.059,0.136,0.025,0.142,0.146,0.069,0.098,0.097,0.044,0.129,0.033,0.052,0.101,0.063,0.040,0.080,0.031,0.025,0.101,0.009,0.092,0.082,0.027,0.043,0.060,0.010,0.029,0.069,0.049,0.107,0.065,0.056,0.053,0.090,0.030,0.065,0.019,0.056,0.036,0.048,0.053,0.122,0.032,0.064,0.028,0.155,0.058,0.103,0.125,0.041,0.051,0.033,0.073,0.051,0.080,0.052,0.095,0.083,0.098,0.056,0.062,0.055,0.143,0.086,0.087,0.108,0.123,0.091,0.075,0.033,0.073,0.070,0.073,0.023,0.052
LP6005441-DNA_H03,0.048,0.036,0.040,0.063,0.059,0.053,0.074,0.051,0.056,0.046,0.086,0.062,0.069,0.074,0.027,0.088,0.084,0.096,0.107,0.042,0.034,0.062,0.072,0.036,0.059,0.063,0.032,0.056,0.078,0.031,0.039,0.072,0.038,0.021,0.118,0.036,0.042,0.101,0.075,0.105,0.056,0.068,0.072,0.063,0.054,0.062,0.065,0.059,0.059,0.042,0.055,0.051,0.045,0.070,0.071,0.059,0.048,0.059,0.055,0.073,0.055,0.031,0.072,0.062,0.052,0.064,0.059,0.040,0.028,0.045,0.045,0.029,0.034,0.037,0.033,0.060,0.085,0.025,0.077,0.029,0.061,0.046,0.061,0.003,0.054,0.004,0.016,0.026,0.029,0.014,0.079,0.014,0.000,0.001,0.050,0.031,0.050,0.043,0.010,0.004,0.008,0.085,0.045,0.008,0.030,0.016,0.011,0.000,0.033,0.004,0.022,0.039,0.049,0.027,0.006,0.053,0.008,0.012,0.005,0.036,0.006,0.010,0.010,0.010,0.027,0.022,0.018,0.006,0.010,0.012,0.020,0.007,0.023,0.028,0.037,0.031,0.107,0.005,0.034,0.048,0.027,0.005,0.008,0.010,0.012,0.006,0.031,0.033,0.049,0.016,0.001,0.010,0.011,0.005,0.008,0.007,0.002,0.029,0.013,0.006,0.015,0.021,0.006,0.011,0.028,0.005,0.010,0.017,0.005,0.007,0.041,0.003,0.065,0.032,0.006,0.014,0.007,0.014,0.012,0.009,0.047,0.011,0.035,0.021,0.024,0.002,0.011,0.017,0.021,0.005,0.004,0.010,0.010,0.011,0.030,0.032,0.012,0.010,0.034,0.042,0.047,0.040,0.005,0.008,0.050,0.040,0.013,0.054,0.033,0.021,0.037,0.018,0.042,0.079,0.006,0.041,0.024,0.059,0.050,0.033,0.054,0.034,0.005,0.019,0.010,0.016,0.015,0.046,0.029,0.055,0.029,0.033,0.020,0.039,0.047,0.038,0.002,0.034,0.061,0.015,0.018,0.043,0.045,0.056,0.009,0.021,0.024,0.019,0.012,0.046,0.072,0.019,0.036,0.017,0.021,0.007,0.067,0.013,0.012,0.016,0.017,0.042,0.020,0.024,0.045,0.027,0.015,0.017,0.051,0.043,0.020,0.004,0.019,0.013,0.032,0.012,0.033,0.062,0.006,0.011,0.020,0.030,0.006,0.045,0.019,0.012,0.020,0.014,0.015,0.005,0.020,0.011,0.026,0.013,0.051,0.012,0.008,0.008,0.079,0.010,0.042,0.059,0.011,0.011,0.037,0.004,0.056,0.007,0.005,0.028,0.010,0.003,0.044,0.005,0.017,0.022,0.014,0.003,0.004,0.030,0.009,0.009,0.012,0.007,0.006,0.034,0.042,0.042,0.034,0.057,0.076,0.054,0.032,0.054,0.012,0.028,0.062,0.038,0.075,0.040,0.037,0.064,0.037,0.038,0.054,0.061,0.034,0.053,0.062,0.051,0.062,0.048,0.036,0.048,0.030,0.073,0.046,0.047,0.019,0.053,0.018,0.021,0.046,0.054,0.065,0.063,0.031,0.064,0.040,0.047,0.054,0.035,0.024,0.036,0.053,0.054,0.049,0.053,0.048,0.034,0.030,0.055,0.034,0.024,0.037,0.080,0.075,0.034,0.074,0.050,0.053,0.038,0.043,0.039,0.042,0.026,0.025,0.031,0.087,0.033,0.054,0.033,0.049,0.030,0.034,0.005,0.020,0.039,0.009,0.032,0.049,0.057,0.017,0.071,0.042,0.097,0.090,0.038,0.035,0.065,0.050,0.035,0.046,0.051,0.064,0.095,0.038,0.086,0.032,0.042,0.048,0.027,0.025,0.027,0.041,0.049,0.019,0.060,0.027
LP6005441-DNA_H05,0.067,0.047,0.057,0.067,0.036,0.048,0.099,0.036,0.018,0.065,0.066,0.040,0.071,0.076,0.044,0.088,0.069,0.096,0.120,0.079,0.117,0.061,0.038,0.065,0.059,0.065,0.038,0.071,0.082,0.037,0.077,0.034,0.118,0.094,0.115,0.168,0.065,0.121,0.094,0.103,0.096,0.069,0.058,0.088,0.040,0.080,0.049,0.040,0.068,0.036,0.070,0.071,0.040,0.053,0.039,0.075,0.045,0.029,0.061,0.079,0.071,0.031,0.058,0.046,0.070,0.033,0.063,0.057,0.082,0.117,0.044,0.041,0.073,0.093,0.059,0.064,0.062,0.089,0.114,0.097,0.055,0.048,0.057,0.039,0.049,0.020,0.038,0.056,0.080,0.017,0.048,0.078,0.016,0.028,0.057,0.134,0.035,0.084,0.046,0.021,0.037,0.122,0.149,0.014,0.178,0.044,0.040,0.023,0.012,0.022,0.045,0.103,0.085,0.080,0.006,0.097,0.033,0.031,0.016,0.083,0.022,0.022,0.091,0.014,0.070,0.122,0.095,0.004,0.021,0.040,0.071,0.029,0.081,0.105,0.100,0.089,0.099,0.016,0.123,0.064,0.059,0.012,0.004,0.033,0.018,0.023,0.066,0.127,0.093,0.073,0.012,0.018,0.048,0.016,0.048,0.024,0.005,0.079,0.026,0.010,0.008,0.122,0.029,0.034,0.063,0.015,0.017,0.024,0.013,0.045,0.080,0.015,0.112,0.095,0.016,0.023,0.032,0.051,0.063,0.013,0.091,0.028,0.147,0.103,0.148,0.014,0.028,0.089,0.093,0.025,0.018,0.040,0.037,0.038,0.116,0.095,0.028,0.027,0.112,0.041,0.143,0.150,0.052,0.021,0.099,0.055,0.088,0.090,0.065,0.080,0.161,0.025,0.112,0.051,0.008,0.059,0.032,0.101,0.216,0.039,0.042,0.067,0.018,0.140,0.112,0.095,0.042,0.116,0.047,0.062,0.115,0.065,0.086,0.038,0.074,0.110,0.020,0.097,0.095,0.089,0.080,0.081,0.037,0.066,0.026,0.066,0.088,0.122,0.052,0.098,0.074,0.090,0.155,0.052,0.133,0.010,0.038,0.076,0.053,0.030,0.031,0.139,0.074,0.011,0.023,0.061,0.026,0.042,0.016,0.086,0.069,0.025,0.008,0.019,0.058,0.021,0.052,0.142,0.034,0.022,0.112,0.073,0.001,0.035,0.024,0.017,0.012,0.017,0.023,0.008,0.028,0.047,0.080,0.078,0.091,0.021,0.018,0.025,0.108,0.022,0.144,0.155,0.007,0.007,0.130,0.003,0.130,0.022,0.008,0.068,0.022,0.042,0.107,0.017,0.067,0.062,0.060,0.021,0.016,0.034,0.010,0.016,0.036,0.035,0.034,0.064,0.043,0.041,0.082,0.047,0.067,0.054,0.034,0.115,0.081,0.083,0.123,0.066,0.055,0.059,0.064,0.038,0.069,0.042,0.043,0.080,0.054,0.049,0.071,0.124,0.080,0.096,0.064,0.068,0.050,0.097,0.042,0.045,0.043,0.107,0.109,0.061,0.075,0.037,0.091,0.048,0.024,0.051,0.056,0.033,0.051,0.080,0.052,0.075,0.055,0.049,0.052,0.062,0.048,0.048,0.069,0.084,0.102,0.027,0.066,0.096,0.067,0.048,0.046,0.061,0.051,0.080,0.034,0.113,0.090,0.072,0.081,0.061,0.064,0.049,0.059,0.054,0.094,0.133,0.073,0.032,0.071,0.037,0.006,0.058,0.025,0.050,0.063,0.088,0.058,0.074,0.114,0.077,0.076,0.083,0.043,0.034,0.064,0.068,0.046,0.046,0.070,0.028,0.043,0.054,0.039,0.049,0.060,0.031,0.027,0.033,0.044,0.081,0.085
LP6005441-DNA_H06,0.058,0.066,0.104,0.058,0.033,0.080,0.140,0.064,0.090,0.046,0.049,0.046,0.045,0.093,0.030,0.045,0.068,0.135,0.064,0.072,0.083,0.079,0.092,0.085,0.073,0.085,0.049,0.165,0.066,0.060,0.040,0.073,0.056,0.072,0.089,0.075,0.071,0.102,0.053,0.096,0.088,0.110,0.092,0.119,0.060,0.062,0.107,0.093,0.087,0.091,0.057,0.056,0.059,0.062,0.076,0.108,0.059,0.096,0.105,0.079,0.063,0.070,0.052,0.067,0.056,0.040,0.077,0.150,0.066,0.068,0.070,0.034,0.048,0.074,0.119,0.071,0.099,0.043,0.091,0.068,0.071,0.059,0.063,0.039,0.071,0.012,0.039,0.056,0.218,0.032,0.084,0.155,0.051,0.040,0.072,0.118,0.097,0.186,0.023,0.033,0.018,0.104,0.072,0.019,0.082,0.057,0.023,0.030,0.015,0.049,0.045,0.076,0.142,0.072,0.006,0.122,0.022,0.036,0.010,0.065,0.048,0.036,0.047,0.054,0.038,0.094,0.222,0.032,0.082,0.049,0.077,0.029,0.083,0.074,0.261,0.104,0.135,0.015,0.072,0.438,0.201,0.030,0.044,0.022,0.024,0.035,0.085,0.077,0.388,0.177,0.009,0.039,0.058,0.050,0.031,0.052,0.024,0.133,0.025,0.023,0.041,0.072,0.043,0.015,0.127,0.014,0.021,0.027,0.029,0.040,0.071,0.046,0.079,0.074,0.012,0.046,0.022,0.050,0.048,0.032,0.075,0.023,0.099,0.109,0.093,0.033,0.050,0.078,0.065,0.036,0.031,0.067,0.021,0.035,0.100,0.115,0.043,0.060,0.109,0.096,0.088,0.090,0.096,0.065,0.057,0.055,0.174,0.120,0.078,0.136,0.096,0.028,0.092,0.075,0.050,0.080,0.108,0.070,0.072,0.088,0.050,0.075,0.016,0.070,0.109,0.135,0.093,0.087,0.071,0.078,0.107,0.090,0.079,0.089,0.076,0.060,0.055,0.199,0.127,0.092,0.074,0.157,0.061,0.058,0.041,0.239,0.120,0.135,0.054,0.081,0.114,0.188,0.052,0.143,0.136,0.046,0.060,0.095,0.235,0.032,0.042,0.097,0.166,0.067,0.032,0.063,0.064,0.060,0.012,0.052,0.161,0.061,0.027,0.029,0.071,0.054,0.069,0.124,0.058,0.041,0.078,0.235,0.012,0.018,0.078,0.030,0.066,0.072,0.050,0.032,0.041,0.062,0.051,0.082,0.033,0.059,0.057,0.058,0.080,0.036,0.079,0.113,0.012,0.018,0.063,0.027,0.107,0.033,0.013,0.062,0.068,0.050,0.068,0.033,0.197,0.190,0.176,0.048,0.021,0.010,0.020,0.024,0.069,0.024,0.035,0.082,0.092,0.109,0.060,0.035,0.070,0.066,0.086,0.063,0.083,0.093,0.065,0.063,0.070,0.119,0.079,0.071,0.051,0.070,0.064,0.074,0.091,0.084,0.086,0.105,0.076,0.078,0.110,0.132,0.119,0.158,0.027,0.069,0.029,0.103,0.078,0.072,0.059,0.059,0.082,0.077,0.077,0.077,0.065,0.075,0.114,0.141,0.043,0.179,0.045,0.076,0.105,0.059,0.070,0.044,0.071,0.094,0.104,0.038,0.074,0.078,0.068,0.089,0.073,0.062,0.049,0.054,0.032,0.095,0.084,0.104,0.039,0.047,0.123,0.040,0.066,0.052,0.072,0.099,0.065,0.026,0.100,0.056,0.037,0.300,0.053,0.068,0.181,0.084,0.040,0.091,0.090,0.108,0.064,0.066,0.087,0.085,0.076,0.099,0.046,0.135,0.071,0.054,0.020,0.070,0.064,0.038,0.096,0.060,0.035,0.043,0.034,0.051,0.058
LP6005441-DNA_H07,0.034,0.038,0.060,0.087,0.064,0.064,0.057,0.053,0.026,0.027,0.025,0.054,0.032,0.051,0.017,0.038,0.065,0.067,0.063,0.063,0.037,0.050,0.054,0.039,0.045,0.075,0.053,0.067,0.034,0.044,0.046,0.030,0.066,0.047,0.067,0.067,0.040,0.061,0.029,0.049,0.058,0.024,0.035,0.064,0.069,0.032,0.054,0.061,0.077,0.056,0.047,0.039,0.037,0.022,0.037,0.062,0.027,0.034,0.031,0.021,0.033,0.025,0.103,0.019,0.037,0.094,0.005,0.081,0.073,0.053,0.060,0.062,0.069,0.013,0.067,0.028,0.056,0.063,0.053,0.050,0.060,0.051,0.027,0.036,0.091,0.026,0.020,0.061,0.150,0.012,0.073,0.160,0.039,0.022,0.034,0.060,0.091,0.138,0.017,0.012,0.021,0.060,0.042,0.005,0.094,0.034,0.026,0.016,0.014,0.026,0.027,0.050,0.125,0.098,0.011,0.056,0.026,0.025,0.018,0.036,0.016,0.011,0.033,0.017,0.066,0.040,0.180,0.009,0.037,0.028,0.038,0.029,0.080,0.139,0.166,0.059,0.021,0.023,0.124,0.131,0.211,0.002,0.002,0.029,0.011,0.029,0.020,0.047,0.135,0.129,0.018,0.010,0.074,0.020,0.015,0.015,0.013,0.089,0.013,0.014,0.025,0.045,0.027,0.027,0.095,0.007,0.015,0.018,0.022,0.022,0.044,0.030,0.067,0.032,0.009,0.028,0.024,0.027,0.055,0.018,0.082,0.026,0.060,0.071,0.047,0.017,0.020,0.063,0.064,0.011,0.028,0.023,0.018,0.021,0.040,0.068,0.040,0.029,0.093,0.052,0.098,0.094,0.062,0.021,0.041,0.037,0.106,0.039,0.074,0.082,0.056,0.010,0.045,0.067,0.013,0.031,0.030,0.077,0.041,0.045,0.031,0.019,0.007,0.114,0.091,0.048,0.078,0.101,0.029,0.087,0.038,0.054,0.066,0.008,0.060,0.032,0.018,0.133,0.092,0.066,0.089,0.115,0.092,0.026,0.013,0.139,0.071,0.137,0.042,0.049,0.049,0.140,0.047,0.084,0.057,0.021,0.018,0.108,0.180,0.017,0.025,0.049,0.143,0.039,0.020,0.033,0.013,0.035,0.030,0.063,0.191,0.013,0.013,0.013,0.071,0.051,0.024,0.048,0.024,0.022,0.057,0.157,0.009,0.023,0.061,0.020,0.032,0.025,0.034,0.018,0.025,0.028,0.035,0.087,0.058,0.008,0.013,0.019,0.036,0.018,0.045,0.064,0.009,0.015,0.060,0.015,0.097,0.012,0.005,0.027,0.037,0.042,0.034,0.026,0.153,0.201,0.124,0.028,0.023,0.014,0.023,0.016,0.038,0.024,0.011,0.094,0.118,0.064,0.028,0.041,0.025,0.035,0.025,0.036,0.027,0.036,0.041,0.049,0.062,0.054,0.049,0.082,0.085,0.039,0.030,0.061,0.090,0.032,0.041,0.051,0.101,0.025,0.052,0.068,0.057,0.079,0.041,0.019,0.043,0.081,0.028,0.053,0.028,0.036,0.051,0.078,0.061,0.040,0.045,0.073,0.044,0.040,0.044,0.088,0.052,0.033,0.066,0.047,0.036,0.044,0.057,0.092,0.103,0.029,0.039,0.059,0.049,0.059,0.053,0.045,0.047,0.047,0.058,0.066,0.059,0.108,0.089,0.038,0.052,0.052,0.056,0.051,0.038,0.083,0.041,0.031,0.049,0.016,0.013,0.167,0.013,0.038,0.134,0.042,0.038,0.059,0.065,0.032,0.022,0.067,0.073,0.071,0.045,0.037,0.042,0.067,0.057,0.067,0.091,0.113,0.071,0.053,0.092,0.091,0.061,0.087,0.033,0.088,0.045
LP6005441-DNA_H08,0.022,0.041,0.044,0.054,0.043,0.048,0.036,0.014,0.004,0.048,0.034,0.002,0.001,0.050,0.030,0.002,0.004,0.052,0.026,0.056,0.034,0.049,0.021,0.061,0.046,0.022,0.003,0.013,0.005,0.016,0.027,0.002,0.090,0.024,0.045,0.012,0.016,0.028,0.020,0.013,0.041,0.003,0.035,0.081,0.033,0.065,0.030,0.058,0.011,0.017,0.068,0.047,0.072,0.042,0.047,0.018,0.078,0.057,0.060,0.051,0.012,0.041,0.069,0.048,0.038,0.046,0.058,0.033,0.059,0.048,0.030,0.053,0.000,0.010,0.038,0.011,0.021,0.013,0.008,0.036,0.022,0.049,0.033,0.037,0.010,0.092,0.101,0.088,0.072,0.049,0.034,0.071,0.086,0.009,0.011,0.040,0.041,0.072,0.042,0.088,0.032,0.050,0.021,0.111,0.037,0.183,0.039,0.045,0.000,0.176,0.029,0.022,0.041,0.051,0.004,0.003,0.020,0.098,0.031,0.024,0.021,0.006,0.076,0.037,0.005,0.019,0.029,0.033,0.038,0.000,0.045,0.057,0.018,0.058,0.084,0.045,0.028,0.021,0.032,0.073,0.055,0.030,0.004,0.035,0.039,0.056,0.004,0.030,0.023,0.065,0.019,0.056,0.059,0.070,0.054,0.049,0.038,0.053,0.069,0.161,0.000,0.052,0.038,0.040,0.014,0.056,0.027,0.074,0.126,0.056,0.046,0.100,0.031,0.024,0.034,0.047,0.041,0.037,0.037,0.087,0.050,0.142,0.068,0.038,0.027,0.085,0.029,0.019,0.000,0.052,0.017,0.080,0.065,0.033,0.019,0.025,0.070,0.128,0.048,0.109,0.048,0.065,0.146,0.104,0.016,0.062,0.024,0.036,0.071,0.048,0.014,0.051,0.012,0.093,0.033,0.015,0.072,0.036,0.024,0.047,0.026,0.040,0.089,0.026,0.095,0.063,0.086,0.029,0.043,0.032,0.022,0.005,0.065,0.035,0.036,0.088,0.050,0.061,0.016,0.077,0.066,0.048,0.036,0.043,0.012,0.093,0.011,0.048,0.099,0.014,0.067,0.070,0.024,0.059,0.058,0.037,0.058,0.084,0.061,0.015,0.011,0.008,0.032,0.026,0.023,0.055,0.010,0.009,0.017,0.019,0.098,0.051,0.084,0.027,0.032,0.016,0.036,0.022,0.161,0.088,0.012,0.070,0.022,0.118,0.035,0.002,0.018,0.055,0.029,0.033,0.098,0.029,0.009,0.073,0.019,0.051,0.055,0.058,0.000,0.074,0.064,0.023,0.007,0.024,0.032,0.018,0.013,0.047,0.014,0.089,0.040,0.041,0.072,0.115,0.032,0.032,0.050,0.115,0.082,0.029,0.025,0.009,0.016,0.125,0.092,0.021,0.075,0.056,0.022,0.025,0.065,0.069,0.053,0.001,0.041,0.002,0.002,0.000,0.016,0.000,0.050,0.041,0.034,0.065,0.036,0.073,0.081,0.035,0.022,0.031,0.022,0.021,0.022,0.052,0.020,0.012,0.032,0.026,0.000,0.004,0.027,0.002,0.016,0.057,0.019,0.019,0.033,0.030,0.036,0.025,0.072,0.025,0.033,0.028,0.016,0.047,0.047,0.050,0.013,0.036,0.006,0.066,0.012,0.031,0.019,0.018,0.041,0.005,0.021,0.009,0.023,0.031,0.038,0.027,0.030,0.013,0.013,0.019,0.025,0.037,0.037,0.027,0.034,0.015,0.013,0.094,0.012,0.059,0.004,0.024,0.045,0.038,0.064,0.015,0.011,0.008,0.020,0.009,0.035,0.028,0.002,0.046,0.034,0.069,0.078,0.036,0.060,0.018,0.058,0.048,0.010,0.052,0.018,0.030,0.022,0.049,0.032,0.009,0.030
LP6005441-DNA_H09,0.019,0.013,0.047,0.002,0.036,0.024,0.069,0.060,0.074,0.027,0.035,0.038,0.080,0.050,0.015,0.078,0.055,0.075,0.043,0.067,0.045,0.030,0.003,0.033,0.043,0.057,0.035,0.037,0.018,0.050,0.000,0.056,0.030,0.032,0.047,0.045,0.037,0.048,0.041,0.042,0.083,0.089,0.065,0.038,0.040,0.044,0.045,0.010,0.068,0.070,0.002,0.017,0.014,0.022,0.056,0.069,0.006,0.061,0.050,0.035,0.014,0.042,0.010,0.029,0.041,0.012,0.055,0.017,0.088,0.037,0.027,0.026,0.029,0.059,0.041,0.062,0.023,0.045,0.033,0.024,0.016,0.035,0.089,0.063,0.069,0.011,0.040,0.042,0.073,0.041,0.027,0.040,0.040,0.073,0.037,0.076,0.048,0.042,0.094,0.123,0.025,0.018,0.021,0.039,0.029,0.052,0.096,0.045,0.022,0.036,0.059,0.027,0.044,0.019,0.000,0.071,0.151,0.049,0.040,0.035,0.052,0.075,0.036,0.069,0.032,0.065,0.113,0.101,0.117,0.018,0.103,0.077,0.043,0.006,0.083,0.019,0.038,0.032,0.038,0.072,0.034,0.030,0.062,0.059,0.062,0.046,0.046,0.046,0.116,0.037,0.041,0.011,0.104,0.078,0.112,0.060,0.050,0.073,0.034,0.024,0.055,0.067,0.040,0.064,0.072,0.097,0.150,0.006,0.013,0.135,0.021,0.083,0.048,0.021,0.049,0.099,0.114,0.063,0.042,0.093,0.067,0.068,0.076,0.021,0.032,0.075,0.078,0.137,0.037,0.030,0.011,0.058,0.094,0.041,0.001,0.026,0.155,0.066,0.022,0.088,0.037,0.025,0.042,0.083,0.048,0.037,0.052,0.032,0.045,0.014,0.031,0.079,0.043,0.029,0.098,0.042,0.041,0.056,0.013,0.086,0.072,0.040,0.092,0.036,0.030,0.023,0.050,0.031,0.065,0.005,0.093,0.014,0.073,0.075,0.000,0.019,0.075,0.060,0.019,0.056,0.066,0.049,0.039,0.045,0.063,0.037,0.054,0.049,0.046,0.025,0.058,0.045,0.060,0.084,0.039,0.021,0.052,0.062,0.068,0.097,0.072,0.037,0.065,0.068,0.039,0.031,0.042,0.034,0.068,0.044,0.062,0.014,0.059,0.086,0.073,0.066,0.059,0.013,0.050,0.082,0.025,0.028,0.056,0.032,0.128,0.089,0.091,0.145,0.034,0.051,0.062,0.071,0.063,0.104,0.069,0.057,0.076,0.108,0.023,0.050,0.034,0.052,0.096,0.008,0.049,0.041,0.018,0.030,0.037,0.038,0.123,0.031,0.084,0.087,0.050,0.063,0.069,0.068,0.042,0.022,0.065,0.014,0.035,0.038,0.073,0.077,0.045,0.069,0.056,0.044,0.051,0.056,0.057,0.053,0.022,0.065,0.028,0.061,0.007,0.059,0.021,0.054,0.011,0.052,0.065,0.076,0.055,0.012,0.014,0.046,0.048,0.066,0.048,0.049,0.084,0.044,0.013,0.024,0.020,0.061,0.014,0.012,0.021,0.047,0.060,0.067,0.029,0.054,0.074,0.035,0.004,0.062,0.039,0.068,0.024,0.042,0.065,0.024,0.028,0.052,0.023,0.021,0.082,0.009,0.057,0.092,0.025,0.025,0.048,0.047,0.023,0.042,0.021,0.025,0.067,0.029,0.027,0.043,0.058,0.034,0.002,0.081,0.045,0.053,0.036,0.039,0.024,0.052,0.045,0.093,0.031,0.065,0.051,0.057,0.073,0.066,0.063,0.025,0.056,0.046,0.046,0.007,0.031,0.021,0.039,0.010,0.032,0.047,0.019,0.036,0.067,0.048,0.011,0.018,0.055,0.044,0.011,0.030,0.060
LP6005441-DNA_H10,0.075,0.061,0.040,0.117,0.085,0.100,0.120,0.097,0.058,0.064,0.069,0.064,0.056,0.028,0.068,0.080,0.143,0.069,0.085,0.038,0.058,0.062,0.022,0.041,0.029,0.116,0.041,0.069,0.065,0.034,0.049,0.057,0.067,0.070,0.078,0.079,0.049,0.063,0.048,0.061,0.042,0.090,0.055,0.032,0.132,0.047,0.041,0.045,0.137,0.103,0.027,0.060,0.040,0.023,0.055,0.063,0.043,0.046,0.032,0.059,0.051,0.032,0.186,0.044,0.039,0.113,0.058,0.058,0.138,0.088,0.116,0.061,0.144,0.067,0.125,0.013,0.095,0.046,0.061,0.143,0.041,0.119,0.033,0.045,0.099,0.033,0.076,0.098,0.113,0.034,0.121,0.107,0.050,0.060,0.022,0.074,0.103,0.076,0.056,0.066,0.020,0.043,0.064,0.026,0.055,0.046,0.023,0.043,0.024,0.074,0.093,0.051,0.100,0.182,0.018,0.067,0.035,0.073,0.045,0.036,0.049,0.033,0.059,0.060,0.101,0.064,0.146,0.066,0.075,0.016,0.075,0.066,0.038,0.069,0.130,0.092,0.045,0.044,0.106,0.054,0.105,0.022,0.014,0.050,0.022,0.054,0.029,0.062,0.087,0.140,0.029,0.053,0.051,0.112,0.055,0.063,0.045,0.087,0.069,0.049,0.050,0.047,0.070,0.036,0.093,0.028,0.033,0.043,0.025,0.062,0.051,0.057,0.089,0.076,0.028,0.069,0.098,0.065,0.076,0.033,0.078,0.072,0.062,0.058,0.055,0.065,0.061,0.151,0.074,0.056,0.063,0.033,0.059,0.081,0.081,0.063,0.077,0.057,0.061,0.087,0.022,0.105,0.078,0.034,0.069,0.037,0.108,0.062,0.125,0.066,0.062,0.089,0.070,0.112,0.044,0.027,0.085,0.068,0.033,0.048,0.048,0.053,0.035,0.127,0.057,0.084,0.034,0.120,0.024,0.109,0.053,0.116,0.048,0.034,0.089,0.025,0.081,0.085,0.110,0.063,0.133,0.084,0.159,0.038,0.039,0.072,0.162,0.119,0.108,0.055,0.038,0.047,0.040,0.082,0.079,0.028,0.039,0.111,0.053,0.039,0.045,0.070,0.073,0.086,0.033,0.039,0.057,0.058,0.075,0.060,0.063,0.038,0.025,0.069,0.030,0.050,0.039,0.098,0.065,0.034,0.052,0.082,0.050,0.074,0.113,0.059,0.068,0.072,0.080,0.038,0.046,0.077,0.018,0.120,0.060,0.036,0.061,0.029,0.032,0.110,0.134,0.060,0.025,0.049,0.024,0.053,0.081,0.065,0.028,0.036,0.040,0.022,0.031,0.056,0.051,0.148,0.096,0.094,0.026,0.051,0.047,0.036,0.037,0.023,0.072,0.155,0.179,0.097,0.063,0.075,0.044,0.040,0.022,0.033,0.103,0.104,0.070,0.059,0.047,0.080,0.086,0.096,0.136,0.051,0.042,0.137,0.104,0.042,0.068,0.067,0.075,0.097,0.129,0.053,0.058,0.070,0.027,0.025,0.042,0.079,0.057,0.086,0.060,0.042,0.102,0.141,0.080,0.042,0.044,0.112,0.028,0.057,0.059,0.065,0.141,0.039,0.029,0.071,0.064,0.040,0.097,0.111,0.132,0.017,0.053,0.033,0.027,0.021,0.086,0.036,0.054,0.049,0.083,0.092,0.036,0.097,0.129,0.064,0.055,0.063,0.034,0.088,0.043,0.066,0.048,0.048,0.067,0.045,0.035,0.095,0.016,0.070,0.096,0.082,0.057,0.096,0.097,0.049,0.050,0.070,0.136,0.123,0.107,0.069,0.083,0.141,0.059,0.095,0.193,0.180,0.101,0.138,0.086,0.148,0.130,0.130,0.069,0.193,0.042
LP6005441-DNA_H11,0.026,0.023,0.024,0.023,0.024,0.029,0.025,0.013,0.022,0.016,0.013,0.009,0.006,0.025,0.020,0.028,0.011,0.049,0.019,0.025,0.024,0.015,0.021,0.023,0.028,0.034,0.012,0.021,0.011,0.015,0.023,0.017,0.044,0.019,0.022,0.022,0.001,0.017,0.019,0.021,0.029,0.022,0.033,0.022,0.033,0.045,0.027,0.023,0.019,0.028,0.029,0.026,0.035,0.038,0.035,0.029,0.024,0.034,0.024,0.031,0.015,0.026,0.026,0.022,0.017,0.028,0.029,0.030,0.018,0.022,0.025,0.029,0.021,0.024,0.030,0.024,0.011,0.021,0.022,0.013,0.014,0.016,0.022,0.038,0.018,0.033,0.039,0.047,0.025,0.018,0.025,0.020,0.020,0.031,0.015,0.033,0.035,0.021,0.033,0.045,0.018,0.015,0.036,0.012,0.027,0.016,0.077,0.024,0.019,0.018,0.020,0.028,0.015,0.016,0.006,0.020,0.024,0.020,0.012,0.018,0.017,0.028,0.030,0.057,0.013,0.022,0.047,0.019,0.070,0.013,0.025,0.033,0.013,0.043,0.060,0.016,0.010,0.025,0.014,0.033,0.024,0.021,0.003,0.018,0.013,0.014,0.007,0.012,0.042,0.023,0.019,0.022,0.065,0.057,0.023,0.016,0.021,0.026,0.023,0.018,0.051,0.029,0.013,0.009,0.039,0.012,0.030,0.032,0.023,0.019,0.003,0.028,0.016,0.014,0.018,0.031,0.025,0.010,0.020,0.028,0.032,0.023,0.100,0.023,0.029,0.013,0.042,0.082,0.020,0.025,0.037,0.022,0.011,0.023,0.040,0.016,0.027,0.037,0.036,0.034,0.030,0.005,0.043,0.023,0.019,0.026,0.050,0.020,0.030,0.055,0.016,0.019,0.018,0.028,0.026,0.022,0.030,0.026,0.011,0.034,0.017,0.038,0.039,0.013,0.048,0.045,0.038,0.033,0.013,0.016,0.028,0.013,0.025,0.019,0.008,0.026,0.050,0.038,0.024,0.022,0.033,0.040,0.028,0.028,0.013,0.053,0.011,0.044,0.037,0.040,0.011,0.017,0.006,0.029,0.059,0.014,0.039,0.031,0.045,0.036,0.146,0.018,0.034,0.039,0.058,0.014,0.025,0.039,0.052,0.017,0.029,0.044,0.038,0.094,0.023,0.094,0.049,0.025,0.037,0.037,0.006,0.019,0.024,0.036,0.053,0.064,0.022,0.049,0.021,0.025,0.076,0.023,0.011,0.041,0.021,0.019,0.031,0.038,0.044,0.016,0.038,0.013,0.019,0.019,0.014,0.010,0.021,0.021,0.013,0.032,0.046,0.029,0.008,0.050,0.027,0.041,0.033,0.048,0.022,0.006,0.086,0.015,0.029,0.044,0.074,0.031,0.042,0.061,0.022,0.035,0.027,0.021,0.028,0.018,0.030,0.016,0.017,0.011,0.008,0.035,0.024,0.031,0.026,0.024,0.040,0.033,0.024,0.020,0.013,0.031,0.015,0.024,0.023,0.034,0.015,0.039,0.022,0.027,0.014,0.022,0.019,0.013,0.015,0.037,0.022,0.039,0.025,0.016,0.023,0.025,0.022,0.029,0.023,0.024,0.016,0.024,0.023,0.030,0.011,0.033,0.027,0.022,0.004,0.012,0.007,0.022,0.015,0.014,0.018,0.024,0.012,0.008,0.010,0.005,0.021,0.015,0.025,0.037,0.027,0.040,0.018,0.041,0.013,0.025,0.021,0.040,0.014,0.027,0.016,0.035,0.010,0.017,0.045,0.008,0.010,0.010,0.012,0.005,0.011,0.029,0.015,0.026,0.023,0.021,0.035,0.031,0.038,0.021,0.039,0.021,0.020,0.031,0.029,0.029,0.029,0.025,0.022,0.011,0.015
LP6005441-DNA_H12,0.024,0.019,0.070,0.037,0.028,0.071,0.093,0.045,0.091,0.061,0.114,0.063,0.067,0.088,0.046,0.082,0.059,0.065,0.063,0.062,0.061,0.049,0.063,0.015,0.039,0.072,0.031,0.076,0.039,0.055,0.045,0.057,0.032,0.074,0.090,0.067,0.053,0.058,0.050,0.077,0.121,0.070,0.152,0.141,0.064,0.097,0.118,0.068,0.103,0.093,0.128,0.074,0.071,0.075,0.095,0.076,0.078,0.102,0.131,0.098,0.051,0.090,0.055,0.133,0.161,0.028,0.113,0.037,0.095,0.079,0.053,0.018,0.081,0.087,0.067,0.072,0.085,0.027,0.027,0.021,0.046,0.044,0.058,0.076,0.083,0.072,0.075,0.143,0.102,0.029,0.074,0.064,0.141,0.087,0.019,0.068,0.087,0.091,0.067,0.042,0.037,0.040,0.042,0.022,0.018,0.170,0.054,0.050,0.020,0.099,0.109,0.074,0.059,0.026,0.007,0.078,0.066,0.083,0.091,0.058,0.016,0.032,0.052,0.027,0.023,0.086,0.066,0.025,0.043,0.016,0.163,0.050,0.054,0.111,0.123,0.045,0.128,0.060,0.056,0.080,0.088,0.069,0.019,0.066,0.044,0.075,0.030,0.086,0.069,0.046,0.031,0.090,0.085,0.057,0.075,0.077,0.042,0.095,0.086,0.085,0.050,0.091,0.097,0.131,0.145,0.060,0.060,0.044,0.107,0.061,0.016,0.026,0.079,0.046,0.067,0.040,0.096,0.059,0.028,0.040,0.051,0.086,0.064,0.093,0.054,0.071,0.093,0.031,0.020,0.053,0.046,0.121,0.082,0.038,0.034,0.050,0.172,0.058,0.085,0.089,0.072,0.069,0.052,0.069,0.035,0.074,0.175,0.060,0.090,0.039,0.062,0.026,0.050,0.114,0.047,0.044,0.019,0.085,0.086,0.142,0.081,0.065,0.074,0.038,0.062,0.056,0.083,0.083,0.084,0.120,0.148,0.050,0.125,0.106,0.078,0.056,0.093,0.062,0.045,0.048,0.054,0.091,0.106,0.068,0.054,0.085,0.054,0.056,0.071,0.037,0.139,0.069,0.103,0.094,0.072,0.025,0.067,0.070,0.056,0.047,0.016,0.074,0.046,0.027,0.037,0.029,0.032,0.037,0.032,0.023,0.096,0.065,0.090,0.028,0.090,0.047,0.043,0.042,0.098,0.059,0.051,0.062,0.069,0.010,0.064,0.113,0.094,0.038,0.024,0.033,0.062,0.119,0.065,0.094,0.073,0.133,0.043,0.084,0.026,0.049,0.062,0.093,0.030,0.009,0.085,0.023,0.025,0.032,0.016,0.027,0.123,0.099,0.104,0.138,0.064,0.122,0.063,0.098,0.076,0.031,0.070,0.018,0.029,0.054,0.033,0.053,0.101,0.082,0.118,0.111,0.110,0.097,0.045,0.044,0.035,0.058,0.072,0.089,0.026,0.043,0.047,0.130,0.040,0.060,0.081,0.112,0.132,0.028,0.044,0.057,0.075,0.074,0.034,0.065,0.057,0.055,0.023,0.033,0.025,0.073,0.037,0.032,0.036,0.081,0.097,0.131,0.024,0.105,0.135,0.053,0.117,0.155,0.094,0.111,0.040,0.039,0.081,0.046,0.072,0.061,0.061,0.115,0.100,0.005,0.147,0.133,0.046,0.063,0.127,0.053,0.061,0.068,0.005,0.121,0.068,0.058,0.066,0.040,0.035,0.011,0.055,0.062,0.069,0.063,0.049,0.080,0.043,0.058,0.073,0.059,0.050,0.095,0.048,0.061,0.034,0.071,0.083,0.053,0.087,0.052,0.089,0.038,0.043,0.069,0.061,0.042,0.102,0.107,0.017,0.059,0.098,0.107,0.033,0.067,0.105,0.062,0.047,0.043,0.087
LP6005442-DNA_A03,0.029,0.017,0.042,0.035,0.058,0.087,0.180,0.054,0.134,0.116,0.122,0.085,0.064,0.088,0.084,0.134,0.090,0.176,0.077,0.054,0.111,0.049,0.087,0.107,0.099,0.148,0.070,0.120,0.038,0.034,0.029,0.115,0.091,0.092,0.111,0.089,0.061,0.049,0.061,0.136,0.057,0.139,0.092,0.047,0.069,0.075,0.072,0.007,0.094,0.077,0.047,0.081,0.055,0.038,0.029,0.028,0.039,0.051,0.047,0.118,0.075,0.062,0.017,0.063,0.045,0.071,0.098,0.079,0.079,0.101,0.095,0.047,0.070,0.040,0.066,0.070,0.066,0.087,0.098,0.053,0.056,0.048,0.047,0.070,0.032,0.053,0.063,0.069,0.049,0.118,0.067,0.061,0.036,0.160,0.074,0.135,0.082,0.072,0.078,0.149,0.040,0.072,0.073,0.079,0.097,0.134,0.057,0.092,0.085,0.150,0.106,0.071,0.029,0.074,0.097,0.096,0.080,0.088,0.077,0.067,0.102,0.029,0.098,0.167,0.048,0.064,0.140,0.012,0.078,0.020,0.208,0.116,0.056,0.064,0.164,0.030,0.121,0.095,0.057,0.080,0.053,0.022,0.051,0.086,0.103,0.089,0.039,0.075,0.167,0.070,0.041,0.080,0.136,0.064,0.104,0.086,0.043,0.058,0.095,0.084,0.075,0.025,0.101,0.083,0.009,0.124,0.073,0.157,0.100,0.059,0.059,0.062,0.099,0.062,0.005,0.098,0.033,0.054,0.052,0.042,0.134,0.072,0.050,0.084,0.123,0.099,0.050,0.097,0.065,0.098,0.059,0.096,0.085,0.168,0.053,0.133,0.094,0.134,0.131,0.133,0.062,0.142,0.139,0.069,0.066,0.050,0.103,0.045,0.132,0.037,0.040,0.082,0.123,0.038,0.121,0.094,0.070,0.067,0.084,0.056,0.023,0.185,0.060,0.083,0.157,0.134,0.120,0.058,0.018,0.042,0.104,0.050,0.155,0.073,0.047,0.054,0.120,0.066,0.068,0.088,0.075,0.102,0.053,0.066,0.086,0.089,0.097,0.112,0.157,0.034,0.052,0.146,0.060,0.104,0.116,0.079,0.047,0.065,0.070,0.041,0.182,0.078,0.101,0.105,0.065,0.075,0.075,0.112,0.065,0.070,0.048,0.038,0.048,0.146,0.089,0.106,0.098,0.118,0.064,0.056,0.072,0.074,0.058,0.076,0.111,0.080,0.138,0.023,0.155,0.103,0.066,0.160,0.034,0.120,0.088,0.070,0.104,0.109,0.089,0.040,0.118,0.060,0.082,0.052,0.043,0.042,0.106,0.000,0.071,0.020,0.032,0.067,0.048,0.128,0.132,0.068,0.137,0.059,0.081,0.062,0.077,0.053,0.080,0.034,0.110,0.106,0.058,0.084,0.037,0.026,0.051,0.022,0.044,0.059,0.158,0.118,0.070,0.056,0.091,0.079,0.038,0.063,0.097,0.047,0.048,0.085,0.051,0.036,0.046,0.110,0.090,0.090,0.152,0.068,0.133,0.142,0.039,0.048,0.033,0.090,0.114,0.042,0.073,0.043,0.076,0.084,0.039,0.047,0.026,0.015,0.062,0.154,0.085,0.133,0.076,0.083,0.092,0.094,0.086,0.087,0.057,0.084,0.058,0.016,0.078,0.108,0.065,0.015,0.034,0.087,0.038,0.062,0.066,0.089,0.007,0.101,0.040,0.068,0.069,0.103,0.055,0.158,0.081,0.034,0.104,0.127,0.106,0.031,0.040,0.119,0.010,0.066,0.091,0.104,0.072,0.097,0.188,0.080,0.082,0.110,0.013,0.095,0.080,0.077,0.029,0.089,0.109,0.050,0.088,0.078,0.042,0.104,0.116,0.074,0.085,0.056,0.026,0.069,0.050
LP6005442-DNA_A04,0.050,0.123,0.077,0.005,0.005,0.042,0.051,0.024,0.038,0.052,0.066,0.076,0.045,0.055,0.049,0.023,0.083,0.031,0.088,0.047,0.017,0.069,0.011,0.005,0.062,0.045,0.046,0.034,0.040,0.070,0.053,0.008,0.056,0.057,0.028,0.046,0.043,0.044,0.047,0.022,0.083,0.040,0.114,0.055,0.022,0.077,0.051,0.048,0.029,0.024,0.074,0.062,0.059,0.040,0.039,0.103,0.054,0.052,0.043,0.031,0.054,0.033,0.052,0.072,0.018,0.058,0.076,0.047,0.062,0.122,0.030,0.066,0.088,0.090,0.058,0.045,0.023,0.033,0.022,0.092,0.060,0.040,0.040,0.017,0.017,0.130,0.071,0.051,0.068,0.035,0.018,0.053,0.051,0.043,0.033,0.027,0.023,0.011,0.064,0.060,0.050,0.076,0.021,0.109,0.026,0.068,0.020,0.065,0.099,0.078,0.006,0.015,0.089,0.033,0.080,0.036,0.068,0.068,0.051,0.036,0.050,0.033,0.080,0.116,0.040,0.022,0.036,0.048,0.173,0.028,0.030,0.044,0.004,0.058,0.086,0.042,0.033,0.036,0.012,0.069,0.073,0.015,0.016,0.061,0.096,0.032,0.006,0.006,0.035,0.038,0.013,0.042,0.090,0.034,0.051,0.018,0.001,0.055,0.090,0.122,0.020,0.074,0.054,0.049,0.069,0.076,0.006,0.050,0.073,0.016,0.036,0.091,0.121,0.033,0.049,0.027,0.063,0.007,0.128,0.031,0.093,0.043,0.042,0.003,0.030,0.142,0.035,0.076,0.012,0.104,0.048,0.095,0.050,0.050,0.034,0.018,0.104,0.125,0.095,0.098,0.069,0.051,0.100,0.037,0.023,0.016,0.047,0.066,0.089,0.049,0.053,0.076,0.062,0.021,0.042,0.036,0.057,0.096,0.040,0.066,0.077,0.042,0.064,0.072,0.044,0.088,0.066,0.068,0.066,0.048,0.040,0.033,0.025,0.003,0.056,0.028,0.117,0.047,0.009,0.015,0.039,0.043,0.101,0.071,0.036,0.055,0.124,0.030,0.094,0.032,0.104,0.027,0.007,0.047,0.048,0.046,0.019,0.070,0.033,0.072,0.035,0.107,0.100,0.014,0.035,0.018,0.020,0.085,0.006,0.064,0.039,0.094,0.054,0.049,0.081,0.059,0.020,0.076,0.027,0.045,0.091,0.092,0.077,0.036,0.034,0.072,0.040,0.052,0.022,0.027,0.015,0.104,0.038,0.130,0.082,0.065,0.035,0.043,0.035,0.097,0.060,0.029,0.065,0.095,0.035,0.060,0.054,0.022,0.003,0.011,0.069,0.042,0.012,0.148,0.056,0.052,0.053,0.065,0.093,0.103,0.040,0.051,0.087,0.059,0.045,0.103,0.058,0.005,0.071,0.020,0.066,0.020,0.024,0.001,0.056,0.095,0.028,0.046,0.085,0.061,0.100,0.071,0.027,0.101,0.060,0.035,0.031,0.023,0.117,0.042,0.057,0.151,0.050,0.069,0.045,0.059,0.024,0.047,0.019,0.027,0.019,0.089,0.026,0.114,0.014,0.064,0.086,0.029,0.003,0.106,0.051,0.033,0.025,0.007,0.040,0.017,0.018,0.048,0.062,0.001,0.097,0.006,0.019,0.053,0.020,0.074,0.096,0.046,0.060,0.065,0.124,0.067,0.058,0.123,0.050,0.023,0.065,0.077,0.032,0.095,0.032,0.104,0.101,0.072,0.064,0.131,0.064,0.030,0.073,0.053,0.116,0.054,0.111,0.096,0.052,0.029,0.086,0.033,0.062,0.002,0.095,0.077,0.065,0.045,0.063,0.070,0.041,0.090,0.075,0.112,0.030,0.013,0.056,0.004,0.081,0.108,0.071,0.041,0.005
LP6005442-DNA_A07,0.062,0.071,0.053,0.062,0.071,0.059,0.075,0.038,0.059,0.095,0.074,0.033,0.041,0.092,0.045,0.055,0.053,0.080,0.087,0.069,0.040,0.065,0.074,0.069,0.081,0.058,0.036,0.083,0.065,0.030,0.061,0.036,0.061,0.067,0.047,0.067,0.026,0.068,0.076,0.094,0.082,0.069,0.057,0.094,0.071,0.068,0.094,0.073,0.065,0.036,0.068,0.065,0.060,0.045,0.068,0.115,0.059,0.058,0.069,0.075,0.042,0.040,0.062,0.057,0.041,0.067,0.059,0.094,0.073,0.070,0.059,0.079,0.024,0.031,0.049,0.038,0.089,0.076,0.025,0.060,0.110,0.042,0.035,0.031,0.086,0.027,0.046,0.054,0.118,0.021,0.041,0.124,0.046,0.030,0.089,0.080,0.092,0.083,0.032,0.031,0.043,0.090,0.042,0.010,0.061,0.046,0.027,0.029,0.018,0.027,0.033,0.079,0.077,0.042,0.015,0.056,0.041,0.028,0.026,0.050,0.045,0.038,0.057,0.027,0.071,0.054,0.128,0.019,0.030,0.028,0.041,0.030,0.061,0.121,0.240,0.059,0.067,0.025,0.077,0.164,0.201,0.030,0.015,0.020,0.022,0.029,0.057,0.083,0.166,0.145,0.025,0.031,0.073,0.037,0.052,0.022,0.025,0.074,0.027,0.030,0.019,0.117,0.046,0.021,0.170,0.011,0.032,0.030,0.034,0.064,0.047,0.040,0.105,0.056,0.049,0.028,0.029,0.036,0.042,0.025,0.085,0.039,0.088,0.061,0.039,0.021,0.027,0.051,0.042,0.022,0.050,0.037,0.017,0.041,0.078,0.052,0.072,0.033,0.118,0.110,0.079,0.056,0.051,0.037,0.032,0.067,0.119,0.070,0.079,0.061,0.048,0.024,0.107,0.064,0.021,0.067,0.055,0.114,0.072,0.052,0.058,0.074,0.026,0.085,0.079,0.063,0.098,0.067,0.051,0.065,0.041,0.049,0.051,0.052,0.047,0.042,0.030,0.102,0.082,0.068,0.090,0.137,0.063,0.043,0.043,0.150,0.068,0.105,0.046,0.029,0.044,0.143,0.068,0.075,0.059,0.022,0.038,0.127,0.136,0.026,0.043,0.085,0.130,0.057,0.017,0.065,0.026,0.023,0.020,0.062,0.088,0.017,0.042,0.033,0.050,0.024,0.030,0.059,0.031,0.087,0.035,0.116,0.035,0.069,0.032,0.053,0.020,0.048,0.029,0.023,0.037,0.046,0.023,0.054,0.060,0.019,0.023,0.030,0.039,0.021,0.044,0.069,0.015,0.012,0.097,0.024,0.069,0.033,0.021,0.089,0.053,0.054,0.089,0.041,0.137,0.113,0.195,0.065,0.028,0.005,0.042,0.005,0.037,0.036,0.037,0.042,0.077,0.070,0.060,0.043,0.073,0.056,0.053,0.013,0.052,0.041,0.045,0.027,0.023,0.082,0.020,0.059,0.042,0.053,0.061,0.059,0.053,0.058,0.054,0.067,0.056,0.083,0.060,0.054,0.034,0.111,0.032,0.032,0.020,0.044,0.065,0.045,0.069,0.066,0.070,0.077,0.074,0.053,0.081,0.048,0.061,0.071,0.068,0.072,0.059,0.090,0.022,0.055,0.102,0.042,0.044,0.076,0.086,0.027,0.037,0.045,0.033,0.049,0.039,0.017,0.032,0.053,0.019,0.133,0.022,0.093,0.086,0.037,0.104,0.047,0.040,0.052,0.081,0.060,0.045,0.030,0.056,0.041,0.046,0.119,0.041,0.091,0.121,0.050,0.030,0.051,0.080,0.032,0.036,0.041,0.057,0.045,0.051,0.063,0.082,0.056,0.075,0.089,0.081,0.104,0.058,0.059,0.107,0.065,0.049,0.085,0.083,0.056,0.041
LP6005442-DNA_A08,0.036,0.050,0.046,0.079,0.053,0.103,0.075,0.050,0.099,0.127,0.088,0.087,0.059,0.032,0.061,0.097,0.047,0.088,0.083,0.135,0.111,0.072,0.055,0.061,0.046,0.038,0.053,0.085,0.043,0.021,0.052,0.075,0.057,0.064,0.107,0.075,0.059,0.013,0.069,0.100,0.104,0.119,0.081,0.057,0.124,0.030,0.100,0.094,0.076,0.061,0.088,0.043,0.062,0.047,0.054,0.042,0.058,0.066,0.072,0.122,0.061,0.040,0.034,0.101,0.090,0.038,0.086,0.096,0.099,0.088,0.069,0.052,0.081,0.092,0.090,0.063,0.037,0.073,0.045,0.063,0.069,0.008,0.042,0.051,0.041,0.047,0.036,0.080,0.096,0.067,0.095,0.053,0.075,0.080,0.008,0.094,0.099,0.081,0.022,0.094,0.045,0.092,0.038,0.059,0.073,0.064,0.037,0.057,0.010,0.096,0.075,0.106,0.053,0.034,0.069,0.106,0.049,0.066,0.092,0.083,0.059,0.023,0.041,0.040,0.072,0.072,0.070,0.055,0.043,0.086,0.114,0.033,0.059,0.070,0.131,0.038,0.139,0.064,0.115,0.067,0.058,0.012,0.030,0.047,0.046,0.021,0.056,0.037,0.054,0.031,0.025,0.025,0.083,0.049,0.061,0.051,0.043,0.049,0.031,0.056,0.061,0.077,0.070,0.018,0.091,0.021,0.035,0.017,0.053,0.073,0.043,0.076,0.077,0.020,0.044,0.066,0.114,0.016,0.030,0.054,0.114,0.042,0.051,0.085,0.047,0.011,0.074,0.046,0.082,0.064,0.031,0.032,0.034,0.135,0.076,0.039,0.074,0.042,0.051,0.109,0.050,0.072,0.049,0.047,0.101,0.066,0.104,0.063,0.081,0.110,0.064,0.098,0.060,0.057,0.029,0.076,0.045,0.098,0.052,0.116,0.040,0.161,0.021,0.049,0.085,0.048,0.020,0.079,0.051,0.062,0.152,0.067,0.154,0.049,0.040,0.037,0.042,0.043,0.112,0.057,0.039,0.081,0.089,0.113,0.043,0.046,0.075,0.070,0.067,0.055,0.081,0.078,0.077,0.099,0.114,0.033,0.070,0.038,0.046,0.076,0.029,0.041,0.094,0.041,0.037,0.078,0.031,0.064,0.086,0.023,0.111,0.071,0.061,0.064,0.085,0.048,0.107,0.069,0.143,0.021,0.038,0.043,0.034,0.056,0.056,0.034,0.050,0.075,0.099,0.124,0.025,0.118,0.022,0.074,0.042,0.078,0.076,0.063,0.078,0.027,0.108,0.071,0.080,0.064,0.024,0.026,0.032,0.061,0.030,0.056,0.065,0.041,0.063,0.057,0.042,0.102,0.054,0.034,0.031,0.069,0.034,0.056,0.066,0.065,0.091,0.103,0.071,0.045,0.061,0.047,0.127,0.043,0.015,0.047,0.097,0.080,0.076,0.066,0.017,0.037,0.057,0.088,0.111,0.035,0.077,0.068,0.071,0.072,0.066,0.034,0.070,0.097,0.070,0.066,0.070,0.048,0.016,0.041,0.038,0.094,0.058,0.012,0.054,0.086,0.043,0.160,0.045,0.124,0.053,0.104,0.089,0.037,0.022,0.081,0.073,0.090,0.074,0.050,0.088,0.054,0.054,0.044,0.015,0.031,0.152,0.089,0.096,0.093,0.049,0.083,0.059,0.089,0.094,0.037,0.015,0.041,0.048,0.049,0.090,0.074,0.067,0.058,0.069,0.107,0.080,0.070,0.099,0.038,0.072,0.079,0.087,0.132,0.016,0.044,0.087,0.137,0.085,0.101,0.101,0.069,0.038,0.108,0.104,0.111,0.097,0.081,0.072,0.054,0.040,0.063,0.046,0.070,0.015,0.065,0.061,0.037,0.089,0.043,0.054
LP6005442-DNA_A11,0.009,0.062,0.042,0.017,0.039,0.040,0.015,0.090,0.038,0.027,0.070,0.073,0.027,0.080,0.041,0.029,0.024,0.095,0.024,0.021,0.017,0.061,0.029,0.049,0.031,0.020,0.002,0.016,0.044,0.012,0.031,0.036,0.051,0.043,0.077,0.010,0.022,0.022,0.043,0.021,0.091,0.004,0.097,0.057,0.024,0.041,0.026,0.088,0.084,0.083,0.061,0.021,0.031,0.014,0.047,0.027,0.089,0.014,0.062,0.020,0.020,0.032,0.023,0.103,0.097,0.032,0.036,0.025,0.046,0.063,0.027,0.015,0.074,0.019,0.032,0.029,0.067,0.023,0.013,0.036,0.044,0.004,0.001,0.029,0.057,0.148,0.093,0.060,0.042,0.108,0.026,0.065,0.141,0.189,0.007,0.027,0.035,0.051,0.123,0.006,0.028,0.043,0.026,0.072,0.015,0.150,0.099,0.042,0.084,0.291,0.070,0.043,0.011,0.020,0.161,0.013,0.049,0.098,0.163,0.027,0.151,0.031,0.085,0.169,0.031,0.041,0.041,0.044,0.188,0.011,0.106,0.153,0.035,0.024,0.106,0.028,0.034,0.132,0.048,0.075,0.029,0.125,0.025,0.063,0.079,0.202,0.020,0.016,0.040,0.039,0.101,0.016,0.070,0.040,0.074,0.051,0.123,0.052,0.053,0.265,0.025,0.087,0.122,0.199,0.044,0.143,0.002,0.133,0.142,0.039,0.028,0.093,0.052,0.005,0.019,0.014,0.127,0.031,0.026,0.106,0.027,0.128,0.037,0.016,0.018,0.123,0.079,0.024,0.020,0.106,0.080,0.216,0.090,0.093,0.027,0.017,0.076,0.241,0.076,0.086,0.083,0.023,0.127,0.071,0.018,0.020,0.080,0.035,0.036,0.042,0.008,0.147,0.011,0.037,0.095,0.007,0.139,0.033,0.070,0.021,0.049,0.126,0.061,0.014,0.103,0.138,0.138,0.036,0.033,0.036,0.011,0.059,0.120,0.053,0.079,0.036,0.140,0.025,0.030,0.068,0.082,0.107,0.072,0.038,0.045,0.051,0.032,0.080,0.217,0.026,0.024,0.075,0.013,0.111,0.091,0.014,0.042,0.061,0.045,0.060,0.064,0.105,0.028,0.019,0.039,0.017,0.013,0.124,0.032,0.030,0.049,0.046,0.141,0.112,0.099,0.048,0.021,0.037,0.135,0.129,0.016,0.078,0.061,0.077,0.042,0.009,0.128,0.073,0.093,0.075,0.046,0.086,0.018,0.097,0.010,0.138,0.047,0.065,0.020,0.182,0.029,0.026,0.110,0.057,0.041,0.127,0.015,0.048,0.017,0.077,0.068,0.059,0.047,0.250,0.078,0.058,0.104,0.142,0.175,0.046,0.017,0.007,0.002,0.068,0.117,0.049,0.055,0.047,0.049,0.037,0.064,0.032,0.033,0.001,0.024,0.022,0.033,0.022,0.018,0.033,0.030,0.080,0.072,0.026,0.053,0.093,0.057,0.063,0.032,0.012,0.069,0.065,0.024,0.071,0.042,0.006,0.035,0.025,0.031,0.037,0.012,0.008,0.025,0.050,0.037,0.038,0.021,0.101,0.095,0.064,0.095,0.020,0.074,0.024,0.023,0.023,0.036,0.024,0.031,0.014,0.032,0.029,0.008,0.028,0.109,0.013,0.022,0.038,0.033,0.058,0.031,0.040,0.049,0.070,0.050,0.042,0.022,0.041,0.018,0.018,0.026,0.015,0.020,0.029,0.034,0.122,0.031,0.039,0.048,0.106,0.030,0.057,0.083,0.022,0.016,0.028,0.038,0.031,0.064,0.001,0.099,0.027,0.069,0.069,0.059,0.072,0.027,0.024,0.051,0.039,0.050,0.064,0.027,0.039,0.036,0.046,0.029,0.022,0.058
LP6005442-DNA_A12,0.018,0.023,0.020,0.027,0.031,0.016,0.029,0.042,0.049,0.040,0.029,0.055,0.036,0.059,0.026,0.030,0.018,0.044,0.030,0.037,0.023,0.020,0.029,0.012,0.013,0.029,0.054,0.042,0.014,0.010,0.018,0.031,0.027,0.038,0.032,0.011,0.008,0.010,0.026,0.028,0.019,0.021,0.054,0.037,0.041,0.034,0.031,0.056,0.029,0.061,0.032,0.036,0.045,0.026,0.030,0.032,0.055,0.051,0.040,0.045,0.030,0.050,0.037,0.033,0.026,0.027,0.026,0.040,0.027,0.037,0.057,0.039,0.038,0.012,0.053,0.007,0.006,0.030,0.026,0.010,0.034,0.026,0.006,0.023,0.023,0.009,0.006,0.049,0.037,0.019,0.035,0.031,0.014,0.023,0.010,0.023,0.090,0.046,0.031,0.029,0.016,0.015,0.010,0.036,0.012,0.004,0.045,0.010,0.007,0.012,0.024,0.014,0.032,0.013,0.005,0.018,0.017,0.019,0.011,0.008,0.008,0.034,0.012,0.039,0.007,0.019,0.040,0.014,0.027,0.024,0.033,0.035,0.031,0.014,0.036,0.009,0.035,0.016,0.013,0.032,0.024,0.005,0.004,0.020,0.083,0.014,0.021,0.007,0.036,0.026,0.000,0.014,0.024,0.051,0.016,0.019,0.006,0.012,0.023,0.007,0.025,0.013,0.012,0.014,0.028,0.008,0.021,0.068,0.009,0.039,0.003,0.011,0.014,0.003,0.002,0.015,0.010,0.013,0.010,0.017,0.032,0.020,0.020,0.034,0.027,0.013,0.027,0.026,0.013,0.020,0.016,0.003,0.022,0.054,0.016,0.014,0.035,0.022,0.011,0.035,0.011,0.012,0.022,0.010,0.033,0.019,0.022,0.011,0.022,0.029,0.011,0.009,0.011,0.043,0.019,0.018,0.006,0.017,0.006,0.018,0.048,0.022,0.010,0.015,0.034,0.022,0.021,0.021,0.040,0.028,0.038,0.010,0.031,0.059,0.021,0.016,0.010,0.023,0.005,0.008,0.015,0.030,0.042,0.041,0.012,0.021,0.011,0.031,0.004,0.010,0.054,0.016,0.030,0.038,0.022,0.017,0.045,0.017,0.016,0.044,0.076,0.020,0.027,0.067,0.084,0.010,0.006,0.069,0.044,0.010,0.026,0.025,0.072,0.039,0.028,0.075,0.067,0.032,0.023,0.039,0.024,0.017,0.025,0.030,0.087,0.042,0.034,0.018,0.033,0.019,0.034,0.013,0.010,0.013,0.014,0.008,0.030,0.018,0.022,0.015,0.028,0.017,0.010,0.009,0.011,0.011,0.020,0.009,0.014,0.020,0.040,0.012,0.008,0.030,0.011,0.031,0.028,0.006,0.009,0.049,0.082,0.023,0.038,0.087,0.036,0.033,0.041,0.033,0.031,0.027,0.053,0.038,0.010,0.038,0.043,0.056,0.020,0.020,0.025,0.016,0.018,0.044,0.040,0.047,0.039,0.035,0.034,0.057,0.011,0.018,0.030,0.040,0.027,0.022,0.017,0.032,0.022,0.009,0.014,0.054,0.032,0.025,0.027,0.045,0.026,0.024,0.020,0.038,0.023,0.044,0.026,0.015,0.023,0.031,0.018,0.039,0.036,0.036,0.016,0.022,0.023,0.026,0.007,0.015,0.038,0.021,0.008,0.021,0.028,0.014,0.017,0.017,0.013,0.013,0.009,0.021,0.028,0.016,0.009,0.023,0.012,0.028,0.013,0.013,0.024,0.021,0.039,0.045,0.016,0.040,0.025,0.043,0.011,0.012,0.013,0.036,0.043,0.012,0.027,0.030,0.054,0.047,0.038,0.041,0.065,0.043,0.058,0.037,0.050,0.028,0.040,0.039,0.043,0.035,0.039,0.038,0.031,0.023,0.022
LP6005442-DNA_B01,0.083,0.062,0.069,0.065,0.117,0.095,0.081,0.125,0.110,0.145,0.147,0.054,0.048,0.100,0.072,0.085,0.054,0.121,0.148,0.119,0.083,0.127,0.092,0.081,0.103,0.056,0.091,0.102,0.061,0.062,0.106,0.062,0.074,0.060,0.069,0.121,0.059,0.073,0.080,0.138,0.170,0.119,0.076,0.091,0.069,0.079,0.093,0.068,0.054,0.073,0.093,0.071,0.090,0.083,0.052,0.070,0.091,0.056,0.081,0.090,0.068,0.058,0.077,0.085,0.085,0.059,0.079,0.107,0.098,0.092,0.089,0.057,0.089,0.113,0.107,0.063,0.129,0.065,0.077,0.132,0.154,0.053,0.062,0.036,0.042,0.068,0.016,0.084,0.101,0.047,0.053,0.079,0.066,0.042,0.121,0.127,0.050,0.077,0.019,0.062,0.031,0.095,0.097,0.031,0.142,0.058,0.049,0.038,0.007,0.086,0.018,0.135,0.098,0.092,0.021,0.077,0.047,0.045,0.035,0.076,0.032,0.047,0.095,0.032,0.071,0.111,0.102,0.041,0.068,0.102,0.042,0.032,0.049,0.120,0.107,0.101,0.095,0.040,0.133,0.107,0.078,0.050,0.015,0.061,0.056,0.052,0.058,0.128,0.110,0.073,0.023,0.026,0.044,0.040,0.043,0.008,0.027,0.141,0.048,0.044,0.021,0.060,0.050,0.052,0.097,0.008,0.028,0.027,0.024,0.051,0.036,0.048,0.141,0.086,0.017,0.022,0.046,0.036,0.057,0.008,0.171,0.042,0.150,0.086,0.127,0.012,0.075,0.082,0.056,0.049,0.026,0.043,0.084,0.056,0.215,0.066,0.033,0.039,0.066,0.088,0.104,0.111,0.033,0.039,0.090,0.084,0.087,0.110,0.122,0.098,0.101,0.019,0.124,0.063,0.036,0.139,0.062,0.148,0.232,0.057,0.074,0.122,0.020,0.091,0.102,0.099,0.060,0.110,0.039,0.064,0.074,0.085,0.131,0.067,0.084,0.063,0.057,0.087,0.103,0.062,0.058,0.096,0.064,0.062,0.031,0.103,0.095,0.088,0.072,0.087,0.068,0.062,0.093,0.116,0.119,0.030,0.087,0.050,0.086,0.025,0.057,0.079,0.111,0.034,0.027,0.083,0.025,0.056,0.009,0.040,0.098,0.037,0.081,0.021,0.111,0.043,0.074,0.125,0.077,0.046,0.100,0.078,0.024,0.040,0.056,0.032,0.017,0.077,0.020,0.027,0.046,0.083,0.066,0.087,0.073,0.034,0.003,0.051,0.111,0.029,0.116,0.113,0.008,0.028,0.062,0.013,0.086,0.022,0.016,0.104,0.073,0.050,0.134,0.013,0.083,0.064,0.086,0.033,0.037,0.036,0.067,0.029,0.047,0.046,0.064,0.091,0.076,0.074,0.066,0.051,0.073,0.070,0.046,0.072,0.076,0.086,0.065,0.056,0.048,0.086,0.076,0.093,0.098,0.070,0.081,0.104,0.074,0.065,0.090,0.082,0.133,0.172,0.100,0.059,0.096,0.110,0.046,0.058,0.029,0.087,0.075,0.047,0.062,0.092,0.064,0.097,0.053,0.089,0.090,0.074,0.114,0.110,0.066,0.116,0.116,0.152,0.060,0.072,0.081,0.057,0.067,0.061,0.050,0.065,0.117,0.042,0.079,0.107,0.048,0.066,0.059,0.140,0.109,0.124,0.073,0.058,0.063,0.053,0.141,0.072,0.107,0.065,0.089,0.146,0.088,0.063,0.089,0.057,0.034,0.093,0.064,0.099,0.077,0.071,0.084,0.080,0.103,0.102,0.130,0.078,0.104,0.059,0.071,0.068,0.088,0.092,0.093,0.053,0.086,0.085,0.065,0.050,0.054,0.060,0.063,0.065,0.091,0.045,0.062
LP6005442-DNA_B03,0.008,0.011,0.037,0.081,0.095,0.033,0.039,0.070,0.116,0.087,0.048,0.042,0.014,0.072,0.025,0.035,0.061,0.070,0.061,0.062,0.064,0.060,0.058,0.095,0.027,0.025,0.108,0.052,0.088,0.005,0.041,0.040,0.037,0.076,0.077,0.038,0.015,0.051,0.058,0.059,0.061,0.076,0.064,0.118,0.095,0.112,0.149,0.059,0.075,0.046,0.017,0.105,0.062,0.129,0.113,0.046,0.120,0.107,0.112,0.041,0.101,0.112,0.114,0.115,0.058,0.011,0.116,0.065,0.070,0.078,0.127,0.032,0.148,0.118,0.111,0.103,0.053,0.056,0.021,0.095,0.129,0.030,0.038,0.066,0.013,0.097,0.058,0.087,0.083,0.077,0.036,0.018,0.054,0.065,0.021,0.051,0.057,0.078,0.026,0.074,0.030,0.057,0.049,0.025,0.048,0.060,0.032,0.040,0.029,0.078,0.036,0.060,0.025,0.015,0.052,0.039,0.053,0.027,0.067,0.046,0.038,0.045,0.050,0.059,0.042,0.054,0.099,0.023,0.067,0.037,0.092,0.040,0.124,0.077,0.116,0.032,0.029,0.068,0.081,0.081,0.061,0.082,0.042,0.081,0.033,0.051,0.020,0.042,0.079,0.064,0.024,0.027,0.087,0.031,0.069,0.051,0.045,0.070,0.058,0.088,0.030,0.068,0.063,0.137,0.022,0.027,0.057,0.029,0.113,0.044,0.051,0.046,0.072,0.100,0.025,0.066,0.071,0.065,0.036,0.053,0.037,0.115,0.042,0.109,0.034,0.042,0.109,0.066,0.055,0.045,0.027,0.084,0.052,0.037,0.044,0.054,0.100,0.080,0.178,0.062,0.017,0.115,0.056,0.078,0.064,0.066,0.063,0.036,0.053,0.024,0.138,0.031,0.028,0.102,0.033,0.079,0.022,0.034,0.057,0.040,0.100,0.067,0.022,0.037,0.069,0.053,0.029,0.052,0.017,0.066,0.031,0.045,0.061,0.033,0.053,0.033,0.058,0.041,0.038,0.040,0.052,0.040,0.048,0.022,0.072,0.024,0.051,0.130,0.090,0.019,0.063,0.067,0.034,0.078,0.052,0.027,0.097,0.087,0.045,0.016,0.024,0.058,0.042,0.034,0.013,0.064,0.021,0.051,0.017,0.007,0.069,0.033,0.088,0.050,0.059,0.048,0.034,0.051,0.066,0.016,0.035,0.034,0.013,0.040,0.037,0.027,0.041,0.020,0.089,0.039,0.024,0.102,0.024,0.029,0.041,0.052,0.018,0.069,0.040,0.058,0.055,0.020,0.041,0.058,0.034,0.027,0.012,0.045,0.006,0.053,0.044,0.025,0.077,0.068,0.029,0.065,0.082,0.051,0.092,0.051,0.018,0.027,0.034,0.017,0.033,0.038,0.087,0.097,0.021,0.088,0.029,0.174,0.028,0.023,0.058,0.100,0.051,0.036,0.107,0.034,0.033,0.067,0.082,0.030,0.087,0.224,0.057,0.086,0.135,0.038,0.084,0.088,0.059,0.059,0.059,0.048,0.025,0.040,0.022,0.040,0.053,0.109,0.052,0.101,0.033,0.052,0.108,0.142,0.101,0.060,0.089,0.054,0.051,0.035,0.049,0.049,0.022,0.047,0.062,0.033,0.037,0.078,0.019,0.095,0.088,0.026,0.033,0.033,0.084,0.106,0.106,0.074,0.046,0.093,0.040,0.070,0.060,0.037,0.056,0.034,0.049,0.073,0.088,0.052,0.045,0.067,0.065,0.101,0.024,0.091,0.020,0.117,0.007,0.046,0.062,0.059,0.133,0.046,0.081,0.050,0.043,0.076,0.072,0.055,0.046,0.069,0.075,0.044,0.074,0.056,0.051,0.117,0.036,0.053,0.065,0.149,0.128,0.115,0.102
LP6005442-DNA_B04,0.038,0.037,0.069,0.094,0.015,0.038,0.079,0.099,0.059,0.033,0.098,0.077,0.098,0.098,0.052,0.078,0.083,0.095,0.049,0.127,0.028,0.032,0.020,0.064,0.032,0.078,0.017,0.030,0.075,0.056,0.061,0.064,0.052,0.084,0.121,0.054,0.017,0.062,0.072,0.060,0.121,0.050,0.128,0.075,0.026,0.054,0.058,0.147,0.123,0.128,0.061,0.031,0.074,0.042,0.124,0.092,0.113,0.124,0.054,0.043,0.048,0.068,0.081,0.129,0.190,0.056,0.043,0.042,0.072,0.097,0.051,0.028,0.133,0.073,0.053,0.039,0.085,0.061,0.017,0.026,0.036,0.018,0.072,0.124,0.071,0.146,0.065,0.083,0.136,0.087,0.040,0.112,0.099,0.122,0.019,0.059,0.114,0.120,0.073,0.077,0.044,0.041,0.028,0.052,0.041,0.085,0.080,0.013,0.081,0.232,0.051,0.105,0.056,0.045,0.124,0.059,0.103,0.061,0.136,0.041,0.061,0.082,0.086,0.110,0.054,0.050,0.100,0.056,0.105,0.029,0.140,0.109,0.038,0.070,0.105,0.036,0.030,0.162,0.044,0.092,0.091,0.154,0.027,0.163,0.057,0.208,0.047,0.073,0.034,0.085,0.032,0.056,0.062,0.027,0.128,0.054,0.063,0.042,0.026,0.195,0.044,0.121,0.200,0.113,0.077,0.116,0.115,0.076,0.184,0.073,0.012,0.052,0.075,0.013,0.045,0.019,0.156,0.048,0.031,0.046,0.033,0.131,0.058,0.089,0.056,0.092,0.170,0.030,0.029,0.047,0.069,0.164,0.141,0.057,0.030,0.055,0.100,0.149,0.111,0.091,0.055,0.024,0.092,0.045,0.079,0.107,0.084,0.016,0.044,0.029,0.044,0.066,0.054,0.063,0.091,0.043,0.045,0.060,0.118,0.072,0.125,0.078,0.064,0.021,0.083,0.091,0.105,0.078,0.042,0.032,0.085,0.065,0.134,0.086,0.086,0.062,0.130,0.077,0.042,0.046,0.040,0.065,0.108,0.035,0.078,0.097,0.033,0.111,0.151,0.054,0.067,0.114,0.051,0.095,0.069,0.033,0.074,0.041,0.018,0.054,0.050,0.115,0.039,0.027,0.087,0.024,0.032,0.099,0.014,0.020,0.087,0.015,0.175,0.083,0.092,0.118,0.041,0.093,0.094,0.112,0.058,0.129,0.061,0.031,0.063,0.021,0.076,0.053,0.124,0.034,0.020,0.137,0.066,0.057,0.061,0.097,0.055,0.110,0.016,0.098,0.037,0.079,0.069,0.043,0.071,0.060,0.034,0.071,0.029,0.002,0.140,0.113,0.090,0.222,0.078,0.061,0.109,0.083,0.147,0.102,0.039,0.043,0.037,0.026,0.044,0.042,0.063,0.060,0.075,0.045,0.060,0.063,0.036,0.065,0.050,0.063,0.071,0.077,0.015,0.024,0.042,0.148,0.137,0.084,0.077,0.151,0.091,0.034,0.043,0.065,0.122,0.134,0.033,0.050,0.053,0.030,0.044,0.026,0.060,0.074,0.040,0.015,0.018,0.094,0.047,0.081,0.053,0.141,0.135,0.104,0.133,0.046,0.045,0.073,0.024,0.017,0.074,0.060,0.059,0.074,0.062,0.034,0.046,0.021,0.107,0.070,0.041,0.038,0.059,0.032,0.027,0.056,0.045,0.109,0.120,0.079,0.076,0.068,0.026,0.058,0.007,0.043,0.065,0.072,0.063,0.106,0.022,0.118,0.030,0.158,0.033,0.073,0.083,0.032,0.096,0.039,0.058,0.038,0.114,0.047,0.112,0.147,0.144,0.069,0.094,0.120,0.164,0.111,0.110,0.131,0.187,0.149,0.068,0.065,0.163,0.131,0.123,0.039,0.069
LP6005442-DNA_B07,0.082,0.092,0.075,0.089,0.029,0.050,0.072,0.024,0.059,0.043,0.043,0.073,0.059,0.055,0.075,0.063,0.066,0.067,0.063,0.085,0.017,0.081,0.021,0.058,0.041,0.063,0.042,0.059,0.069,0.052,0.054,0.071,0.079,0.040,0.079,0.103,0.061,0.065,0.052,0.063,0.057,0.070,0.049,0.086,0.038,0.043,0.059,0.058,0.033,0.027,0.075,0.032,0.042,0.054,0.054,0.059,0.051,0.053,0.061,0.062,0.039,0.048,0.064,0.067,0.077,0.075,0.035,0.090,0.062,0.093,0.054,0.060,0.092,0.061,0.107,0.038,0.048,0.035,0.052,0.111,0.057,0.037,0.043,0.014,0.073,0.027,0.045,0.040,0.200,0.002,0.063,0.114,0.046,0.056,0.070,0.084,0.061,0.175,0.009,0.018,0.023,0.084,0.066,0.010,0.044,0.070,0.055,0.019,0.016,0.058,0.058,0.090,0.094,0.071,0.013,0.072,0.045,0.030,0.012,0.050,0.015,0.035,0.069,0.017,0.062,0.077,0.126,0.044,0.045,0.094,0.085,0.014,0.053,0.069,0.272,0.056,0.087,0.032,0.085,0.172,0.226,0.001,0.008,0.045,0.045,0.031,0.050,0.056,0.134,0.131,0.005,0.028,0.070,0.050,0.067,0.003,0.043,0.142,0.044,0.029,0.040,0.072,0.014,0.033,0.107,0.018,0.035,0.026,0.013,0.034,0.049,0.057,0.090,0.025,0.035,0.025,0.059,0.016,0.051,0.020,0.089,0.027,0.077,0.087,0.060,0.008,0.029,0.058,0.069,0.019,0.042,0.057,0.035,0.036,0.076,0.056,0.072,0.018,0.101,0.098,0.055,0.046,0.031,0.030,0.064,0.041,0.159,0.079,0.085,0.087,0.065,0.050,0.074,0.053,0.029,0.048,0.069,0.103,0.043,0.062,0.038,0.064,0.019,0.096,0.077,0.049,0.145,0.062,0.021,0.067,0.084,0.060,0.092,0.048,0.065,0.058,0.033,0.103,0.070,0.056,0.073,0.133,0.080,0.037,0.037,0.201,0.127,0.084,0.042,0.081,0.055,0.164,0.037,0.107,0.075,0.039,0.076,0.114,0.140,0.043,0.033,0.094,0.177,0.055,0.023,0.038,0.042,0.065,0.023,0.062,0.178,0.033,0.040,0.017,0.057,0.036,0.053,0.115,0.056,0.067,0.076,0.170,0.085,0.063,0.037,0.037,0.066,0.054,0.033,0.011,0.043,0.027,0.027,0.044,0.048,0.034,0.011,0.039,0.039,0.056,0.099,0.099,0.038,0.016,0.056,0.026,0.071,0.022,0.015,0.070,0.040,0.068,0.057,0.058,0.154,0.206,0.173,0.066,0.016,0.009,0.052,0.032,0.052,0.035,0.045,0.094,0.081,0.038,0.061,0.038,0.065,0.058,0.009,0.047,0.084,0.117,0.075,0.069,0.080,0.079,0.110,0.050,0.083,0.055,0.066,0.040,0.045,0.056,0.071,0.056,0.102,0.090,0.065,0.079,0.065,0.080,0.048,0.009,0.057,0.100,0.059,0.081,0.061,0.089,0.031,0.052,0.051,0.071,0.072,0.082,0.099,0.087,0.061,0.077,0.058,0.048,0.068,0.059,0.084,0.030,0.095,0.060,0.069,0.027,0.086,0.043,0.056,0.076,0.034,0.048,0.099,0.033,0.050,0.080,0.078,0.062,0.070,0.077,0.029,0.082,0.034,0.059,0.076,0.088,0.066,0.034,0.070,0.068,0.048,0.154,0.037,0.084,0.133,0.064,0.073,0.138,0.079,0.074,0.037,0.068,0.117,0.060,0.103,0.052,0.106,0.110,0.066,0.070,0.074,0.067,0.079,0.059,0.066,0.042,0.061,0.092,0.071,0.052,0.053
LP6005442-DNA_B08,0.069,0.037,0.056,0.031,0.035,0.051,0.062,0.029,0.084,0.020,0.016,0.047,0.106,0.036,0.047,0.077,0.081,0.018,0.060,0.084,0.028,0.018,0.003,0.055,0.021,0.056,0.022,0.030,0.018,0.034,0.055,0.068,0.009,0.029,0.023,0.034,0.018,0.042,0.031,0.031,0.060,0.063,0.073,0.071,0.027,0.032,0.053,0.027,0.121,0.047,0.043,0.011,0.032,0.050,0.076,0.052,0.045,0.070,0.024,0.050,0.047,0.037,0.023,0.073,0.070,0.101,0.074,0.027,0.055,0.062,0.041,0.022,0.059,0.055,0.044,0.025,0.025,0.027,0.046,0.030,0.006,0.021,0.095,0.035,0.070,0.099,0.076,0.040,0.037,0.055,0.036,0.068,0.063,0.164,0.023,0.046,0.044,0.026,0.055,0.006,0.029,0.033,0.012,0.014,0.017,0.113,0.096,0.028,0.080,0.139,0.046,0.054,0.040,0.036,0.112,0.037,0.100,0.048,0.066,0.027,0.063,0.040,0.069,0.103,0.039,0.012,0.032,0.022,0.087,0.036,0.076,0.109,0.002,0.014,0.102,0.018,0.044,0.102,0.013,0.053,0.013,0.006,0.046,0.047,0.057,0.100,0.016,0.035,0.023,0.021,0.027,0.077,0.039,0.027,0.046,0.072,0.078,0.020,0.028,0.142,0.027,0.016,0.032,0.102,0.045,0.096,0.072,0.134,0.072,0.068,0.014,0.054,0.039,0.017,0.012,0.032,0.047,0.030,0.015,0.037,0.055,0.043,0.032,0.042,0.039,0.076,0.024,0.020,0.012,0.090,0.074,0.146,0.062,0.065,0.010,0.011,0.124,0.125,0.070,0.101,0.067,0.044,0.067,0.024,0.042,0.077,0.045,0.005,0.019,0.031,0.025,0.066,0.036,0.041,0.095,0.043,0.076,0.072,0.011,0.058,0.118,0.144,0.060,0.020,0.105,0.127,0.127,0.030,0.057,0.056,0.055,0.015,0.043,0.096,0.012,0.044,0.089,0.033,0.020,0.043,0.068,0.086,0.103,0.063,0.024,0.061,0.025,0.101,0.149,0.027,0.046,0.071,0.034,0.126,0.069,0.017,0.104,0.023,0.021,0.044,0.075,0.066,0.024,0.035,0.021,0.029,0.026,0.106,0.017,0.044,0.035,0.020,0.059,0.114,0.032,0.101,0.014,0.030,0.024,0.074,0.033,0.080,0.132,0.039,0.066,0.003,0.086,0.075,0.098,0.044,0.043,0.018,0.034,0.092,0.044,0.096,0.067,0.050,0.009,0.033,0.054,0.119,0.094,0.025,0.064,0.049,0.019,0.029,0.033,0.025,0.033,0.080,0.046,0.193,0.075,0.040,0.092,0.093,0.117,0.013,0.013,0.018,0.019,0.070,0.063,0.046,0.097,0.070,0.120,0.061,0.105,0.085,0.070,0.050,0.034,0.050,0.025,0.040,0.009,0.028,0.042,0.077,0.135,0.079,0.076,0.064,0.044,0.051,0.003,0.043,0.044,0.036,0.043,0.027,0.051,0.016,0.011,0.004,0.034,0.039,0.012,0.005,0.021,0.076,0.057,0.079,0.021,0.087,0.100,0.056,0.034,0.043,0.021,0.071,0.039,0.021,0.039,0.018,0.035,0.046,0.015,0.018,0.044,0.020,0.018,0.061,0.024,0.019,0.036,0.029,0.028,0.025,0.040,0.027,0.040,0.025,0.045,0.037,0.011,0.048,0.016,0.022,0.029,0.030,0.044,0.079,0.017,0.105,0.011,0.116,0.052,0.075,0.078,0.026,0.055,0.042,0.056,0.021,0.023,0.046,0.039,0.074,0.075,0.065,0.107,0.074,0.095,0.073,0.063,0.048,0.137,0.067,0.046,0.042,0.139,0.093,0.077,0.050,0.039
LP6005442-DNA_B11,0.056,0.060,0.053,0.091,0.055,0.043,0.097,0.009,0.054,0.037,0.023,0.009,0.095,0.044,0.087,0.047,0.056,0.042,0.058,0.151,0.054,0.031,0.063,0.055,0.056,0.066,0.048,0.064,0.068,0.092,0.074,0.039,0.044,0.081,0.042,0.034,0.006,0.055,0.029,0.037,0.057,0.086,0.107,0.094,0.096,0.111,0.087,0.095,0.060,0.095,0.051,0.058,0.105,0.061,0.137,0.099,0.080,0.156,0.080,0.131,0.052,0.078,0.112,0.098,0.136,0.104,0.111,0.041,0.086,0.095,0.062,0.047,0.062,0.057,0.070,0.070,0.017,0.038,0.042,0.041,0.004,0.034,0.116,0.046,0.073,0.053,0.026,0.102,0.030,0.042,0.044,0.065,0.015,0.061,0.032,0.080,0.138,0.026,0.074,0.138,0.053,0.030,0.040,0.040,0.064,0.029,0.052,0.065,0.030,0.100,0.040,0.073,0.088,0.068,0.026,0.085,0.184,0.029,0.054,0.021,0.038,0.076,0.073,0.058,0.051,0.054,0.093,0.027,0.044,0.023,0.076,0.068,0.016,0.062,0.044,0.029,0.056,0.045,0.025,0.048,0.054,0.039,0.015,0.089,0.033,0.071,0.038,0.035,0.045,0.043,0.020,0.127,0.048,0.077,0.058,0.051,0.008,0.059,0.048,0.002,0.057,0.052,0.089,0.109,0.072,0.078,0.026,0.037,0.063,0.117,0.022,0.071,0.054,0.028,0.044,0.084,0.129,0.025,0.028,0.061,0.077,0.095,0.047,0.035,0.060,0.062,0.088,0.038,0.034,0.021,0.049,0.083,0.061,0.057,0.057,0.066,0.138,0.065,0.086,0.061,0.036,0.042,0.031,0.055,0.055,0.148,0.033,0.034,0.041,0.018,0.044,0.049,0.051,0.094,0.088,0.037,0.035,0.040,0.046,0.109,0.136,0.039,0.079,0.026,0.018,0.017,0.069,0.055,0.077,0.053,0.090,0.039,0.054,0.128,0.070,0.090,0.088,0.037,0.025,0.026,0.063,0.059,0.130,0.077,0.057,0.050,0.039,0.034,0.033,0.026,0.069,0.054,0.046,0.048,0.016,0.048,0.101,0.006,0.023,0.066,0.053,0.039,0.028,0.045,0.052,0.038,0.025,0.034,0.077,0.037,0.048,0.004,0.046,0.026,0.041,0.097,0.037,0.096,0.065,0.078,0.027,0.037,0.043,0.056,0.101,0.048,0.084,0.108,0.078,0.040,0.068,0.062,0.059,0.099,0.036,0.038,0.097,0.133,0.040,0.030,0.046,0.086,0.067,0.058,0.086,0.032,0.060,0.052,0.043,0.068,0.084,0.088,0.095,0.106,0.048,0.050,0.087,0.016,0.030,0.068,0.069,0.033,0.041,0.014,0.061,0.045,0.116,0.108,0.090,0.067,0.119,0.072,0.066,0.079,0.061,0.079,0.080,0.069,0.026,0.013,0.024,0.131,0.117,0.111,0.098,0.114,0.137,0.062,0.033,0.091,0.056,0.070,0.056,0.033,0.090,0.042,0.025,0.020,0.014,0.025,0.057,0.023,0.024,0.104,0.083,0.117,0.083,0.095,0.060,0.089,0.060,0.090,0.039,0.098,0.048,0.060,0.068,0.086,0.047,0.107,0.036,0.026,0.063,0.044,0.024,0.084,0.060,0.040,0.075,0.016,0.040,0.065,0.039,0.021,0.032,0.059,0.036,0.061,0.024,0.083,0.060,0.060,0.081,0.038,0.067,0.025,0.025,0.124,0.031,0.077,0.060,0.095,0.032,0.037,0.089,0.015,0.055,0.044,0.057,0.062,0.061,0.211,0.151,0.105,0.091,0.168,0.216,0.124,0.173,0.195,0.182,0.174,0.121,0.090,0.157,0.164,0.190,0.031,0.077
LP6005442-DNA_B12,0.052,0.130,0.020,0.018,0.085,0.049,0.025,0.011,0.011,0.009,0.026,0.017,0.020,0.015,0.047,0.102,0.026,0.094,0.067,0.021,0.062,0.026,0.015,0.021,0.029,0.024,0.064,0.028,0.014,0.020,0.022,0.038,0.044,0.039,0.028,0.012,0.028,0.012,0.033,0.020,0.074,0.065,0.074,0.060,0.042,0.077,0.044,0.041,0.099,0.039,0.046,0.068,0.133,0.103,0.070,0.046,0.044,0.075,0.052,0.023,0.112,0.082,0.032,0.085,0.066,0.105,0.089,0.020,0.058,0.066,0.075,0.013,0.042,0.014,0.057,0.017,0.054,0.003,0.009,0.033,0.028,0.019,0.008,0.008,0.013,0.027,0.015,0.067,0.024,0.030,0.053,0.030,0.011,0.040,0.016,0.015,0.062,0.038,0.037,0.011,0.012,0.020,0.020,0.032,0.024,0.043,0.079,0.018,0.028,0.041,0.008,0.021,0.016,0.015,0.035,0.015,0.011,0.014,0.024,0.015,0.028,0.021,0.057,0.043,0.013,0.019,0.025,0.003,0.041,0.005,0.039,0.025,0.010,0.030,0.048,0.020,0.017,0.025,0.017,0.021,0.025,0.002,0.002,0.010,0.043,0.021,0.024,0.011,0.016,0.014,0.016,0.001,0.019,0.028,0.014,0.033,0.026,0.015,0.006,0.052,0.052,0.015,0.012,0.023,0.016,0.045,0.012,0.048,0.025,0.014,0.016,0.030,0.008,0.023,0.003,0.008,0.017,0.013,0.014,0.001,0.015,0.028,0.026,0.022,0.015,0.021,0.003,0.011,0.010,0.031,0.022,0.041,0.014,0.031,0.023,0.019,0.014,0.048,0.055,0.044,0.038,0.014,0.025,0.007,0.033,0.182,0.039,0.033,0.022,0.019,0.012,0.021,0.017,0.083,0.024,0.011,0.026,0.011,0.012,0.074,0.073,0.145,0.031,0.011,0.051,0.057,0.050,0.031,0.073,0.102,0.015,0.010,0.012,0.020,0.068,0.018,0.027,0.022,0.019,0.018,0.035,0.051,0.098,0.102,0.005,0.026,0.015,0.026,0.036,0.005,0.026,0.034,0.014,0.010,0.050,0.014,0.082,0.033,0.026,0.085,0.051,0.028,0.022,0.021,0.054,0.011,0.010,0.036,0.026,0.005,0.034,0.016,0.027,0.051,0.030,0.027,0.044,0.020,0.012,0.101,0.016,0.046,0.053,0.064,0.028,0.078,0.031,0.010,0.021,0.000,0.056,0.025,0.021,0.035,0.012,0.026,0.008,0.011,0.008,0.052,0.016,0.012,0.024,0.010,0.029,0.016,0.024,0.003,0.005,0.008,0.012,0.003,0.015,0.045,0.041,0.054,0.039,0.032,0.039,0.052,0.029,0.013,0.013,0.031,0.026,0.008,0.096,0.125,0.045,0.087,0.039,0.123,0.057,0.003,0.034,0.018,0.009,0.013,0.020,0.011,0.016,0.026,0.062,0.063,0.051,0.084,0.054,0.054,0.023,0.012,0.026,0.022,0.027,0.026,0.022,0.020,0.024,0.011,0.002,0.012,0.008,0.008,0.012,0.109,0.012,0.081,0.023,0.080,0.105,0.025,0.069,0.018,0.023,0.019,0.015,0.030,0.025,0.023,0.020,0.026,0.023,0.010,0.008,0.026,0.032,0.025,0.021,0.021,0.065,0.016,0.026,0.032,0.022,0.015,0.033,0.016,0.019,0.038,0.045,0.014,0.015,0.011,0.015,0.010,0.016,0.031,0.018,0.118,0.006,0.027,0.032,0.060,0.039,0.012,0.008,0.020,0.034,0.013,0.013,0.023,0.007,0.049,0.045,0.040,0.081,0.053,0.064,0.069,0.027,0.021,0.082,0.043,0.034,0.031,0.037,0.045,0.022,0.050,0.025
LP6005442-DNA_C02,0.066,0.041,0.050,0.070,0.041,0.052,0.044,0.041,0.014,0.102,0.115,0.077,0.001,0.100,0.038,0.050,0.036,0.089,0.038,0.089,0.079,0.048,0.026,0.032,0.072,0.082,0.024,0.039,0.038,0.062,0.034,0.046,0.036,0.084,0.055,0.067,0.008,0.046,0.040,0.026,0.062,0.045,0.133,0.081,0.066,0.082,0.114,0.141,0.099,0.061,0.099,0.054,0.113,0.094,0.118,0.136,0.107,0.142,0.100,0.123,0.061,0.050,0.106,0.113,0.159,0.048,0.048,0.065,0.052,0.080,0.051,0.052,0.067,0.046,0.037,0.031,0.054,0.039,0.025,0.024,0.037,0.024,0.004,0.065,0.033,0.103,0.086,0.167,0.134,0.125,0.090,0.110,0.106,0.087,0.015,0.058,0.151,0.087,0.063,0.119,0.036,0.052,0.023,0.028,0.037,0.115,0.035,0.035,0.063,0.160,0.092,0.022,0.047,0.016,0.108,0.038,0.049,0.011,0.119,0.026,0.090,0.063,0.092,0.146,0.017,0.021,0.081,0.041,0.108,0.035,0.159,0.077,0.033,0.135,0.147,0.008,0.095,0.100,0.051,0.140,0.114,0.096,0.032,0.114,0.049,0.112,0.026,0.032,0.084,0.082,0.094,0.015,0.050,0.063,0.124,0.077,0.094,0.075,0.089,0.177,0.033,0.063,0.187,0.224,0.033,0.089,0.077,0.084,0.000,0.051,0.021,0.080,0.066,0.006,0.031,0.023,0.073,0.032,0.053,0.056,0.044,0.063,0.067,0.079,0.025,0.047,0.126,0.057,0.044,0.065,0.050,0.181,0.048,0.055,0.043,0.049,0.065,0.210,0.139,0.120,0.075,0.011,0.117,0.043,0.055,0.146,0.145,0.040,0.050,0.063,0.078,0.043,0.044,0.098,0.084,0.032,0.074,0.056,0.047,0.090,0.107,0.122,0.082,0.022,0.096,0.118,0.127,0.048,0.091,0.089,0.074,0.016,0.074,0.098,0.077,0.105,0.109,0.082,0.007,0.038,0.108,0.145,0.109,0.053,0.066,0.085,0.073,0.114,0.124,0.051,0.108,0.177,0.041,0.088,0.076,0.050,0.047,0.072,0.056,0.041,0.061,0.086,0.038,0.011,0.035,0.066,0.007,0.083,0.044,0.025,0.164,0.031,0.117,0.068,0.042,0.113,0.039,0.017,0.076,0.097,0.028,0.130,0.027,0.061,0.068,0.037,0.044,0.051,0.144,0.041,0.045,0.071,0.014,0.088,0.031,0.138,0.070,0.078,0.054,0.081,0.069,0.009,0.068,0.042,0.023,0.091,0.012,0.071,0.012,0.046,0.057,0.061,0.038,0.181,0.055,0.115,0.083,0.132,0.129,0.057,0.043,0.007,0.045,0.055,0.050,0.035,0.088,0.080,0.058,0.094,0.066,0.054,0.062,0.005,0.014,0.036,0.045,0.013,0.004,0.023,0.043,0.146,0.129,0.039,0.057,0.102,0.134,0.032,0.026,0.051,0.057,0.069,0.025,0.051,0.028,0.022,0.030,0.027,0.011,0.038,0.068,0.024,0.033,0.045,0.038,0.096,0.110,0.073,0.098,0.070,0.131,0.091,0.023,0.047,0.052,0.050,0.019,0.057,0.036,0.035,0.022,0.100,0.016,0.021,0.102,0.077,0.036,0.015,0.021,0.015,0.039,0.071,0.020,0.069,0.040,0.060,0.041,0.016,0.048,0.032,0.021,0.033,0.053,0.024,0.022,0.096,0.037,0.106,0.049,0.147,0.047,0.055,0.066,0.043,0.052,0.058,0.042,0.012,0.057,0.023,0.071,0.146,0.126,0.114,0.079,0.169,0.177,0.137,0.164,0.141,0.128,0.151,0.083,0.104,0.176,0.144,0.162,0.018,0.037
LP6005442-DNA_C04,0.032,0.077,0.057,0.021,0.059,0.019,0.043,0.039,0.049,0.047,0.033,0.021,0.119,0.030,0.060,0.082,0.057,0.065,0.065,0.073,0.042,0.043,0.051,0.024,0.040,0.045,0.018,0.032,0.038,0.058,0.070,0.050,0.029,0.065,0.052,0.042,0.034,0.077,0.127,0.036,0.072,0.045,0.088,0.068,0.062,0.042,0.033,0.055,0.055,0.072,0.036,0.062,0.087,0.041,0.034,0.100,0.059,0.072,0.080,0.097,0.030,0.099,0.065,0.084,0.061,0.057,0.055,0.057,0.092,0.082,0.046,0.025,0.059,0.042,0.060,0.081,0.018,0.061,0.033,0.050,0.022,0.024,0.043,0.052,0.061,0.005,0.012,0.042,0.094,0.016,0.044,0.071,0.020,0.049,0.020,0.066,0.069,0.079,0.078,0.051,0.027,0.100,0.041,0.035,0.045,0.065,0.024,0.053,0.016,0.077,0.027,0.039,0.025,0.035,0.001,0.056,0.050,0.033,0.049,0.021,0.051,0.068,0.048,0.034,0.035,0.053,0.092,0.026,0.025,0.026,0.058,0.045,0.032,0.048,0.084,0.030,0.081,0.019,0.056,0.083,0.051,0.020,0.015,0.030,0.068,0.035,0.015,0.059,0.065,0.047,0.026,0.065,0.067,0.034,0.038,0.027,0.016,0.083,0.069,0.036,0.070,0.054,0.036,0.041,0.058,0.049,0.089,0.040,0.026,0.056,0.011,0.047,0.087,0.044,0.045,0.068,0.088,0.038,0.029,0.039,0.073,0.070,0.026,0.019,0.033,0.026,0.036,0.046,0.069,0.058,0.024,0.051,0.026,0.061,0.036,0.030,0.059,0.035,0.021,0.091,0.026,0.028,0.035,0.058,0.076,0.087,0.083,0.048,0.028,0.055,0.026,0.030,0.049,0.044,0.051,0.018,0.038,0.023,0.017,0.099,0.113,0.050,0.035,0.017,0.037,0.007,0.023,0.042,0.061,0.033,0.103,0.054,0.050,0.146,0.050,0.066,0.050,0.042,0.049,0.036,0.028,0.065,0.088,0.114,0.029,0.044,0.053,0.074,0.049,0.027,0.047,0.070,0.059,0.073,0.041,0.031,0.111,0.036,0.038,0.074,0.069,0.023,0.064,0.082,0.017,0.023,0.043,0.037,0.071,0.052,0.099,0.019,0.054,0.043,0.061,0.053,0.038,0.072,0.054,0.047,0.024,0.068,0.009,0.055,0.104,0.083,0.053,0.069,0.016,0.033,0.040,0.049,0.023,0.084,0.048,0.050,0.036,0.063,0.023,0.030,0.030,0.061,0.017,0.014,0.037,0.015,0.064,0.042,0.027,0.022,0.088,0.057,0.064,0.059,0.040,0.057,0.065,0.069,0.034,0.025,0.121,0.008,0.016,0.072,0.077,0.051,0.092,0.052,0.083,0.047,0.093,0.045,0.051,0.082,0.028,0.071,0.041,0.023,0.011,0.033,0.014,0.103,0.069,0.060,0.049,0.095,0.089,0.103,0.050,0.093,0.025,0.027,0.034,0.030,0.079,0.028,0.007,0.001,0.020,0.050,0.047,0.027,0.044,0.058,0.052,0.105,0.047,0.061,0.087,0.048,0.068,0.056,0.050,0.059,0.063,0.036,0.049,0.053,0.043,0.047,0.063,0.053,0.057,0.023,0.055,0.059,0.030,0.048,0.029,0.052,0.024,0.033,0.029,0.025,0.045,0.043,0.047,0.041,0.029,0.036,0.027,0.043,0.038,0.055,0.049,0.029,0.029,0.078,0.037,0.126,0.040,0.074,0.056,0.038,0.047,0.040,0.038,0.036,0.064,0.031,0.071,0.055,0.082,0.118,0.065,0.079,0.036,0.031,0.043,0.057,0.075,0.049,0.027,0.016,0.045,0.052,0.050,0.060,0.076
LP6005442-DNA_C07,0.100,0.076,0.104,0.105,0.130,0.054,0.115,0.060,0.092,0.059,0.113,0.128,0.056,0.080,0.083,0.112,0.062,0.073,0.068,0.225,0.090,0.094,0.031,0.184,0.071,0.089,0.123,0.086,0.142,0.104,0.104,0.060,0.112,0.059,0.137,0.214,0.053,0.038,0.058,0.058,0.138,0.158,0.032,0.054,0.031,0.056,0.043,0.041,0.056,0.033,0.040,0.058,0.035,0.040,0.015,0.040,0.074,0.027,0.055,0.043,0.042,0.048,0.052,0.037,0.027,0.021,0.036,0.044,0.057,0.137,0.060,0.088,0.105,0.064,0.060,0.126,0.101,0.118,0.174,0.125,0.082,0.103,0.091,0.001,0.047,0.019,0.009,0.051,0.054,0.011,0.064,0.038,0.003,0.012,0.106,0.082,0.049,0.009,0.009,0.009,0.013,0.089,0.108,0.005,0.075,0.019,0.014,0.008,0.015,0.044,0.029,0.103,0.065,0.062,0.010,0.068,0.009,0.022,0.010,0.053,0.004,0.019,0.054,0.016,0.056,0.056,0.032,0.038,0.013,0.045,0.027,0.006,0.043,0.058,0.037,0.059,0.058,0.007,0.047,0.071,0.049,0.003,0.010,0.006,0.017,0.010,0.071,0.067,0.065,0.062,0.016,0.010,0.037,0.004,0.006,0.017,0.029,0.038,0.013,0.013,0.004,0.024,0.028,0.006,0.050,0.010,0.011,0.022,0.007,0.009,0.152,0.029,0.064,0.052,0.001,0.017,0.013,0.031,0.080,0.016,0.156,0.047,0.085,0.053,0.065,0.006,0.008,0.043,0.034,0.017,0.005,0.032,0.020,0.029,0.093,0.048,0.004,0.034,0.094,0.040,0.030,0.128,0.022,0.006,0.142,0.046,0.068,0.077,0.081,0.023,0.107,0.006,0.089,0.050,0.013,0.051,0.041,0.066,0.057,0.066,0.033,0.051,0.009,0.124,0.055,0.083,0.007,0.071,0.039,0.029,0.029,0.109,0.038,0.011,0.057,0.074,0.004,0.031,0.052,0.071,0.041,0.031,0.031,0.039,0.013,0.052,0.140,0.030,0.035,0.084,0.049,0.022,0.064,0.047,0.050,0.007,0.050,0.043,0.025,0.024,0.027,0.115,0.029,0.034,0.011,0.058,0.019,0.037,0.012,0.118,0.041,0.012,0.032,0.036,0.087,0.019,0.037,0.137,0.011,0.010,0.075,0.052,0.030,0.046,0.022,0.012,0.003,0.014,0.016,0.004,0.031,0.009,0.086,0.024,0.107,0.002,0.013,0.002,0.047,0.033,0.067,0.094,0.023,0.001,0.049,0.019,0.103,0.014,0.011,0.035,0.009,0.012,0.028,0.001,0.072,0.039,0.028,0.018,0.018,0.010,0.020,0.012,0.060,0.024,0.021,0.154,0.031,0.030,0.045,0.026,0.052,0.066,0.033,0.031,0.106,0.124,0.125,0.090,0.106,0.105,0.092,0.039,0.027,0.038,0.021,0.059,0.051,0.046,0.119,0.155,0.233,0.106,0.178,0.148,0.110,0.188,0.102,0.103,0.046,0.161,0.073,0.207,0.133,0.033,0.115,0.042,0.057,0.057,0.018,0.048,0.032,0.068,0.049,0.069,0.127,0.107,0.145,0.119,0.055,0.090,0.173,0.140,0.167,0.064,0.051,0.204,0.124,0.078,0.096,0.116,0.174,0.182,0.162,0.144,0.157,0.180,0.062,0.081,0.108,0.136,0.076,0.109,0.082,0.120,0.054,0.027,0.099,0.039,0.004,0.041,0.053,0.041,0.106,0.152,0.168,0.209,0.195,0.088,0.081,0.219,0.083,0.056,0.069,0.039,0.065,0.049,0.015,0.026,0.099,0.049,0.017,0.048,0.038,0.027,0.019,0.068,0.049,0.079,0.064
LP6005442-DNA_C10,0.074,0.062,0.025,0.045,0.054,0.034,0.052,0.032,0.019,0.027,0.008,0.081,0.011,0.027,0.074,0.014,0.062,0.043,0.073,0.071,0.056,0.059,0.020,0.039,0.061,0.051,0.006,0.090,0.072,0.025,0.039,0.018,0.092,0.013,0.090,0.040,0.017,0.024,0.023,0.029,0.081,0.004,0.077,0.104,0.109,0.116,0.098,0.081,0.033,0.052,0.110,0.077,0.061,0.082,0.029,0.101,0.082,0.052,0.042,0.072,0.061,0.059,0.034,0.109,0.047,0.087,0.047,0.056,0.068,0.047,0.032,0.025,0.057,0.029,0.045,0.026,0.026,0.037,0.020,0.068,0.008,0.051,0.024,0.044,0.033,0.080,0.021,0.087,0.109,0.039,0.052,0.068,0.045,0.073,0.045,0.061,0.104,0.063,0.038,0.078,0.040,0.038,0.026,0.085,0.057,0.105,0.074,0.058,0.043,0.133,0.022,0.027,0.095,0.048,0.060,0.039,0.065,0.063,0.035,0.023,0.091,0.027,0.107,0.060,0.083,0.061,0.131,0.068,0.106,0.018,0.057,0.039,0.016,0.092,0.128,0.026,0.036,0.066,0.064,0.120,0.066,0.025,0.027,0.060,0.090,0.045,0.012,0.033,0.097,0.093,0.065,0.055,0.076,0.057,0.026,0.036,0.114,0.067,0.060,0.080,0.020,0.072,0.062,0.045,0.100,0.041,0.054,0.081,0.057,0.053,0.047,0.109,0.028,0.032,0.041,0.039,0.057,0.054,0.034,0.091,0.031,0.069,0.064,0.047,0.046,0.036,0.051,0.079,0.026,0.059,0.048,0.062,0.016,0.038,0.053,0.033,0.040,0.126,0.102,0.151,0.071,0.026,0.110,0.082,0.015,0.069,0.089,0.031,0.061,0.040,0.096,0.053,0.021,0.081,0.062,0.030,0.086,0.089,0.027,0.082,0.059,0.080,0.021,0.051,0.066,0.096,0.107,0.056,0.028,0.110,0.029,0.007,0.056,0.119,0.026,0.040,0.088,0.096,0.028,0.061,0.100,0.133,0.070,0.066,0.048,0.077,0.072,0.064,0.094,0.013,0.066,0.089,0.036,0.044,0.060,0.042,0.043,0.113,0.099,0.024,0.042,0.072,0.109,0.021,0.037,0.038,0.088,0.099,0.033,0.031,0.075,0.038,0.029,0.071,0.042,0.034,0.037,0.066,0.110,0.112,0.020,0.099,0.059,0.105,0.051,0.065,0.044,0.058,0.032,0.024,0.056,0.035,0.010,0.088,0.008,0.066,0.064,0.079,0.004,0.126,0.042,0.055,0.083,0.036,0.080,0.075,0.041,0.055,0.022,0.083,0.123,0.032,0.047,0.057,0.091,0.110,0.108,0.097,0.047,0.021,0.052,0.008,0.012,0.102,0.079,0.084,0.054,0.085,0.026,0.025,0.079,0.042,0.057,0.007,0.048,0.048,0.032,0.041,0.047,0.051,0.079,0.122,0.082,0.095,0.023,0.033,0.076,0.098,0.072,0.060,0.041,0.048,0.082,0.050,0.023,0.051,0.051,0.050,0.018,0.031,0.048,0.053,0.042,0.061,0.042,0.102,0.074,0.079,0.053,0.096,0.084,0.030,0.031,0.029,0.044,0.086,0.011,0.046,0.004,0.024,0.085,0.055,0.044,0.018,0.016,0.039,0.021,0.009,0.026,0.011,0.055,0.028,0.012,0.074,0.040,0.041,0.022,0.065,0.045,0.038,0.030,0.050,0.009,0.013,0.022,0.053,0.050,0.040,0.047,0.082,0.040,0.014,0.129,0.040,0.017,0.024,0.026,0.004,0.016,0.038,0.059,0.060,0.059,0.069,0.039,0.050,0.083,0.025,0.079,0.039,0.013,0.022,0.068,0.078,0.052,0.049,0.011,0.054,0.064
LP6005442-DNA_C11,0.065,0.072,0.128,0.063,0.070,0.065,0.103,0.064,0.119,0.117,0.130,0.069,0.055,0.085,0.067,0.108,0.077,0.083,0.116,0.082,0.100,0.066,0.097,0.104,0.101,0.103,0.071,0.067,0.066,0.044,0.053,0.061,0.123,0.108,0.101,0.098,0.083,0.089,0.088,0.125,0.129,0.145,0.067,0.059,0.070,0.055,0.097,0.068,0.055,0.081,0.071,0.059,0.050,0.075,0.078,0.084,0.065,0.089,0.079,0.067,0.062,0.052,0.075,0.079,0.059,0.081,0.071,0.096,0.087,0.123,0.088,0.102,0.083,0.056,0.104,0.078,0.092,0.123,0.086,0.100,0.088,0.091,0.060,0.020,0.048,0.026,0.042,0.059,0.075,0.025,0.078,0.056,0.016,0.024,0.092,0.084,0.067,0.060,0.036,0.014,0.023,0.109,0.071,0.017,0.069,0.051,0.018,0.017,0.012,0.020,0.049,0.113,0.061,0.065,0.005,0.126,0.048,0.040,0.012,0.062,0.009,0.015,0.065,0.011,0.044,0.055,0.046,0.008,0.021,0.036,0.045,0.020,0.095,0.090,0.113,0.078,0.096,0.018,0.092,0.052,0.058,0.009,0.009,0.043,0.041,0.012,0.088,0.082,0.064,0.071,0.009,0.015,0.050,0.014,0.029,0.025,0.015,0.069,0.034,0.022,0.015,0.078,0.032,0.024,0.070,0.016,0.019,0.011,0.018,0.049,0.059,0.010,0.146,0.063,0.021,0.020,0.027,0.021,0.102,0.013,0.148,0.021,0.031,0.059,0.045,0.002,0.023,0.029,0.065,0.024,0.019,0.032,0.038,0.032,0.054,0.061,0.039,0.024,0.062,0.048,0.069,0.098,0.031,0.015,0.081,0.054,0.061,0.071,0.046,0.056,0.060,0.033,0.082,0.057,0.019,0.067,0.028,0.081,0.091,0.040,0.067,0.034,0.020,0.035,0.021,0.028,0.028,0.092,0.053,0.050,0.090,0.107,0.058,0.072,0.078,0.099,0.029,0.062,0.058,0.026,0.020,0.066,0.044,0.049,0.031,0.050,0.093,0.087,0.045,0.074,0.063,0.052,0.050,0.099,0.044,0.010,0.076,0.047,0.060,0.018,0.031,0.085,0.079,0.026,0.014,0.064,0.030,0.037,0.020,0.057,0.044,0.013,0.042,0.039,0.101,0.024,0.057,0.091,0.036,0.020,0.073,0.089,0.016,0.051,0.028,0.033,0.011,0.021,0.025,0.007,0.035,0.039,0.024,0.038,0.150,0.026,0.012,0.015,0.037,0.007,0.059,0.067,0.017,0.028,0.070,0.000,0.090,0.018,0.015,0.050,0.010,0.025,0.070,0.022,0.077,0.044,0.071,0.013,0.015,0.049,0.033,0.019,0.050,0.013,0.031,0.073,0.086,0.065,0.046,0.053,0.051,0.064,0.041,0.063,0.049,0.089,0.104,0.089,0.102,0.060,0.054,0.064,0.086,0.051,0.069,0.079,0.100,0.076,0.107,0.176,0.133,0.086,0.100,0.089,0.079,0.118,0.070,0.061,0.068,0.116,0.098,0.086,0.090,0.092,0.085,0.047,0.057,0.063,0.060,0.071,0.082,0.069,0.078,0.080,0.092,0.105,0.042,0.105,0.080,0.113,0.100,0.086,0.057,0.055,0.050,0.101,0.108,0.091,0.071,0.059,0.073,0.132,0.113,0.109,0.098,0.104,0.087,0.050,0.095,0.068,0.038,0.063,0.065,0.127,0.086,0.032,0.075,0.062,0.016,0.065,0.045,0.053,0.070,0.094,0.118,0.140,0.115,0.075,0.097,0.118,0.055,0.091,0.106,0.116,0.077,0.092,0.077,0.067,0.063,0.053,0.058,0.035,0.063,0.049,0.059,0.045,0.073,0.097,0.061
LP6005442-DNA_D01,0.034,0.019,0.030,0.033,0.051,0.042,0.132,0.029,0.074,0.058,0.038,0.004,0.077,0.034,0.035,0.070,0.039,0.056,0.074,0.038,0.052,0.070,0.051,0.043,0.039,0.033,0.074,0.075,0.055,0.064,0.055,0.080,0.038,0.042,0.056,0.069,0.080,0.059,0.045,0.076,0.053,0.071,0.063,0.101,0.051,0.088,0.104,0.032,0.050,0.030,0.052,0.090,0.037,0.065,0.057,0.042,0.056,0.056,0.079,0.070,0.085,0.063,0.073,0.072,0.070,0.028,0.101,0.078,0.070,0.054,0.117,0.051,0.074,0.105,0.076,0.112,0.064,0.065,0.032,0.077,0.110,0.053,0.069,0.010,0.029,0.014,0.002,0.033,0.074,0.009,0.056,0.040,0.012,0.010,0.059,0.086,0.032,0.096,0.024,0.019,0.029,0.090,0.096,0.008,0.133,0.037,0.012,0.018,0.014,0.016,0.005,0.077,0.151,0.135,0.004,0.093,0.022,0.031,0.000,0.050,0.007,0.080,0.037,0.006,0.101,0.082,0.039,0.001,0.064,0.089,0.075,0.021,0.093,0.100,0.074,0.086,0.079,0.010,0.056,0.050,0.078,0.007,0.005,0.018,0.009,0.020,0.053,0.081,0.069,0.041,0.009,0.005,0.049,0.018,0.021,0.019,0.005,0.038,0.013,0.002,0.004,0.063,0.044,0.005,0.024,0.007,0.011,0.034,0.002,0.026,0.053,0.013,0.070,0.065,0.000,0.006,0.006,0.016,0.057,0.000,0.051,0.017,0.082,0.117,0.132,0.000,0.005,0.062,0.074,0.027,0.021,0.012,0.034,0.049,0.102,0.072,0.006,0.021,0.111,0.052,0.181,0.154,0.039,0.009,0.066,0.041,0.089,0.106,0.081,0.062,0.113,0.019,0.060,0.061,0.004,0.094,0.114,0.115,0.111,0.046,0.062,0.055,0.005,0.133,0.155,0.065,0.038,0.105,0.054,0.059,0.065,0.097,0.043,0.042,0.042,0.106,0.015,0.042,0.096,0.059,0.047,0.076,0.046,0.041,0.015,0.077,0.078,0.085,0.049,0.033,0.039,0.064,0.043,0.033,0.098,0.002,0.049,0.038,0.039,0.014,0.023,0.101,0.060,0.020,0.013,0.039,0.027,0.018,0.003,0.048,0.088,0.024,0.011,0.020,0.053,0.023,0.027,0.120,0.017,0.021,0.068,0.054,0.004,0.021,0.004,0.020,0.005,0.005,0.006,0.000,0.034,0.053,0.070,0.041,0.060,0.005,0.022,0.012,0.075,0.008,0.181,0.109,0.000,0.007,0.079,0.000,0.155,0.010,0.001,0.039,0.027,0.016,0.086,0.011,0.047,0.041,0.068,0.016,0.015,0.011,0.011,0.020,0.038,0.014,0.070,0.063,0.076,0.044,0.049,0.052,0.035,0.108,0.016,0.043,0.053,0.102,0.049,0.041,0.083,0.017,0.037,0.039,0.060,0.031,0.056,0.126,0.055,0.074,0.110,0.112,0.088,0.079,0.059,0.067,0.052,0.083,0.021,0.041,0.020,0.040,0.059,0.106,0.042,0.054,0.058,0.050,0.045,0.046,0.052,0.034,0.068,0.083,0.045,0.100,0.052,0.050,0.043,0.043,0.058,0.041,0.042,0.074,0.047,0.077,0.028,0.056,0.054,0.081,0.080,0.051,0.064,0.099,0.034,0.090,0.034,0.058,0.053,0.031,0.055,0.035,0.088,0.060,0.066,0.045,0.077,0.019,0.072,0.045,0.004,0.048,0.050,0.123,0.034,0.060,0.039,0.054,0.114,0.060,0.057,0.055,0.036,0.049,0.029,0.052,0.040,0.059,0.062,0.044,0.035,0.047,0.033,0.035,0.034,0.022,0.018,0.053,0.066,0.102,0.120
LP6005442-DNA_D02,0.042,0.065,0.085,0.051,0.071,0.038,0.055,0.049,0.013,0.044,0.038,0.007,0.020,0.053,0.073,0.038,0.026,0.020,0.070,0.097,0.083,0.053,0.038,0.048,0.100,0.076,0.009,0.004,0.057,0.061,0.059,0.059,0.053,0.064,0.080,0.062,0.042,0.102,0.072,0.059,0.024,0.005,0.063,0.084,0.089,0.063,0.041,0.002,0.008,0.035,0.054,0.065,0.083,0.067,0.070,0.060,0.057,0.082,0.062,0.114,0.009,0.036,0.098,0.059,0.014,0.077,0.093,0.066,0.063,0.119,0.051,0.063,0.002,0.034,0.049,0.009,0.009,0.071,0.018,0.059,0.039,0.040,0.002,0.063,0.005,0.013,0.104,0.090,0.076,0.052,0.040,0.028,0.051,0.043,0.022,0.062,0.052,0.044,0.040,0.060,0.056,0.022,0.029,0.050,0.064,0.029,0.036,0.088,0.009,0.121,0.036,0.051,0.042,0.013,0.018,0.032,0.072,0.018,0.099,0.059,0.050,0.048,0.089,0.044,0.063,0.030,0.076,0.090,0.066,0.016,0.051,0.040,0.046,0.106,0.091,0.030,0.077,0.032,0.044,0.057,0.109,0.048,0.030,0.039,0.039,0.023,0.041,0.058,0.057,0.056,0.057,0.074,0.090,0.092,0.133,0.006,0.051,0.183,0.131,0.042,0.014,0.059,0.068,0.084,0.133,0.029,0.093,0.027,0.052,0.105,0.004,0.104,0.122,0.002,0.004,0.111,0.103,0.035,0.100,0.077,0.036,0.104,0.099,0.005,0.005,0.045,0.078,0.051,0.028,0.037,0.042,0.074,0.034,0.011,0.011,0.042,0.107,0.028,0.059,0.064,0.061,0.024,0.030,0.045,0.012,0.058,0.072,0.047,0.040,0.011,0.017,0.074,0.024,0.088,0.061,0.009,0.028,0.048,0.017,0.076,0.041,0.033,0.090,0.006,0.010,0.013,0.040,0.066,0.040,0.034,0.035,0.036,0.059,0.038,0.029,0.039,0.090,0.084,0.049,0.031,0.032,0.060,0.067,0.056,0.073,0.048,0.040,0.025,0.056,0.075,0.034,0.029,0.062,0.026,0.008,0.029,0.072,0.074,0.041,0.092,0.016,0.079,0.051,0.021,0.038,0.040,0.058,0.083,0.130,0.020,0.062,0.009,0.039,0.028,0.024,0.060,0.076,0.037,0.076,0.058,0.035,0.060,0.109,0.061,0.086,0.100,0.013,0.046,0.045,0.046,0.099,0.108,0.011,0.125,0.042,0.013,0.049,0.126,0.005,0.046,0.037,0.016,0.036,0.034,0.051,0.021,0.012,0.035,0.013,0.037,0.089,0.117,0.046,0.125,0.055,0.047,0.083,0.161,0.042,0.015,0.182,0.012,0.045,0.065,0.025,0.029,0.069,0.077,0.038,0.053,0.125,0.062,0.064,0.000,0.034,0.018,0.042,0.041,0.011,0.044,0.015,0.093,0.042,0.061,0.075,0.086,0.076,0.063,0.045,0.081,0.037,0.062,0.030,0.053,0.013,0.026,0.050,0.068,0.027,0.064,0.067,0.038,0.038,0.086,0.056,0.069,0.061,0.042,0.038,0.075,0.060,0.023,0.060,0.013,0.057,0.069,0.069,0.065,0.031,0.067,0.057,0.077,0.023,0.044,0.046,0.058,0.076,0.011,0.052,0.034,0.033,0.050,0.013,0.053,0.069,0.072,0.059,0.060,0.089,0.036,0.037,0.065,0.019,0.052,0.064,0.023,0.027,0.072,0.098,0.046,0.036,0.037,0.053,0.046,0.034,0.026,0.022,0.028,0.027,0.058,0.006,0.062,0.045,0.038,0.060,0.073,0.063,0.044,0.067,0.096,0.015,0.049,0.034,0.038,0.034,0.034,0.064,0.054,0.054
LP6005442-DNA_D03,0.011,0.028,0.029,0.086,0.017,0.047,0.012,0.038,0.035,0.054,0.014,0.021,0.042,0.027,0.042,0.050,0.050,0.117,0.014,0.008,0.035,0.021,0.057,0.046,0.051,0.039,0.029,0.083,0.022,0.035,0.025,0.019,0.059,0.030,0.016,0.020,0.007,0.021,0.025,0.015,0.044,0.062,0.068,0.071,0.090,0.080,0.024,0.074,0.074,0.037,0.041,0.058,0.064,0.013,0.034,0.073,0.041,0.048,0.042,0.050,0.048,0.038,0.055,0.040,0.040,0.061,0.013,0.047,0.025,0.070,0.019,0.043,0.029,0.022,0.031,0.070,0.007,0.043,0.033,0.005,0.023,0.034,0.064,0.026,0.021,0.033,0.054,0.058,0.059,0.056,0.048,0.032,0.034,0.047,0.024,0.076,0.082,0.040,0.043,0.068,0.014,0.061,0.050,0.025,0.032,0.051,0.035,0.070,0.028,0.114,0.034,0.026,0.048,0.032,0.015,0.016,0.052,0.037,0.078,0.060,0.049,0.054,0.068,0.049,0.050,0.068,0.113,0.024,0.054,0.051,0.033,0.051,0.098,0.056,0.062,0.015,0.009,0.031,0.019,0.079,0.040,0.035,0.019,0.071,0.044,0.020,0.041,0.037,0.086,0.075,0.027,0.066,0.093,0.067,0.034,0.055,0.025,0.043,0.071,0.015,0.042,0.030,0.071,0.017,0.048,0.022,0.080,0.023,0.014,0.077,0.038,0.037,0.043,0.013,0.054,0.020,0.092,0.059,0.017,0.041,0.040,0.111,0.063,0.033,0.022,0.065,0.057,0.092,0.039,0.034,0.015,0.052,0.038,0.079,0.004,0.044,0.114,0.043,0.040,0.055,0.014,0.037,0.089,0.064,0.036,0.049,0.044,0.002,0.103,0.086,0.046,0.063,0.029,0.052,0.028,0.017,0.051,0.040,0.017,0.080,0.033,0.048,0.030,0.040,0.051,0.041,0.017,0.057,0.035,0.020,0.012,0.018,0.039,0.015,0.046,0.021,0.060,0.075,0.025,0.057,0.049,0.053,0.064,0.016,0.030,0.028,0.012,0.046,0.042,0.006,0.074,0.053,0.023,0.066,0.056,0.053,0.038,0.036,0.066,0.089,0.029,0.030,0.080,0.059,0.029,0.042,0.032,0.031,0.084,0.030,0.039,0.025,0.061,0.067,0.070,0.031,0.064,0.038,0.038,0.034,0.015,0.038,0.020,0.036,0.074,0.085,0.076,0.074,0.065,0.033,0.041,0.091,0.015,0.104,0.042,0.023,0.056,0.037,0.050,0.049,0.030,0.013,0.020,0.040,0.112,0.058,0.101,0.056,0.029,0.018,0.048,0.038,0.046,0.061,0.084,0.062,0.060,0.044,0.050,0.020,0.033,0.017,0.021,0.030,0.069,0.034,0.041,0.052,0.044,0.015,0.077,0.034,0.034,0.054,0.028,0.009,0.020,0.028,0.061,0.031,0.022,0.065,0.044,0.045,0.050,0.048,0.061,0.036,0.028,0.031,0.035,0.042,0.037,0.018,0.029,0.037,0.037,0.017,0.019,0.020,0.013,0.006,0.026,0.030,0.046,0.068,0.037,0.066,0.076,0.043,0.041,0.003,0.042,0.048,0.019,0.037,0.016,0.045,0.013,0.045,0.030,0.066,0.003,0.027,0.030,0.008,0.041,0.048,0.017,0.072,0.071,0.008,0.031,0.015,0.044,0.047,0.006,0.021,0.046,0.033,0.031,0.055,0.029,0.009,0.027,0.071,0.028,0.053,0.033,0.081,0.003,0.032,0.037,0.012,0.032,0.035,0.051,0.010,0.027,0.057,0.024,0.129,0.071,0.096,0.039,0.054,0.046,0.036,0.056,0.060,0.034,0.071,0.048,0.013,0.049,0.074,0.056,0.010,0.046
LP6005442-DNA_D08,0.040,0.037,0.050,0.056,0.014,0.032,0.044,0.082,0.063,0.026,0.073,0.055,0.056,0.053,0.037,0.062,0.064,0.111,0.040,0.062,0.050,0.058,0.029,0.049,0.055,0.045,0.034,0.041,0.048,0.062,0.057,0.042,0.014,0.036,0.104,0.040,0.008,0.034,0.028,0.014,0.107,0.070,0.119,0.062,0.111,0.078,0.062,0.116,0.121,0.102,0.044,0.047,0.045,0.016,0.085,0.089,0.063,0.066,0.078,0.065,0.048,0.044,0.067,0.101,0.111,0.059,0.037,0.052,0.082,0.093,0.033,0.036,0.093,0.066,0.044,0.041,0.061,0.045,0.012,0.029,0.027,0.007,0.040,0.043,0.065,0.067,0.031,0.058,0.046,0.024,0.059,0.026,0.075,0.086,0.015,0.031,0.053,0.048,0.034,0.029,0.064,0.039,0.030,0.075,0.036,0.059,0.067,0.072,0.011,0.199,0.039,0.051,0.037,0.025,0.017,0.069,0.094,0.025,0.099,0.041,0.022,0.053,0.047,0.073,0.038,0.028,0.045,0.015,0.023,0.017,0.099,0.076,0.022,0.044,0.054,0.045,0.015,0.053,0.049,0.064,0.032,0.080,0.008,0.069,0.025,0.087,0.020,0.043,0.038,0.056,0.020,0.077,0.119,0.056,0.072,0.016,0.068,0.038,0.117,0.108,0.021,0.078,0.074,0.119,0.096,0.035,0.099,0.040,0.047,0.082,0.026,0.059,0.052,0.009,0.036,0.074,0.042,0.043,0.038,0.047,0.035,0.091,0.052,0.045,0.021,0.131,0.104,0.051,0.040,0.014,0.053,0.055,0.097,0.034,0.017,0.038,0.118,0.021,0.057,0.038,0.027,0.013,0.054,0.054,0.020,0.088,0.028,0.033,0.037,0.024,0.014,0.203,0.041,0.075,0.059,0.015,0.031,0.041,0.044,0.114,0.084,0.032,0.102,0.017,0.041,0.017,0.077,0.049,0.043,0.045,0.052,0.027,0.078,0.059,0.057,0.033,0.057,0.026,0.025,0.043,0.062,0.024,0.075,0.056,0.071,0.050,0.042,0.050,0.086,0.048,0.051,0.025,0.046,0.087,0.056,0.021,0.078,0.032,0.032,0.095,0.039,0.051,0.029,0.040,0.023,0.033,0.020,0.022,0.129,0.024,0.037,0.070,0.108,0.023,0.061,0.041,0.037,0.054,0.062,0.048,0.038,0.037,0.029,0.038,0.064,0.011,0.070,0.041,0.064,0.027,0.027,0.115,0.049,0.091,0.041,0.027,0.027,0.112,0.021,0.082,0.113,0.052,0.075,0.037,0.046,0.001,0.020,0.020,0.016,0.063,0.076,0.040,0.077,0.048,0.058,0.078,0.057,0.126,0.064,0.035,0.014,0.024,0.027,0.018,0.051,0.049,0.068,0.044,0.078,0.045,0.099,0.066,0.046,0.039,0.036,0.049,0.053,0.051,0.007,0.023,0.038,0.117,0.062,0.079,0.081,0.126,0.061,0.049,0.033,0.050,0.088,0.094,0.052,0.042,0.057,0.027,0.044,0.034,0.032,0.053,0.024,0.020,0.018,0.085,0.053,0.125,0.020,0.139,0.113,0.101,0.077,0.045,0.056,0.058,0.029,0.023,0.088,0.044,0.047,0.051,0.033,0.033,0.037,0.012,0.076,0.045,0.045,0.056,0.045,0.057,0.070,0.039,0.050,0.061,0.067,0.029,0.056,0.045,0.032,0.040,0.031,0.023,0.029,0.050,0.024,0.054,0.028,0.066,0.038,0.103,0.032,0.074,0.028,0.038,0.028,0.037,0.047,0.023,0.063,0.028,0.101,0.102,0.111,0.095,0.047,0.037,0.070,0.046,0.061,0.088,0.067,0.052,0.038,0.028,0.057,0.046,0.098,0.032,0.076
LP6005442-DNA_D10,0.068,0.048,0.059,0.055,0.060,0.084,0.097,0.067,0.060,0.079,0.065,0.074,0.067,0.088,0.071,0.091,0.074,0.128,0.090,0.028,0.046,0.082,0.073,0.046,0.062,0.098,0.059,0.102,0.057,0.059,0.071,0.088,0.065,0.076,0.088,0.067,0.057,0.076,0.077,0.044,0.080,0.053,0.054,0.123,0.029,0.094,0.076,0.059,0.065,0.033,0.074,0.075,0.069,0.045,0.069,0.102,0.072,0.044,0.087,0.050,0.084,0.062,0.059,0.036,0.093,0.060,0.044,0.082,0.088,0.117,0.074,0.037,0.051,0.032,0.050,0.045,0.059,0.061,0.082,0.057,0.012,0.075,0.064,0.058,0.038,0.078,0.055,0.087,0.116,0.024,0.023,0.069,0.059,0.091,0.070,0.138,0.080,0.099,0.046,0.031,0.054,0.089,0.076,0.006,0.058,0.104,0.061,0.052,0.031,0.079,0.063,0.047,0.067,0.072,0.037,0.043,0.074,0.078,0.081,0.091,0.036,0.044,0.101,0.053,0.052,0.070,0.160,0.023,0.068,0.038,0.065,0.042,0.058,0.117,0.084,0.093,0.087,0.044,0.097,0.107,0.058,0.019,0.020,0.085,0.020,0.031,0.070,0.109,0.140,0.111,0.034,0.068,0.112,0.039,0.080,0.055,0.013,0.082,0.027,0.051,0.053,0.082,0.092,0.048,0.050,0.048,0.030,0.070,0.029,0.072,0.078,0.071,0.072,0.048,0.021,0.080,0.067,0.037,0.054,0.051,0.108,0.081,0.084,0.073,0.080,0.018,0.084,0.095,0.029,0.011,0.047,0.061,0.063,0.055,0.087,0.067,0.062,0.087,0.093,0.106,0.085,0.104,0.066,0.040,0.093,0.080,0.066,0.060,0.104,0.122,0.105,0.047,0.077,0.071,0.045,0.061,0.062,0.098,0.050,0.086,0.056,0.011,0.052,0.108,0.105,0.088,0.078,0.081,0.036,0.055,0.086,0.020,0.180,0.072,0.076,0.100,0.033,0.112,0.055,0.083,0.121,0.130,0.062,0.055,0.058,0.098,0.101,0.098,0.121,0.049,0.072,0.089,0.090,0.104,0.128,0.049,0.053,0.072,0.096,0.025,0.060,0.089,0.079,0.101,0.032,0.090,0.065,0.029,0.050,0.061,0.077,0.024,0.056,0.073,0.053,0.043,0.041,0.075,0.028,0.041,0.085,0.095,0.011,0.008,0.060,0.044,0.095,0.031,0.071,0.025,0.059,0.118,0.032,0.085,0.099,0.012,0.034,0.041,0.055,0.043,0.078,0.071,0.080,0.022,0.058,0.027,0.049,0.059,0.032,0.026,0.081,0.092,0.096,0.051,0.082,0.074,0.111,0.049,0.064,0.012,0.043,0.017,0.021,0.012,0.032,0.103,0.056,0.055,0.051,0.038,0.052,0.056,0.056,0.034,0.035,0.045,0.059,0.039,0.048,0.104,0.042,0.056,0.058,0.061,0.049,0.088,0.110,0.035,0.062,0.095,0.102,0.059,0.082,0.060,0.118,0.082,0.039,0.049,0.032,0.092,0.037,0.028,0.039,0.043,0.058,0.063,0.074,0.068,0.084,0.052,0.074,0.079,0.105,0.092,0.058,0.083,0.028,0.069,0.039,0.042,0.020,0.095,0.074,0.022,0.095,0.053,0.045,0.063,0.112,0.146,0.065,0.055,0.072,0.093,0.046,0.085,0.051,0.039,0.053,0.068,0.073,0.050,0.072,0.085,0.061,0.071,0.077,0.074,0.029,0.114,0.026,0.073,0.060,0.091,0.108,0.082,0.108,0.057,0.089,0.074,0.068,0.056,0.068,0.093,0.054,0.078,0.101,0.041,0.065,0.041,0.033,0.050,0.061,0.024,0.030,0.064,0.031,0.039,0.055
LP6005442-DNA_D11,0.074,0.084,0.130,0.030,0.041,0.044,0.148,0.116,0.130,0.076,0.073,0.158,0.066,0.082,0.078,0.110,0.121,0.070,0.073,0.096,0.096,0.112,0.063,0.085,0.138,0.092,0.058,0.070,0.075,0.079,0.051,0.074,0.056,0.095,0.078,0.097,0.040,0.077,0.066,0.036,0.084,0.055,0.084,0.030,0.062,0.042,0.086,0.106,0.070,0.090,0.069,0.057,0.056,0.071,0.075,0.102,0.061,0.084,0.085,0.088,0.071,0.056,0.065,0.148,0.070,0.068,0.091,0.100,0.049,0.130,0.083,0.096,0.106,0.046,0.100,0.078,0.065,0.107,0.094,0.096,0.088,0.145,0.055,0.019,0.028,0.005,0.024,0.091,0.057,0.024,0.059,0.038,0.009,0.017,0.078,0.105,0.106,0.015,0.024,0.018,0.017,0.069,0.052,0.000,0.107,0.011,0.023,0.015,0.018,0.046,0.033,0.060,0.094,0.056,0.007,0.101,0.030,0.017,0.026,0.123,0.017,0.004,0.066,0.018,0.062,0.044,0.033,0.038,0.013,0.062,0.046,0.022,0.091,0.056,0.069,0.105,0.043,0.010,0.107,0.046,0.066,0.007,0.001,0.015,0.034,0.001,0.028,0.061,0.068,0.078,0.015,0.022,0.072,0.025,0.012,0.025,0.054,0.038,0.018,0.018,0.016,0.054,0.022,0.013,0.064,0.013,0.014,0.026,0.021,0.022,0.114,0.031,0.147,0.070,0.020,0.012,0.031,0.027,0.075,0.019,0.117,0.023,0.058,0.036,0.070,0.015,0.039,0.048,0.094,0.015,0.014,0.019,0.035,0.040,0.110,0.064,0.023,0.043,0.061,0.044,0.087,0.104,0.024,0.018,0.047,0.030,0.042,0.082,0.076,0.048,0.069,0.019,0.089,0.063,0.016,0.078,0.048,0.092,0.066,0.021,0.026,0.031,0.030,0.092,0.054,0.067,0.026,0.068,0.102,0.029,0.040,0.096,0.042,0.079,0.035,0.073,0.026,0.076,0.048,0.040,0.020,0.053,0.028,0.051,0.033,0.044,0.146,0.025,0.024,0.069,0.071,0.033,0.037,0.067,0.069,0.007,0.081,0.074,0.059,0.048,0.052,0.104,0.076,0.045,0.021,0.057,0.017,0.042,0.026,0.107,0.028,0.014,0.019,0.033,0.066,0.036,0.048,0.124,0.022,0.018,0.095,0.105,0.057,0.074,0.027,0.023,0.007,0.015,0.038,0.016,0.039,0.044,0.071,0.090,0.121,0.002,0.036,0.011,0.067,0.035,0.074,0.048,0.024,0.009,0.083,0.025,0.044,0.007,0.015,0.046,0.028,0.020,0.042,0.005,0.059,0.036,0.070,0.009,0.007,0.020,0.043,0.018,0.058,0.035,0.015,0.101,0.059,0.107,0.036,0.037,0.062,0.057,0.058,0.038,0.097,0.135,0.066,0.081,0.102,0.134,0.106,0.045,0.048,0.067,0.065,0.050,0.115,0.093,0.138,0.108,0.123,0.166,0.122,0.166,0.081,0.132,0.111,0.051,0.048,0.114,0.063,0.148,0.069,0.080,0.059,0.048,0.086,0.046,0.019,0.102,0.067,0.077,0.088,0.095,0.102,0.107,0.071,0.045,0.089,0.055,0.125,0.072,0.071,0.054,0.055,0.094,0.114,0.087,0.072,0.087,0.097,0.101,0.070,0.132,0.072,0.078,0.073,0.101,0.060,0.133,0.112,0.108,0.069,0.107,0.110,0.019,0.128,0.087,0.019,0.029,0.038,0.076,0.091,0.099,0.062,0.101,0.110,0.090,0.075,0.070,0.115,0.124,0.088,0.063,0.099,0.120,0.033,0.059,0.075,0.043,0.035,0.024,0.064,0.071,0.028,0.082,0.052,0.073,0.066
LP6005442-DNA_E04,0.074,0.080,0.061,0.069,0.077,0.036,0.058,0.033,0.055,0.052,0.036,0.052,0.035,0.088,0.021,0.067,0.015,0.081,0.088,0.041,0.073,0.072,0.055,0.071,0.093,0.113,0.032,0.046,0.029,0.031,0.054,0.060,0.113,0.116,0.073,0.060,0.033,0.072,0.092,0.077,0.053,0.016,0.074,0.124,0.072,0.057,0.038,0.051,0.037,0.048,0.075,0.073,0.067,0.085,0.085,0.043,0.055,0.046,0.070,0.055,0.028,0.064,0.036,0.060,0.020,0.064,0.093,0.041,0.071,0.040,0.083,0.058,0.028,0.032,0.045,0.049,0.027,0.069,0.084,0.041,0.068,0.048,0.026,0.042,0.091,0.018,0.036,0.083,0.063,0.100,0.043,0.074,0.079,0.035,0.030,0.089,0.064,0.072,0.094,0.075,0.063,0.037,0.077,0.097,0.042,0.091,0.097,0.090,0.052,0.116,0.049,0.042,0.027,0.036,0.118,0.007,0.126,0.133,0.034,0.012,0.040,0.032,0.077,0.107,0.007,0.054,0.097,0.082,0.077,0.017,0.016,0.075,0.103,0.049,0.037,0.037,0.071,0.061,0.078,0.090,0.112,0.043,0.069,0.055,0.029,0.062,0.043,0.035,0.098,0.074,0.099,0.099,0.064,0.086,0.053,0.034,0.045,0.056,0.081,0.159,0.062,0.023,0.094,0.060,0.051,0.055,0.076,0.004,0.066,0.075,0.043,0.164,0.046,0.001,0.051,0.065,0.065,0.043,0.040,0.090,0.108,0.104,0.071,0.038,0.001,0.057,0.070,0.077,0.053,0.015,0.030,0.086,0.038,0.020,0.037,0.040,0.077,0.196,0.041,0.160,0.093,0.037,0.097,0.094,0.098,0.037,0.065,0.043,0.066,0.068,0.067,0.088,0.051,0.074,0.100,0.065,0.060,0.013,0.036,0.085,0.080,0.052,0.089,0.041,0.061,0.007,0.058,0.042,0.060,0.050,0.021,0.030,0.114,0.028,0.061,0.054,0.076,0.040,0.048,0.034,0.136,0.110,0.088,0.029,0.076,0.039,0.050,0.070,0.020,0.049,0.038,0.078,0.032,0.091,0.077,0.018,0.074,0.042,0.037,0.082,0.033,0.070,0.050,0.137,0.057,0.071,0.058,0.026,0.059,0.052,0.062,0.018,0.058,0.019,0.080,0.052,0.080,0.059,0.194,0.151,0.019,0.078,0.033,0.127,0.045,0.053,0.050,0.025,0.058,0.042,0.070,0.021,0.030,0.067,0.093,0.087,0.054,0.106,0.046,0.169,0.053,0.045,0.148,0.037,0.036,0.047,0.014,0.042,0.043,0.149,0.050,0.108,0.058,0.144,0.032,0.091,0.073,0.054,0.076,0.003,0.076,0.033,0.081,0.117,0.091,0.050,0.090,0.102,0.064,0.039,0.085,0.054,0.056,0.066,0.030,0.038,0.040,0.041,0.013,0.089,0.030,0.114,0.041,0.066,0.058,0.050,0.060,0.065,0.031,0.073,0.036,0.034,0.061,0.053,0.043,0.076,0.041,0.059,0.051,0.080,0.023,0.033,0.019,0.070,0.028,0.064,0.087,0.033,0.079,0.044,0.074,0.065,0.064,0.080,0.040,0.059,0.057,0.039,0.029,0.074,0.053,0.081,0.117,0.045,0.067,0.076,0.075,0.041,0.062,0.081,0.060,0.047,0.023,0.031,0.035,0.035,0.044,0.060,0.042,0.096,0.052,0.087,0.072,0.044,0.051,0.052,0.036,0.060,0.036,0.078,0.020,0.028,0.051,0.038,0.093,0.068,0.049,0.084,0.063,0.118,0.040,0.045,0.031,0.057,0.081,0.068,0.086,0.052,0.077,0.077,0.053,0.056,0.050,0.046,0.064,0.062,0.048,0.046,0.060
LP6005442-DNA_E07,0.093,0.047,0.087,0.074,0.148,0.074,0.099,0.136,0.083,0.121,0.108,0.090,0.056,0.119,0.046,0.128,0.046,0.093,0.108,0.174,0.075,0.084,0.121,0.114,0.082,0.082,0.089,0.107,0.095,0.148,0.162,0.075,0.066,0.092,0.075,0.122,0.078,0.070,0.090,0.116,0.153,0.095,0.052,0.054,0.045,0.057,0.052,0.043,0.038,0.041,0.064,0.052,0.042,0.054,0.054,0.051,0.076,0.049,0.054,0.077,0.050,0.052,0.070,0.066,0.065,0.059,0.068,0.072,0.114,0.109,0.109,0.105,0.061,0.063,0.099,0.086,0.092,0.094,0.104,0.131,0.132,0.071,0.079,0.032,0.048,0.020,0.011,0.064,0.078,0.038,0.100,0.060,0.026,0.029,0.095,0.144,0.044,0.068,0.035,0.037,0.022,0.105,0.077,0.020,0.097,0.026,0.020,0.017,0.017,0.034,0.055,0.131,0.108,0.100,0.016,0.079,0.038,0.034,0.004,0.094,0.012,0.019,0.067,0.010,0.076,0.067,0.057,0.011,0.033,0.078,0.068,0.026,0.094,0.117,0.076,0.066,0.106,0.018,0.120,0.068,0.053,0.009,0.004,0.036,0.044,0.027,0.068,0.068,0.066,0.089,0.016,0.021,0.044,0.031,0.020,0.034,0.013,0.060,0.043,0.013,0.032,0.102,0.019,0.012,0.074,0.025,0.031,0.021,0.014,0.039,0.126,0.012,0.156,0.047,0.006,0.017,0.019,0.032,0.086,0.031,0.167,0.023,0.110,0.080,0.077,0.007,0.032,0.071,0.059,0.021,0.019,0.044,0.043,0.048,0.112,0.066,0.028,0.039,0.073,0.077,0.092,0.099,0.035,0.011,0.161,0.052,0.080,0.109,0.105,0.103,0.066,0.022,0.099,0.041,0.032,0.102,0.036,0.098,0.093,0.048,0.047,0.080,0.031,0.095,0.062,0.066,0.035,0.102,0.049,0.048,0.079,0.070,0.093,0.050,0.070,0.119,0.031,0.052,0.149,0.066,0.055,0.069,0.050,0.054,0.028,0.081,0.127,0.061,0.046,0.083,0.045,0.057,0.058,0.093,0.071,0.012,0.066,0.031,0.056,0.027,0.048,0.058,0.085,0.046,0.039,0.098,0.032,0.047,0.023,0.064,0.080,0.069,0.053,0.031,0.108,0.049,0.072,0.141,0.050,0.035,0.135,0.074,0.018,0.038,0.062,0.037,0.029,0.038,0.025,0.024,0.032,0.055,0.064,0.069,0.149,0.032,0.023,0.023,0.065,0.004,0.089,0.108,0.023,0.025,0.063,0.000,0.095,0.024,0.025,0.075,0.024,0.041,0.082,0.015,0.076,0.054,0.062,0.016,0.021,0.026,0.034,0.040,0.059,0.030,0.044,0.160,0.080,0.051,0.045,0.031,0.055,0.036,0.022,0.066,0.115,0.129,0.108,0.068,0.096,0.107,0.126,0.058,0.071,0.057,0.058,0.100,0.091,0.038,0.103,0.113,0.211,0.183,0.135,0.055,0.154,0.162,0.082,0.055,0.057,0.150,0.085,0.123,0.070,0.072,0.040,0.054,0.059,0.058,0.048,0.104,0.077,0.070,0.065,0.103,0.076,0.134,0.094,0.097,0.133,0.086,0.106,0.123,0.122,0.041,0.100,0.160,0.136,0.146,0.035,0.170,0.078,0.134,0.082,0.142,0.080,0.156,0.078,0.096,0.091,0.216,0.107,0.106,0.085,0.155,0.113,0.044,0.119,0.055,0.027,0.077,0.059,0.077,0.065,0.120,0.174,0.172,0.198,0.091,0.143,0.188,0.070,0.074,0.156,0.070,0.084,0.176,0.123,0.139,0.129,0.096,0.098,0.114,0.094,0.129,0.108,0.092,0.140,0.045,0.065
LP6005442-DNA_E10,0.036,0.011,0.039,0.127,0.010,0.053,0.077,0.072,0.022,0.032,0.059,0.024,0.048,0.093,0.076,0.048,0.089,0.137,0.054,0.019,0.061,0.070,0.043,0.120,0.049,0.059,0.026,0.070,0.067,0.058,0.073,0.050,0.109,0.081,0.109,0.034,0.039,0.069,0.063,0.095,0.099,0.058,0.056,0.075,0.036,0.144,0.035,0.076,0.111,0.064,0.048,0.077,0.155,0.053,0.067,0.075,0.143,0.055,0.080,0.076,0.047,0.131,0.092,0.116,0.046,0.074,0.093,0.049,0.117,0.136,0.069,0.088,0.077,0.106,0.084,0.053,0.056,0.049,0.009,0.054,0.078,0.055,0.046,0.047,0.037,0.131,0.072,0.163,0.109,0.067,0.077,0.048,0.075,0.053,0.002,0.053,0.065,0.118,0.091,0.080,0.031,0.025,0.155,0.066,0.059,0.118,0.043,0.071,0.047,0.184,0.066,0.152,0.008,0.050,0.023,0.054,0.080,0.085,0.128,0.026,0.046,0.058,0.107,0.040,0.043,0.065,0.111,0.028,0.060,0.040,0.125,0.060,0.047,0.119,0.136,0.105,0.045,0.113,0.062,0.079,0.095,0.061,0.059,0.059,0.075,0.065,0.054,0.063,0.074,0.084,0.107,0.050,0.125,0.069,0.082,0.062,0.032,0.089,0.066,0.133,0.057,0.103,0.178,0.121,0.061,0.035,0.091,0.112,0.053,0.086,0.140,0.087,0.064,0.059,0.054,0.121,0.120,0.091,0.054,0.073,0.061,0.076,0.106,0.069,0.078,0.040,0.081,0.110,0.046,0.056,0.032,0.071,0.110,0.081,0.123,0.096,0.094,0.103,0.137,0.139,0.035,0.081,0.066,0.069,0.054,0.024,0.068,0.079,0.083,0.031,0.051,0.038,0.054,0.053,0.041,0.087,0.042,0.032,0.058,0.116,0.052,0.117,0.016,0.010,0.083,0.088,0.032,0.150,0.051,0.055,0.028,0.067,0.067,0.026,0.082,0.021,0.046,0.074,0.068,0.050,0.028,0.029,0.079,0.027,0.065,0.049,0.044,0.108,0.102,0.119,0.079,0.074,0.028,0.123,0.105,0.049,0.084,0.106,0.053,0.093,0.074,0.097,0.105,0.043,0.054,0.092,0.042,0.039,0.079,0.011,0.092,0.022,0.087,0.120,0.080,0.029,0.084,0.087,0.162,0.054,0.051,0.065,0.026,0.103,0.073,0.083,0.085,0.072,0.062,0.012,0.113,0.124,0.046,0.054,0.092,0.017,0.018,0.039,0.090,0.058,0.075,0.033,0.011,0.028,0.063,0.035,0.033,0.066,0.035,0.063,0.056,0.072,0.074,0.039,0.051,0.152,0.146,0.064,0.062,0.041,0.063,0.043,0.046,0.106,0.076,0.041,0.071,0.134,0.060,0.061,0.071,0.091,0.116,0.018,0.162,0.037,0.076,0.074,0.025,0.057,0.046,0.076,0.042,0.059,0.055,0.142,0.104,0.041,0.093,0.056,0.111,0.117,0.101,0.098,0.051,0.062,0.060,0.073,0.044,0.042,0.021,0.038,0.033,0.091,0.045,0.137,0.015,0.132,0.072,0.089,0.076,0.094,0.071,0.042,0.017,0.067,0.070,0.079,0.095,0.043,0.058,0.132,0.026,0.019,0.071,0.039,0.049,0.021,0.056,0.015,0.070,0.134,0.101,0.091,0.096,0.100,0.095,0.120,0.060,0.084,0.048,0.104,0.104,0.049,0.052,0.126,0.046,0.051,0.031,0.111,0.020,0.071,0.054,0.042,0.045,0.075,0.095,0.071,0.082,0.091,0.034,0.159,0.116,0.127,0.103,0.053,0.077,0.035,0.085,0.063,0.031,0.132,0.021,0.022,0.061,0.074,0.067,0.073,0.079
LP6005442-DNA_E12,0.030,0.047,0.051,0.037,0.074,0.042,0.042,0.049,0.033,0.046,0.027,0.046,0.027,0.053,0.038,0.032,0.031,0.088,0.073,0.111,0.063,0.049,0.029,0.065,0.054,0.067,0.057,0.065,0.067,0.061,0.083,0.053,0.112,0.058,0.042,0.133,0.028,0.071,0.052,0.065,0.033,0.061,0.042,0.040,0.061,0.081,0.047,0.046,0.033,0.025,0.029,0.043,0.089,0.112,0.035,0.062,0.048,0.058,0.067,0.058,0.045,0.060,0.037,0.040,0.038,0.029,0.062,0.077,0.054,0.069,0.058,0.033,0.055,0.090,0.060,0.035,0.039,0.073,0.068,0.089,0.068,0.055,0.039,0.034,0.031,0.045,0.047,0.099,0.043,0.020,0.050,0.027,0.018,0.035,0.042,0.085,0.056,0.042,0.024,0.035,0.037,0.057,0.108,0.021,0.097,0.037,0.027,0.021,0.018,0.019,0.018,0.078,0.098,0.046,0.016,0.056,0.020,0.022,0.010,0.051,0.017,0.070,0.048,0.035,0.081,0.100,0.058,0.018,0.059,0.095,0.037,0.031,0.047,0.126,0.092,0.083,0.061,0.014,0.076,0.060,0.060,0.006,0.009,0.021,0.015,0.012,0.044,0.113,0.071,0.060,0.012,0.023,0.029,0.091,0.022,0.012,0.023,0.048,0.021,0.014,0.019,0.107,0.024,0.021,0.056,0.013,0.016,0.026,0.020,0.014,0.052,0.022,0.029,0.057,0.018,0.026,0.025,0.027,0.032,0.020,0.110,0.032,0.104,0.078,0.147,0.011,0.041,0.128,0.053,0.021,0.040,0.032,0.023,0.016,0.175,0.055,0.041,0.035,0.087,0.039,0.127,0.093,0.059,0.014,0.086,0.054,0.075,0.041,0.063,0.094,0.107,0.029,0.052,0.039,0.012,0.105,0.040,0.105,0.138,0.049,0.058,0.076,0.039,0.101,0.085,0.118,0.057,0.127,0.046,0.038,0.030,0.047,0.074,0.032,0.037,0.061,0.032,0.059,0.078,0.086,0.071,0.068,0.055,0.044,0.012,0.067,0.059,0.082,0.070,0.121,0.050,0.052,0.075,0.049,0.133,0.016,0.052,0.032,0.056,0.035,0.063,0.106,0.075,0.025,0.031,0.055,0.036,0.043,0.033,0.041,0.050,0.046,0.021,0.024,0.045,0.034,0.085,0.083,0.030,0.022,0.090,0.050,0.025,0.018,0.039,0.019,0.035,0.043,0.016,0.013,0.062,0.047,0.053,0.063,0.054,0.017,0.014,0.039,0.169,0.015,0.090,0.060,0.020,0.016,0.088,0.006,0.082,0.014,0.001,0.069,0.045,0.057,0.073,0.040,0.059,0.049,0.054,0.042,0.032,0.023,0.021,0.023,0.037,0.022,0.044,0.084,0.035,0.137,0.051,0.088,0.040,0.032,0.070,0.094,0.105,0.047,0.082,0.058,0.070,0.107,0.074,0.061,0.034,0.039,0.026,0.060,0.056,0.031,0.042,0.086,0.127,0.082,0.039,0.091,0.066,0.062,0.032,0.043,0.025,0.039,0.047,0.047,0.039,0.044,0.039,0.097,0.042,0.054,0.040,0.055,0.044,0.120,0.037,0.090,0.039,0.089,0.064,0.037,0.039,0.045,0.036,0.071,0.049,0.045,0.050,0.118,0.088,0.058,0.040,0.061,0.041,0.072,0.044,0.038,0.052,0.058,0.059,0.029,0.058,0.082,0.055,0.050,0.043,0.091,0.040,0.056,0.055,0.027,0.008,0.044,0.019,0.056,0.058,0.036,0.102,0.084,0.083,0.061,0.056,0.095,0.031,0.051,0.059,0.058,0.045,0.102,0.071,0.093,0.048,0.070,0.049,0.052,0.078,0.075,0.049,0.056,0.096,0.047,0.051
LP6005442-DNA_F01,0.079,0.040,0.078,0.071,0.079,0.048,0.087,0.042,0.097,0.098,0.059,0.047,0.077,0.051,0.042,0.069,0.062,0.049,0.070,0.075,0.062,0.032,0.078,0.068,0.059,0.083,0.092,0.110,0.073,0.056,0.059,0.057,0.064,0.054,0.063,0.097,0.039,0.075,0.059,0.101,0.091,0.058,0.067,0.104,0.054,0.087,0.142,0.044,0.050,0.046,0.083,0.094,0.042,0.104,0.105,0.051,0.073,0.117,0.101,0.073,0.116,0.081,0.087,0.102,0.072,0.054,0.086,0.079,0.050,0.083,0.131,0.080,0.115,0.108,0.120,0.076,0.044,0.052,0.037,0.116,0.105,0.092,0.035,0.023,0.049,0.031,0.008,0.058,0.118,0.009,0.082,0.066,0.044,0.028,0.042,0.103,0.053,0.058,0.009,0.025,0.038,0.064,0.078,0.015,0.048,0.050,0.042,0.020,0.007,0.028,0.031,0.106,0.070,0.071,0.010,0.079,0.031,0.027,0.015,0.073,0.005,0.021,0.055,0.015,0.047,0.066,0.064,0.009,0.027,0.084,0.071,0.020,0.123,0.096,0.094,0.079,0.082,0.039,0.090,0.101,0.073,0.008,0.006,0.062,0.027,0.034,0.031,0.091,0.104,0.086,0.011,0.006,0.036,0.025,0.039,0.024,0.001,0.044,0.049,0.006,0.039,0.063,0.060,0.038,0.079,0.017,0.015,0.035,0.024,0.014,0.052,0.020,0.067,0.129,0.001,0.016,0.026,0.023,0.029,0.012,0.087,0.029,0.085,0.183,0.088,0.002,0.036,0.064,0.030,0.016,0.037,0.010,0.061,0.055,0.058,0.050,0.038,0.018,0.123,0.062,0.075,0.143,0.075,0.015,0.099,0.031,0.081,0.067,0.032,0.087,0.139,0.017,0.107,0.093,0.018,0.080,0.044,0.170,0.102,0.066,0.087,0.047,0.029,0.131,0.088,0.093,0.065,0.091,0.039,0.090,0.072,0.064,0.083,0.037,0.030,0.093,0.020,0.081,0.062,0.067,0.028,0.066,0.072,0.044,0.017,0.073,0.073,0.127,0.049,0.061,0.062,0.086,0.049,0.075,0.110,0.022,0.092,0.058,0.062,0.017,0.038,0.082,0.070,0.023,0.045,0.059,0.007,0.028,0.016,0.043,0.074,0.040,0.027,0.010,0.051,0.031,0.061,0.095,0.032,0.050,0.065,0.093,0.024,0.035,0.040,0.023,0.027,0.005,0.046,0.012,0.036,0.050,0.103,0.063,0.059,0.009,0.015,0.020,0.083,0.012,0.101,0.102,0.007,0.020,0.096,0.011,0.069,0.008,0.016,0.048,0.040,0.028,0.043,0.037,0.068,0.117,0.114,0.010,0.018,0.024,0.033,0.049,0.102,0.037,0.029,0.065,0.113,0.089,0.061,0.082,0.072,0.152,0.018,0.056,0.100,0.131,0.074,0.098,0.113,0.043,0.087,0.058,0.104,0.046,0.103,0.134,0.065,0.084,0.107,0.083,0.102,0.069,0.066,0.076,0.030,0.083,0.046,0.046,0.040,0.109,0.062,0.090,0.054,0.103,0.077,0.056,0.084,0.082,0.095,0.037,0.111,0.079,0.046,0.096,0.046,0.067,0.050,0.046,0.047,0.055,0.052,0.060,0.053,0.075,0.069,0.055,0.024,0.043,0.082,0.071,0.108,0.051,0.059,0.095,0.067,0.059,0.071,0.040,0.045,0.071,0.053,0.041,0.075,0.051,0.040,0.046,0.164,0.073,0.009,0.078,0.036,0.082,0.059,0.045,0.048,0.075,0.149,0.054,0.055,0.086,0.051,0.088,0.052,0.078,0.078,0.063,0.104,0.075,0.052,0.033,0.058,0.055,0.046,0.028,0.068,0.076,0.113,0.091,0.122
LP6005442-DNA_F02,0.052,0.051,0.042,0.060,0.063,0.058,0.117,0.035,0.063,0.052,0.054,0.030,0.102,0.055,0.046,0.063,0.066,0.079,0.070,0.066,0.058,0.052,0.063,0.044,0.064,0.053,0.058,0.095,0.041,0.034,0.041,0.097,0.068,0.040,0.070,0.071,0.036,0.042,0.059,0.075,0.047,0.058,0.046,0.079,0.044,0.078,0.049,0.030,0.047,0.031,0.056,0.048,0.058,0.046,0.024,0.048,0.050,0.028,0.051,0.090,0.074,0.039,0.037,0.029,0.058,0.045,0.064,0.071,0.049,0.061,0.089,0.043,0.073,0.056,0.065,0.046,0.049,0.075,0.083,0.056,0.051,0.050,0.058,0.030,0.024,0.030,0.010,0.078,0.053,0.025,0.035,0.045,0.016,0.019,0.077,0.104,0.043,0.045,0.018,0.038,0.026,0.061,0.103,0.025,0.132,0.035,0.023,0.011,0.026,0.022,0.018,0.102,0.172,0.118,0.015,0.044,0.024,0.032,0.002,0.074,0.009,0.080,0.070,0.010,0.090,0.078,0.077,0.010,0.040,0.099,0.049,0.021,0.036,0.086,0.103,0.062,0.079,0.012,0.093,0.058,0.063,0.001,0.011,0.043,0.023,0.027,0.034,0.118,0.083,0.050,0.009,0.010,0.035,0.034,0.023,0.034,0.009,0.027,0.019,0.007,0.035,0.090,0.021,0.023,0.051,0.020,0.024,0.023,0.008,0.027,0.061,0.018,0.050,0.125,0.001,0.013,0.011,0.028,0.056,0.000,0.077,0.022,0.136,0.081,0.089,0.008,0.019,0.070,0.041,0.047,0.025,0.016,0.035,0.034,0.137,0.088,0.037,0.019,0.080,0.067,0.138,0.164,0.042,0.012,0.065,0.051,0.040,0.061,0.067,0.082,0.104,0.016,0.058,0.049,0.024,0.114,0.078,0.088,0.127,0.029,0.067,0.065,0.010,0.151,0.099,0.102,0.048,0.121,0.045,0.044,0.051,0.064,0.063,0.068,0.044,0.086,0.020,0.050,0.110,0.058,0.040,0.064,0.059,0.078,0.011,0.065,0.081,0.073,0.059,0.079,0.060,0.086,0.092,0.062,0.095,0.009,0.063,0.041,0.075,0.027,0.049,0.081,0.064,0.014,0.028,0.094,0.021,0.034,0.007,0.044,0.090,0.023,0.027,0.024,0.054,0.025,0.058,0.081,0.023,0.028,0.077,0.053,0.020,0.008,0.035,0.011,0.023,0.019,0.013,0.017,0.047,0.046,0.057,0.033,0.041,0.010,0.039,0.016,0.122,0.009,0.123,0.122,0.009,0.014,0.064,0.003,0.170,0.011,0.014,0.045,0.015,0.041,0.066,0.026,0.076,0.063,0.075,0.015,0.010,0.024,0.035,0.030,0.032,0.011,0.041,0.079,0.050,0.057,0.054,0.035,0.052,0.066,0.053,0.073,0.094,0.043,0.054,0.045,0.066,0.066,0.051,0.034,0.068,0.045,0.046,0.044,0.061,0.050,0.059,0.107,0.114,0.093,0.078,0.071,0.068,0.075,0.043,0.049,0.026,0.040,0.069,0.035,0.046,0.021,0.058,0.050,0.023,0.034,0.017,0.029,0.058,0.087,0.045,0.106,0.067,0.062,0.040,0.093,0.050,0.046,0.039,0.038,0.032,0.047,0.054,0.035,0.038,0.042,0.037,0.046,0.042,0.096,0.052,0.066,0.041,0.079,0.095,0.036,0.061,0.055,0.068,0.068,0.059,0.082,0.089,0.032,0.135,0.024,0.006,0.038,0.024,0.085,0.036,0.081,0.083,0.047,0.074,0.063,0.089,0.052,0.026,0.047,0.037,0.042,0.033,0.041,0.073,0.062,0.050,0.055,0.054,0.070,0.055,0.073,0.023,0.046,0.022,0.045,0.055
LP6005442-DNA_F04,0.023,0.047,0.045,0.011,0.025,0.036,0.045,0.045,0.094,0.017,0.023,0.043,0.068,0.027,0.032,0.023,0.059,0.021,0.005,0.057,0.014,0.020,0.006,0.025,0.004,0.005,0.006,0.032,0.031,0.041,0.006,0.013,0.024,0.040,0.008,0.014,0.009,0.014,0.002,0.008,0.057,0.076,0.079,0.044,0.028,0.089,0.036,0.093,0.064,0.056,0.029,0.036,0.031,0.031,0.077,0.067,0.068,0.082,0.063,0.042,0.019,0.056,0.025,0.092,0.060,0.026,0.050,0.036,0.048,0.033,0.008,0.042,0.007,0.057,0.033,0.069,0.006,0.015,0.010,0.007,0.024,0.029,0.044,0.045,0.041,0.037,0.067,0.059,0.050,0.076,0.012,0.058,0.018,0.101,0.016,0.028,0.095,0.058,0.063,0.047,0.125,0.001,0.005,0.142,0.011,0.072,0.063,0.027,0.067,0.090,0.056,0.004,0.043,0.010,0.085,0.070,0.044,0.030,0.041,0.035,0.071,0.030,0.030,0.224,0.010,0.018,0.063,0.029,0.113,0.010,0.074,0.170,0.033,0.030,0.113,0.012,0.008,0.062,0.030,0.072,0.043,0.043,0.025,0.026,0.033,0.114,0.009,0.027,0.068,0.047,0.045,0.054,0.090,0.032,0.062,0.062,0.177,0.035,0.010,0.109,0.036,0.023,0.053,0.083,0.016,0.077,0.058,0.059,0.037,0.039,0.015,0.038,0.004,0.001,0.021,0.074,0.176,0.012,0.032,0.039,0.017,0.035,0.025,0.004,0.019,0.374,0.046,0.016,0.018,0.033,0.048,0.142,0.049,0.048,0.037,0.003,0.094,0.093,0.038,0.063,0.034,0.018,0.044,0.105,0.023,0.049,0.090,0.027,0.038,0.016,0.012,0.067,0.018,0.070,0.122,0.040,0.093,0.029,0.004,0.047,0.062,0.069,0.187,0.036,0.092,0.079,0.051,0.008,0.098,0.031,0.058,0.016,0.022,0.068,0.024,0.002,0.094,0.091,0.025,0.057,0.045,0.063,0.033,0.032,0.018,0.065,0.008,0.074,0.067,0.026,0.097,0.053,0.071,0.055,0.054,0.031,0.045,0.041,0.041,0.047,0.036,0.039,0.049,0.049,0.023,0.005,0.017,0.053,0.027,0.018,0.029,0.190,0.029,0.069,0.035,0.079,0.005,0.040,0.023,0.086,0.040,0.054,0.034,0.019,0.038,0.009,0.107,0.112,0.096,0.053,0.058,0.073,0.056,0.081,0.021,0.108,0.080,0.061,0.001,0.077,0.005,0.046,0.056,0.017,0.037,0.069,0.018,0.038,0.019,0.026,0.083,0.037,0.081,0.130,0.074,0.020,0.081,0.042,0.055,0.005,0.042,0.011,0.010,0.009,0.038,0.010,0.065,0.097,0.066,0.042,0.083,0.041,0.045,0.024,0.023,0.039,0.007,0.044,0.022,0.003,0.020,0.029,0.028,0.087,0.084,0.059,0.083,0.053,0.004,0.019,0.006,0.027,0.020,0.016,0.053,0.028,0.011,0.030,0.002,0.025,0.003,0.023,0.008,0.076,0.045,0.078,0.021,0.065,0.066,0.061,0.028,0.064,0.044,0.034,0.009,0.056,0.040,0.039,0.002,0.043,0.006,0.018,0.052,0.006,0.042,0.035,0.016,0.003,0.035,0.018,0.020,0.050,0.010,0.007,0.010,0.024,0.017,0.003,0.023,0.008,0.035,0.006,0.013,0.016,0.020,0.054,0.008,0.063,0.013,0.094,0.040,0.096,0.051,0.020,0.021,0.001,0.044,0.018,0.009,0.010,0.058,0.010,0.020,0.010,0.035,0.020,0.042,0.036,0.013,0.043,0.068,0.041,0.021,0.034,0.044,0.069,0.016,0.040,0.043
LP6005442-DNA_F10,0.132,0.141,0.108,0.138,0.081,0.102,0.036,0.169,0.182,0.109,0.105,0.073,0.091,0.104,0.070,0.161,0.085,0.133,0.105,0.133,0.124,0.069,0.060,0.127,0.140,0.127,0.064,0.073,0.059,0.061,0.115,0.077,0.075,0.112,0.108,0.092,0.018,0.065,0.053,0.039,0.118,0.103,0.135,0.102,0.086,0.110,0.080,0.170,0.110,0.150,0.093,0.081,0.103,0.082,0.203,0.117,0.134,0.186,0.099,0.137,0.080,0.081,0.162,0.169,0.140,0.143,0.114,0.157,0.113,0.143,0.115,0.145,0.169,0.102,0.148,0.054,0.103,0.084,0.031,0.057,0.063,0.036,0.015,0.077,0.112,0.129,0.088,0.198,0.129,0.089,0.071,0.084,0.104,0.076,0.015,0.092,0.147,0.099,0.061,0.107,0.100,0.031,0.047,0.063,0.102,0.049,0.104,0.086,0.009,0.183,0.038,0.112,0.073,0.035,0.045,0.085,0.111,0.147,0.052,0.125,0.034,0.104,0.079,0.024,0.137,0.089,0.135,0.059,0.073,0.052,0.051,0.009,0.035,0.075,0.088,0.041,0.079,0.106,0.080,0.107,0.080,0.119,0.019,0.117,0.040,0.071,0.052,0.065,0.097,0.060,0.039,0.061,0.107,0.119,0.102,0.031,0.034,0.054,0.098,0.075,0.097,0.142,0.142,0.156,0.079,0.028,0.099,0.017,0.100,0.060,0.024,0.071,0.092,0.020,0.050,0.063,0.143,0.071,0.095,0.077,0.100,0.104,0.120,0.112,0.043,0.052,0.166,0.052,0.049,0.051,0.089,0.076,0.115,0.034,0.048,0.038,0.143,0.128,0.066,0.087,0.109,0.037,0.073,0.069,0.108,0.145,0.059,0.078,0.106,0.052,0.063,0.091,0.080,0.143,0.087,0.063,0.045,0.130,0.060,0.117,0.157,0.078,0.068,0.038,0.083,0.058,0.041,0.132,0.066,0.083,0.023,0.011,0.174,0.097,0.081,0.094,0.090,0.086,0.073,0.081,0.101,0.127,0.173,0.057,0.039,0.089,0.066,0.122,0.118,0.062,0.048,0.040,0.042,0.142,0.105,0.084,0.165,0.060,0.057,0.062,0.022,0.139,0.080,0.059,0.048,0.099,0.026,0.108,0.057,0.041,0.120,0.045,0.116,0.024,0.115,0.106,0.143,0.124,0.133,0.055,0.094,0.074,0.032,0.126,0.045,0.092,0.077,0.036,0.179,0.029,0.090,0.083,0.042,0.091,0.104,0.038,0.036,0.085,0.069,0.048,0.110,0.034,0.021,0.094,0.006,0.010,0.008,0.075,0.040,0.080,0.105,0.045,0.124,0.091,0.038,0.132,0.166,0.030,0.092,0.065,0.029,0.058,0.118,0.046,0.022,0.129,0.167,0.117,0.095,0.063,0.138,0.121,0.042,0.087,0.081,0.059,0.095,0.090,0.016,0.059,0.114,0.192,0.177,0.093,0.161,0.182,0.163,0.105,0.031,0.141,0.151,0.198,0.121,0.071,0.041,0.086,0.071,0.079,0.062,0.123,0.064,0.056,0.041,0.161,0.085,0.109,0.139,0.092,0.121,0.159,0.151,0.000,0.047,0.026,0.094,0.078,0.093,0.100,0.067,0.139,0.070,0.065,0.018,0.047,0.144,0.089,0.097,0.148,0.117,0.104,0.099,0.056,0.091,0.041,0.130,0.053,0.097,0.104,0.135,0.146,0.072,0.054,0.087,0.138,0.035,0.102,0.063,0.178,0.028,0.127,0.026,0.101,0.077,0.047,0.135,0.101,0.065,0.056,0.112,0.145,0.087,0.183,0.171,0.130,0.151,0.200,0.186,0.113,0.176,0.111,0.089,0.111,0.081,0.093,0.151,0.120,0.149,0.052,0.114
LP6005442-DNA_F12,0.035,0.021,0.044,0.070,0.086,0.082,0.053,0.123,0.041,0.073,0.059,0.045,0.049,0.045,0.046,0.080,0.056,0.091,0.053,0.025,0.057,0.034,0.039,0.020,0.046,0.093,0.036,0.054,0.029,0.022,0.031,0.033,0.088,0.034,0.034,0.058,0.030,0.054,0.031,0.044,0.066,0.031,0.045,0.040,0.064,0.061,0.050,0.026,0.080,0.070,0.031,0.039,0.062,0.045,0.025,0.027,0.052,0.025,0.033,0.049,0.033,0.047,0.107,0.026,0.022,0.072,0.043,0.027,0.082,0.059,0.088,0.101,0.093,0.058,0.080,0.024,0.068,0.052,0.043,0.087,0.067,0.088,0.072,0.020,0.058,0.027,0.032,0.107,0.031,0.023,0.069,0.062,0.018,0.030,0.044,0.069,0.087,0.033,0.026,0.071,0.028,0.045,0.070,0.025,0.045,0.026,0.025,0.031,0.010,0.016,0.024,0.051,0.095,0.115,0.018,0.039,0.038,0.025,0.015,0.059,0.022,0.050,0.048,0.049,0.109,0.057,0.100,0.045,0.070,0.041,0.055,0.024,0.052,0.068,0.095,0.112,0.049,0.010,0.108,0.061,0.080,0.007,0.001,0.051,0.037,0.011,0.030,0.080,0.077,0.078,0.006,0.044,0.096,0.092,0.012,0.027,0.029,0.042,0.023,0.013,0.028,0.069,0.035,0.012,0.053,0.011,0.018,0.015,0.018,0.027,0.043,0.035,0.037,0.056,0.010,0.042,0.026,0.038,0.038,0.025,0.082,0.038,0.159,0.066,0.075,0.007,0.023,0.082,0.033,0.031,0.031,0.016,0.043,0.031,0.056,0.036,0.013,0.045,0.059,0.051,0.061,0.117,0.060,0.024,0.045,0.026,0.066,0.074,0.085,0.066,0.091,0.023,0.051,0.072,0.034,0.055,0.052,0.070,0.055,0.071,0.027,0.084,0.032,0.135,0.074,0.064,0.042,0.120,0.045,0.060,0.059,0.061,0.038,0.031,0.067,0.028,0.050,0.060,0.084,0.055,0.077,0.054,0.114,0.045,0.015,0.063,0.101,0.092,0.082,0.114,0.043,0.027,0.021,0.041,0.100,0.018,0.032,0.031,0.051,0.031,0.073,0.035,0.074,0.032,0.018,0.048,0.038,0.044,0.059,0.051,0.049,0.030,0.029,0.057,0.052,0.022,0.050,0.072,0.017,0.024,0.041,0.040,0.009,0.022,0.089,0.044,0.049,0.056,0.024,0.023,0.049,0.063,0.055,0.122,0.076,0.012,0.029,0.046,0.090,0.031,0.071,0.071,0.038,0.016,0.084,0.029,0.076,0.032,0.018,0.058,0.050,0.041,0.076,0.024,0.058,0.088,0.038,0.057,0.029,0.017,0.044,0.026,0.035,0.025,0.036,0.107,0.116,0.108,0.022,0.075,0.040,0.027,0.033,0.030,0.090,0.082,0.062,0.052,0.065,0.071,0.023,0.075,0.068,0.041,0.033,0.087,0.074,0.029,0.057,0.049,0.054,0.045,0.047,0.053,0.059,0.065,0.016,0.042,0.041,0.055,0.034,0.060,0.031,0.044,0.082,0.111,0.048,0.033,0.014,0.085,0.023,0.069,0.033,0.090,0.074,0.048,0.045,0.082,0.046,0.033,0.035,0.081,0.104,0.023,0.038,0.046,0.029,0.031,0.067,0.045,0.044,0.053,0.086,0.046,0.052,0.044,0.069,0.041,0.039,0.056,0.022,0.096,0.079,0.036,0.033,0.044,0.108,0.033,0.030,0.045,0.034,0.041,0.061,0.080,0.029,0.028,0.078,0.053,0.033,0.037,0.071,0.089,0.032,0.042,0.044,0.081,0.045,0.078,0.128,0.115,0.080,0.082,0.063,0.098,0.060,0.071,0.024,0.114,0.055
LP6005442-DNA_G01,0.045,0.048,0.063,0.046,0.083,0.036,0.064,0.041,0.053,0.046,0.053,0.016,0.038,0.037,0.050,0.041,0.063,0.065,0.111,0.063,0.085,0.081,0.041,0.067,0.051,0.045,0.054,0.080,0.062,0.031,0.054,0.063,0.073,0.078,0.057,0.099,0.024,0.084,0.089,0.061,0.082,0.087,0.064,0.047,0.062,0.062,0.083,0.067,0.077,0.058,0.030,0.027,0.051,0.076,0.044,0.101,0.050,0.068,0.048,0.047,0.054,0.055,0.061,0.045,0.045,0.073,0.075,0.109,0.080,0.096,0.095,0.037,0.072,0.056,0.082,0.078,0.057,0.080,0.073,0.046,0.084,0.041,0.075,0.033,0.047,0.005,0.015,0.060,0.053,0.021,0.072,0.062,0.014,0.026,0.077,0.106,0.038,0.061,0.049,0.035,0.011,0.091,0.077,0.021,0.072,0.017,0.014,0.026,0.022,0.022,0.010,0.062,0.105,0.048,0.013,0.114,0.025,0.013,0.015,0.080,0.030,0.015,0.033,0.029,0.081,0.078,0.075,0.009,0.021,0.075,0.038,0.029,0.067,0.070,0.075,0.087,0.058,0.025,0.109,0.037,0.072,0.000,0.005,0.018,0.017,0.010,0.041,0.087,0.066,0.087,0.000,0.014,0.053,0.025,0.009,0.022,0.009,0.036,0.035,0.011,0.019,0.041,0.033,0.011,0.065,0.007,0.017,0.015,0.016,0.048,0.037,0.013,0.085,0.081,0.006,0.024,0.026,0.013,0.069,0.018,0.072,0.016,0.076,0.037,0.050,0.009,0.026,0.034,0.101,0.025,0.014,0.031,0.002,0.045,0.102,0.106,0.029,0.024,0.051,0.054,0.049,0.039,0.027,0.020,0.086,0.069,0.089,0.094,0.052,0.062,0.067,0.035,0.052,0.051,0.006,0.087,0.035,0.066,0.078,0.041,0.066,0.071,0.005,0.067,0.060,0.045,0.030,0.071,0.064,0.030,0.089,0.096,0.065,0.058,0.039,0.110,0.022,0.049,0.104,0.059,0.048,0.079,0.027,0.071,0.029,0.033,0.092,0.059,0.061,0.070,0.045,0.083,0.046,0.054,0.090,0.011,0.057,0.076,0.044,0.024,0.045,0.053,0.059,0.016,0.037,0.057,0.040,0.045,0.022,0.061,0.073,0.016,0.019,0.020,0.037,0.031,0.051,0.098,0.044,0.017,0.076,0.066,0.015,0.060,0.033,0.020,0.036,0.033,0.024,0.032,0.013,0.030,0.036,0.048,0.073,0.020,0.020,0.015,0.099,0.013,0.075,0.069,0.019,0.029,0.066,0.003,0.076,0.015,0.007,0.053,0.013,0.028,0.056,0.015,0.077,0.077,0.058,0.009,0.013,0.029,0.015,0.022,0.041,0.025,0.051,0.087,0.078,0.040,0.056,0.012,0.060,0.049,0.038,0.059,0.075,0.068,0.074,0.045,0.058,0.102,0.044,0.056,0.076,0.047,0.021,0.053,0.060,0.043,0.100,0.108,0.102,0.095,0.108,0.097,0.085,0.093,0.028,0.039,0.042,0.084,0.091,0.057,0.065,0.044,0.055,0.069,0.038,0.060,0.049,0.051,0.048,0.053,0.077,0.101,0.081,0.057,0.047,0.084,0.069,0.038,0.043,0.048,0.030,0.091,0.070,0.052,0.085,0.075,0.049,0.072,0.042,0.075,0.046,0.040,0.076,0.082,0.065,0.030,0.084,0.055,0.080,0.047,0.054,0.082,0.073,0.012,0.106,0.048,0.014,0.086,0.038,0.063,0.033,0.045,0.068,0.081,0.050,0.099,0.068,0.052,0.069,0.051,0.092,0.072,0.066,0.099,0.042,0.061,0.069,0.060,0.062,0.067,0.069,0.073,0.056,0.043,0.102,0.038,0.047
LP6005442-DNA_G02,0.030,0.071,0.015,0.078,0.080,0.046,0.066,0.061,0.061,0.051,0.045,0.007,0.036,0.017,0.032,0.069,0.038,0.061,0.097,0.065,0.120,0.052,0.074,0.064,0.083,0.024,0.085,0.130,0.096,0.049,0.080,0.037,0.052,0.083,0.045,0.045,0.045,0.047,0.043,0.084,0.041,0.108,0.074,0.103,0.069,0.054,0.048,0.021,0.071,0.036,0.021,0.054,0.092,0.028,0.027,0.089,0.103,0.015,0.092,0.111,0.044,0.036,0.042,0.057,0.041,0.019,0.119,0.073,0.096,0.036,0.058,0.055,0.128,0.121,0.095,0.066,0.057,0.090,0.055,0.031,0.065,0.042,0.049,0.050,0.046,0.090,0.100,0.084,0.047,0.093,0.060,0.090,0.124,0.125,0.044,0.090,0.035,0.054,0.053,0.086,0.020,0.064,0.078,0.073,0.105,0.090,0.055,0.091,0.037,0.111,0.035,0.080,0.064,0.018,0.109,0.080,0.039,0.040,0.068,0.088,0.074,0.029,0.064,0.106,0.091,0.079,0.073,0.037,0.138,0.064,0.099,0.081,0.024,0.031,0.192,0.060,0.077,0.055,0.092,0.083,0.062,0.035,0.004,0.026,0.063,0.047,0.023,0.057,0.093,0.032,0.029,0.022,0.099,0.066,0.054,0.075,0.095,0.044,0.084,0.126,0.072,0.079,0.071,0.055,0.042,0.120,0.027,0.110,0.062,0.103,0.051,0.075,0.076,0.071,0.018,0.042,0.021,0.014,0.032,0.012,0.064,0.055,0.066,0.047,0.133,0.049,0.061,0.074,0.059,0.000,0.034,0.145,0.036,0.114,0.087,0.077,0.092,0.111,0.098,0.123,0.086,0.087,0.130,0.034,0.091,0.083,0.098,0.062,0.060,0.053,0.088,0.070,0.065,0.038,0.052,0.104,0.071,0.075,0.080,0.079,0.078,0.162,0.027,0.049,0.130,0.158,0.101,0.044,0.064,0.028,0.070,0.096,0.041,0.075,0.027,0.054,0.069,0.080,0.094,0.058,0.110,0.114,0.108,0.102,0.026,0.080,0.084,0.083,0.152,0.044,0.065,0.055,0.030,0.038,0.153,0.023,0.132,0.070,0.070,0.029,0.056,0.074,0.071,0.017,0.045,0.081,0.040,0.151,0.021,0.022,0.095,0.058,0.057,0.116,0.089,0.071,0.092,0.084,0.089,0.075,0.033,0.061,0.045,0.026,0.044,0.041,0.050,0.050,0.049,0.086,0.048,0.041,0.042,0.083,0.024,0.085,0.038,0.036,0.052,0.070,0.067,0.032,0.084,0.080,0.027,0.042,0.023,0.046,0.021,0.044,0.045,0.032,0.055,0.126,0.092,0.131,0.101,0.132,0.110,0.069,0.074,0.045,0.061,0.073,0.157,0.077,0.123,0.018,0.053,0.005,0.093,0.035,0.020,0.055,0.094,0.065,0.085,0.094,0.056,0.056,0.094,0.093,0.068,0.032,0.026,0.075,0.164,0.124,0.072,0.043,0.113,0.098,0.082,0.083,0.076,0.101,0.010,0.066,0.038,0.076,0.053,0.035,0.056,0.041,0.083,0.096,0.001,0.086,0.004,0.041,0.049,0.034,0.035,0.070,0.104,0.099,0.025,0.142,0.101,0.053,0.054,0.063,0.022,0.066,0.085,0.054,0.066,0.086,0.037,0.084,0.035,0.118,0.046,0.048,0.070,0.081,0.066,0.062,0.119,0.045,0.094,0.130,0.084,0.117,0.061,0.094,0.078,0.096,0.034,0.091,0.010,0.077,0.115,0.054,0.091,0.107,0.100,0.128,0.180,0.071,0.026,0.038,0.068,0.043,0.029,0.084,0.050,0.098,0.092,0.130,0.086,0.146,0.058,0.058,0.059,0.071,0.113,0.064,0.075
LP6005442-DNA_G03,0.023,0.019,0.045,0.041,0.007,0.047,0.032,0.043,0.066,0.023,0.009,0.048,0.024,0.024,0.019,0.036,0.039,0.008,0.044,0.034,0.005,0.026,0.035,0.029,0.008,0.041,0.018,0.011,0.041,0.011,0.056,0.045,0.016,0.029,0.034,0.044,0.009,0.056,0.076,0.027,0.029,0.024,0.091,0.073,0.045,0.082,0.039,0.071,0.025,0.047,0.044,0.018,0.017,0.038,0.065,0.087,0.117,0.062,0.013,0.059,0.033,0.036,0.028,0.099,0.060,0.026,0.008,0.049,0.039,0.081,0.070,0.083,0.026,0.012,0.052,0.014,0.041,0.044,0.002,0.029,0.035,0.039,0.050,0.028,0.019,0.082,0.056,0.063,0.069,0.038,0.023,0.094,0.047,0.096,0.017,0.046,0.112,0.061,0.057,0.012,0.019,0.038,0.033,0.006,0.012,0.076,0.060,0.013,0.043,0.132,0.032,0.052,0.015,0.033,0.084,0.012,0.027,0.065,0.062,0.015,0.046,0.015,0.072,0.103,0.016,0.030,0.084,0.016,0.098,0.025,0.065,0.094,0.067,0.104,0.141,0.038,0.014,0.071,0.070,0.052,0.054,0.014,0.014,0.027,0.177,0.101,0.013,0.030,0.052,0.078,0.010,0.007,0.092,0.097,0.044,0.043,0.062,0.105,0.025,0.117,0.045,0.040,0.043,0.069,0.067,0.085,0.055,0.084,0.059,0.037,0.007,0.054,0.053,0.045,0.022,0.021,0.084,0.030,0.048,0.027,0.042,0.027,0.099,0.055,0.054,0.069,0.069,0.067,0.041,0.035,0.004,0.092,0.068,0.061,0.056,0.032,0.078,0.082,0.067,0.212,0.053,0.028,0.089,0.051,0.041,0.014,0.130,0.021,0.019,0.095,0.012,0.105,0.031,0.025,0.053,0.019,0.095,0.034,0.014,0.026,0.038,0.136,0.003,0.024,0.099,0.129,0.145,0.078,0.089,0.047,0.027,0.031,0.119,0.048,0.000,0.018,0.080,0.048,0.014,0.030,0.036,0.129,0.054,0.046,0.029,0.090,0.023,0.095,0.149,0.061,0.028,0.067,0.047,0.046,0.117,0.157,0.038,0.048,0.054,0.014,0.047,0.080,0.033,0.017,0.033,0.013,0.062,0.112,0.048,0.028,0.037,0.072,0.016,0.114,0.009,0.055,0.025,0.025,0.028,0.049,0.034,0.075,0.059,0.014,0.007,0.009,0.065,0.031,0.107,0.003,0.015,0.044,0.019,0.093,0.033,0.042,0.059,0.327,0.009,0.028,0.052,0.065,0.063,0.019,0.060,0.035,0.012,0.039,0.013,0.039,0.055,0.024,0.054,0.092,0.064,0.061,0.143,0.091,0.083,0.042,0.011,0.057,0.031,0.029,0.075,0.039,0.024,0.049,0.044,0.022,0.044,0.027,0.006,0.019,0.024,0.014,0.032,0.030,0.020,0.024,0.040,0.036,0.058,0.079,0.058,0.017,0.063,0.054,0.030,0.049,0.049,0.048,0.036,0.036,0.022,0.013,0.020,0.028,0.060,0.050,0.027,0.018,0.033,0.087,0.007,0.061,0.016,0.025,0.026,0.077,0.036,0.031,0.039,0.054,0.021,0.036,0.034,0.036,0.032,0.016,0.043,0.046,0.028,0.012,0.034,0.003,0.001,0.016,0.008,0.016,0.016,0.040,0.027,0.050,0.012,0.042,0.066,0.065,0.012,0.023,0.010,0.056,0.006,0.032,0.039,0.060,0.030,0.075,0.056,0.081,0.036,0.053,0.108,0.046,0.028,0.040,0.024,0.042,0.008,0.041,0.016,0.057,0.061,0.026,0.071,0.031,0.054,0.045,0.032,0.041,0.020,0.031,0.015,0.057,0.072,0.090,0.057,0.041,0.014
LP6005442-DNA_G04,0.040,0.111,0.062,0.104,0.064,0.094,0.089,0.033,0.059,0.046,0.038,0.010,0.077,0.059,0.030,0.087,0.052,0.103,0.057,0.102,0.062,0.072,0.035,0.049,0.053,0.101,0.052,0.100,0.063,0.052,0.064,0.075,0.052,0.039,0.079,0.100,0.066,0.128,0.057,0.071,0.093,0.082,0.071,0.069,0.049,0.110,0.058,0.052,0.077,0.066,0.050,0.095,0.064,0.036,0.092,0.094,0.063,0.063,0.082,0.083,0.059,0.071,0.069,0.094,0.084,0.041,0.067,0.084,0.092,0.101,0.053,0.055,0.079,0.067,0.060,0.102,0.015,0.059,0.017,0.047,0.048,0.052,0.062,0.051,0.121,0.086,0.085,0.083,0.104,0.137,0.073,0.104,0.026,0.118,0.012,0.070,0.048,0.080,0.089,0.043,0.070,0.121,0.048,0.042,0.069,0.121,0.087,0.018,0.091,0.153,0.068,0.078,0.112,0.050,0.150,0.094,0.055,0.014,0.055,0.089,0.098,0.026,0.102,0.159,0.036,0.052,0.104,0.023,0.139,0.040,0.112,0.098,0.035,0.075,0.142,0.066,0.063,0.072,0.067,0.118,0.127,0.029,0.029,0.030,0.089,0.113,0.031,0.058,0.125,0.061,0.041,0.034,0.040,0.045,0.094,0.049,0.111,0.052,0.019,0.194,0.007,0.048,0.084,0.124,0.099,0.130,0.059,0.103,0.130,0.054,0.063,0.062,0.065,0.022,0.028,0.044,0.060,0.046,0.034,0.051,0.083,0.046,0.072,0.017,0.028,0.123,0.037,0.027,0.057,0.092,0.057,0.178,0.037,0.083,0.044,0.078,0.069,0.194,0.080,0.099,0.082,0.034,0.085,0.059,0.027,0.091,0.160,0.090,0.110,0.049,0.048,0.049,0.040,0.069,0.105,0.036,0.088,0.032,0.016,0.088,0.069,0.096,0.084,0.012,0.079,0.138,0.118,0.103,0.071,0.028,0.109,0.048,0.053,0.112,0.081,0.079,0.133,0.068,0.046,0.012,0.139,0.108,0.071,0.063,0.018,0.086,0.099,0.093,0.127,0.107,0.059,0.160,0.048,0.045,0.078,0.023,0.118,0.053,0.078,0.037,0.050,0.116,0.025,0.020,0.017,0.040,0.019,0.093,0.019,0.118,0.120,0.040,0.056,0.100,0.038,0.112,0.023,0.062,0.064,0.115,0.112,0.172,0.042,0.044,0.063,0.008,0.116,0.082,0.074,0.029,0.037,0.034,0.049,0.099,0.051,0.159,0.037,0.047,0.032,0.118,0.049,0.089,0.079,0.048,0.071,0.096,0.043,0.039,0.013,0.039,0.053,0.078,0.081,0.232,0.114,0.092,0.112,0.117,0.106,0.022,0.024,0.003,0.015,0.028,0.104,0.052,0.113,0.110,0.058,0.036,0.136,0.077,0.037,0.047,0.077,0.100,0.110,0.053,0.046,0.059,0.057,0.086,0.104,0.108,0.057,0.114,0.139,0.052,0.033,0.121,0.088,0.073,0.031,0.065,0.142,0.122,0.056,0.038,0.062,0.083,0.064,0.036,0.023,0.098,0.064,0.095,0.066,0.148,0.063,0.055,0.056,0.060,0.027,0.126,0.060,0.044,0.110,0.098,0.050,0.087,0.036,0.070,0.115,0.044,0.075,0.085,0.075,0.060,0.061,0.066,0.058,0.043,0.044,0.063,0.094,0.081,0.071,0.038,0.028,0.056,0.069,0.059,0.039,0.106,0.063,0.076,0.075,0.084,0.030,0.192,0.106,0.119,0.056,0.103,0.040,0.067,0.027,0.122,0.056,0.032,0.062,0.074,0.102,0.039,0.114,0.136,0.071,0.123,0.183,0.120,0.083,0.135,0.106,0.151,0.063,0.112,0.065,0.045,0.065
LP6005442-DNA_G07,0.129,0.062,0.086,0.096,0.063,0.097,0.161,0.121,0.123,0.045,0.130,0.122,0.168,0.140,0.113,0.147,0.093,0.136,0.128,0.141,0.083,0.110,0.043,0.120,0.106,0.163,0.047,0.145,0.069,0.068,0.069,0.111,0.092,0.105,0.158,0.111,0.083,0.094,0.136,0.132,0.186,0.101,0.114,0.059,0.042,0.046,0.109,0.185,0.160,0.098,0.127,0.150,0.104,0.061,0.105,0.098,0.112,0.096,0.106,0.117,0.143,0.059,0.085,0.124,0.165,0.122,0.140,0.094,0.126,0.177,0.147,0.099,0.172,0.110,0.123,0.052,0.120,0.098,0.067,0.115,0.051,0.061,0.052,0.020,0.062,0.095,0.073,0.104,0.094,0.040,0.084,0.064,0.122,0.051,0.085,0.164,0.089,0.074,0.066,0.126,0.080,0.090,0.089,0.052,0.098,0.074,0.151,0.023,0.051,0.162,0.147,0.153,0.093,0.118,0.027,0.062,0.197,0.087,0.117,0.052,0.040,0.065,0.081,0.087,0.090,0.067,0.082,0.098,0.109,0.071,0.073,0.084,0.024,0.062,0.115,0.097,0.136,0.117,0.073,0.067,0.071,0.092,0.045,0.201,0.068,0.165,0.050,0.082,0.056,0.067,0.054,0.112,0.121,0.049,0.092,0.080,0.018,0.036,0.067,0.087,0.102,0.201,0.077,0.151,0.100,0.100,0.085,0.049,0.041,0.063,0.059,0.015,0.137,0.092,0.019,0.068,0.140,0.062,0.064,0.046,0.147,0.142,0.086,0.180,0.099,0.079,0.122,0.135,0.006,0.037,0.080,0.061,0.149,0.109,0.023,0.069,0.111,0.051,0.088,0.146,0.065,0.155,0.062,0.073,0.129,0.065,0.049,0.075,0.035,0.042,0.077,0.055,0.135,0.134,0.084,0.101,0.045,0.131,0.118,0.080,0.148,0.062,0.107,0.071,0.037,0.037,0.055,0.143,0.069,0.078,0.075,0.057,0.172,0.027,0.105,0.087,0.079,0.088,0.078,0.060,0.028,0.030,0.142,0.059,0.054,0.108,0.122,0.054,0.123,0.075,0.111,0.087,0.060,0.104,0.053,0.054,0.127,0.035,0.023,0.111,0.076,0.097,0.093,0.124,0.045,0.108,0.033,0.032,0.100,0.059,0.076,0.039,0.116,0.064,0.155,0.076,0.045,0.138,0.115,0.041,0.128,0.118,0.057,0.067,0.031,0.074,0.057,0.078,0.078,0.020,0.117,0.161,0.068,0.081,0.138,0.013,0.079,0.101,0.062,0.060,0.071,0.097,0.032,0.082,0.075,0.041,0.095,0.018,0.065,0.022,0.089,0.126,0.127,0.132,0.058,0.109,0.111,0.029,0.068,0.037,0.102,0.075,0.071,0.075,0.117,0.096,0.146,0.104,0.068,0.043,0.116,0.121,0.045,0.109,0.153,0.126,0.105,0.089,0.076,0.060,0.109,0.164,0.132,0.128,0.106,0.155,0.065,0.064,0.065,0.175,0.221,0.160,0.133,0.068,0.129,0.088,0.058,0.048,0.085,0.101,0.068,0.038,0.032,0.187,0.083,0.151,0.071,0.120,0.141,0.121,0.126,0.056,0.088,0.125,0.059,0.125,0.119,0.085,0.160,0.077,0.077,0.083,0.073,0.075,0.108,0.112,0.106,0.063,0.091,0.113,0.079,0.127,0.145,0.183,0.093,0.087,0.113,0.120,0.030,0.177,0.066,0.078,0.158,0.108,0.088,0.082,0.090,0.072,0.048,0.101,0.054,0.104,0.073,0.123,0.147,0.120,0.180,0.106,0.136,0.127,0.086,0.163,0.107,0.088,0.101,0.078,0.180,0.110,0.101,0.091,0.089,0.052,0.044,0.015,0.101,0.027,0.093,0.127,0.063
LP6005442-DNA_G09,0.032,0.040,0.019,0.025,0.030,0.038,0.070,0.023,0.018,0.054,0.051,0.034,0.062,0.041,0.032,0.024,0.034,0.064,0.035,0.042,0.058,0.030,0.027,0.026,0.031,0.036,0.033,0.081,0.025,0.030,0.028,0.021,0.023,0.060,0.043,0.021,0.041,0.021,0.026,0.063,0.050,0.080,0.091,0.064,0.053,0.039,0.056,0.080,0.071,0.041,0.038,0.061,0.036,0.042,0.033,0.063,0.052,0.027,0.044,0.049,0.062,0.049,0.046,0.077,0.035,0.037,0.067,0.040,0.063,0.067,0.043,0.081,0.045,0.045,0.083,0.037,0.051,0.051,0.020,0.034,0.024,0.035,0.012,0.015,0.070,0.022,0.024,0.036,0.020,0.024,0.061,0.039,0.023,0.072,0.016,0.114,0.067,0.036,0.060,0.043,0.015,0.055,0.056,0.045,0.035,0.043,0.041,0.035,0.029,0.042,0.017,0.040,0.039,0.032,0.028,0.052,0.032,0.018,0.058,0.029,0.047,0.021,0.037,0.049,0.021,0.042,0.051,0.014,0.045,0.071,0.085,0.041,0.071,0.030,0.062,0.017,0.054,0.027,0.030,0.042,0.044,0.008,0.008,0.032,0.079,0.038,0.018,0.031,0.034,0.027,0.010,0.014,0.051,0.024,0.016,0.049,0.028,0.032,0.076,0.043,0.067,0.037,0.020,0.024,0.033,0.030,0.024,0.046,0.020,0.037,0.033,0.019,0.038,0.050,0.002,0.042,0.019,0.016,0.027,0.006,0.056,0.030,0.020,0.059,0.035,0.024,0.013,0.033,0.041,0.041,0.028,0.046,0.039,0.046,0.035,0.047,0.018,0.035,0.062,0.072,0.028,0.037,0.058,0.026,0.052,0.038,0.051,0.049,0.035,0.070,0.036,0.080,0.044,0.047,0.014,0.030,0.032,0.036,0.027,0.036,0.050,0.065,0.020,0.020,0.052,0.056,0.031,0.062,0.048,0.037,0.070,0.069,0.040,0.042,0.044,0.046,0.031,0.023,0.050,0.038,0.030,0.047,0.078,0.110,0.016,0.024,0.049,0.035,0.038,0.023,0.046,0.059,0.034,0.059,0.061,0.024,0.058,0.030,0.031,0.045,0.092,0.045,0.037,0.050,0.107,0.033,0.011,0.076,0.014,0.017,0.043,0.035,0.094,0.063,0.058,0.062,0.063,0.046,0.045,0.059,0.034,0.041,0.043,0.042,0.083,0.056,0.054,0.068,0.037,0.027,0.037,0.080,0.034,0.038,0.025,0.025,0.021,0.039,0.049,0.028,0.033,0.040,0.027,0.013,0.057,0.024,0.062,0.020,0.009,0.025,0.040,0.034,0.029,0.044,0.053,0.018,0.043,0.022,0.019,0.070,0.040,0.031,0.033,0.061,0.079,0.032,0.042,0.033,0.055,0.033,0.037,0.040,0.024,0.023,0.058,0.069,0.032,0.037,0.024,0.016,0.023,0.055,0.081,0.042,0.038,0.064,0.044,0.035,0.036,0.038,0.059,0.073,0.055,0.043,0.041,0.050,0.030,0.027,0.009,0.061,0.044,0.053,0.026,0.065,0.072,0.115,0.030,0.043,0.038,0.034,0.060,0.023,0.029,0.061,0.028,0.060,0.026,0.035,0.049,0.028,0.033,0.045,0.014,0.021,0.046,0.036,0.027,0.032,0.035,0.028,0.010,0.056,0.022,0.044,0.019,0.026,0.050,0.040,0.030,0.023,0.038,0.039,0.054,0.033,0.035,0.021,0.054,0.052,0.018,0.048,0.082,0.086,0.020,0.049,0.023,0.044,0.056,0.043,0.041,0.023,0.053,0.059,0.056,0.047,0.033,0.057,0.045,0.043,0.035,0.063,0.054,0.051,0.041,0.031,0.059,0.063,0.039,0.038,0.039
LP6005442-DNA_G12,0.073,0.071,0.064,0.078,0.055,0.112,0.075,0.040,0.044,0.059,0.028,0.083,0.053,0.077,0.096,0.068,0.079,0.073,0.116,0.134,0.078,0.086,0.093,0.069,0.060,0.062,0.096,0.111,0.092,0.068,0.076,0.055,0.136,0.074,0.062,0.096,0.057,0.060,0.073,0.098,0.044,0.103,0.050,0.060,0.057,0.101,0.051,0.066,0.067,0.043,0.089,0.054,0.059,0.072,0.053,0.059,0.057,0.060,0.042,0.093,0.032,0.078,0.076,0.058,0.058,0.040,0.072,0.091,0.078,0.097,0.068,0.060,0.061,0.091,0.068,0.079,0.070,0.106,0.101,0.106,0.093,0.062,0.074,0.026,0.036,0.039,0.004,0.066,0.079,0.030,0.070,0.033,0.020,0.020,0.055,0.110,0.044,0.058,0.026,0.029,0.014,0.069,0.105,0.018,0.152,0.028,0.011,0.013,0.008,0.037,0.008,0.098,0.082,0.074,0.019,0.091,0.007,0.017,0.009,0.059,0.009,0.042,0.061,0.011,0.099,0.100,0.044,0.019,0.050,0.166,0.066,0.029,0.092,0.118,0.076,0.145,0.077,0.011,0.154,0.069,0.066,0.008,0.004,0.016,0.029,0.020,0.043,0.092,0.084,0.044,0.006,0.000,0.046,0.044,0.013,0.013,0.018,0.052,0.021,0.012,0.015,0.141,0.023,0.010,0.058,0.004,0.022,0.030,0.013,0.018,0.073,0.023,0.055,0.088,0.002,0.002,0.009,0.028,0.069,0.010,0.110,0.032,0.167,0.059,0.136,0.014,0.020,0.051,0.076,0.025,0.018,0.021,0.008,0.031,0.173,0.069,0.026,0.046,0.078,0.058,0.145,0.111,0.044,0.013,0.102,0.102,0.070,0.075,0.066,0.088,0.118,0.014,0.077,0.066,0.008,0.125,0.063,0.088,0.144,0.041,0.047,0.102,0.002,0.097,0.108,0.151,0.031,0.126,0.045,0.050,0.040,0.071,0.072,0.066,0.066,0.101,0.006,0.057,0.094,0.083,0.110,0.079,0.053,0.043,0.020,0.083,0.119,0.094,0.066,0.093,0.047,0.045,0.117,0.073,0.137,0.013,0.041,0.059,0.037,0.023,0.064,0.086,0.080,0.031,0.036,0.065,0.025,0.068,0.008,0.031,0.068,0.026,0.033,0.015,0.054,0.045,0.076,0.127,0.030,0.037,0.087,0.066,0.025,0.023,0.047,0.020,0.007,0.056,0.004,0.015,0.042,0.053,0.040,0.038,0.050,0.016,0.037,0.008,0.135,0.019,0.116,0.098,0.017,0.016,0.045,0.013,0.126,0.013,0.004,0.069,0.028,0.044,0.065,0.006,0.053,0.047,0.052,0.008,0.009,0.019,0.026,0.026,0.041,0.015,0.059,0.095,0.069,0.116,0.062,0.067,0.043,0.134,0.107,0.074,0.107,0.103,0.068,0.070,0.059,0.099,0.075,0.060,0.050,0.042,0.081,0.053,0.058,0.035,0.095,0.067,0.124,0.133,0.086,0.094,0.063,0.093,0.056,0.057,0.027,0.120,0.084,0.095,0.087,0.062,0.068,0.089,0.084,0.102,0.058,0.075,0.071,0.135,0.051,0.123,0.088,0.101,0.046,0.060,0.059,0.085,0.059,0.049,0.057,0.042,0.078,0.033,0.067,0.092,0.056,0.094,0.079,0.104,0.076,0.082,0.059,0.076,0.062,0.063,0.098,0.104,0.102,0.088,0.044,0.126,0.072,0.044,0.093,0.027,0.010,0.052,0.045,0.058,0.078,0.055,0.069,0.087,0.095,0.093,0.084,0.056,0.095,0.042,0.100,0.071,0.105,0.088,0.041,0.074,0.077,0.068,0.056,0.089,0.064,0.063,0.064,0.072,0.073,0.065,0.132
LP6005442-DNA_H01,0.041,0.041,0.061,0.052,0.053,0.053,0.090,0.033,0.036,0.041,0.040,0.019,0.043,0.056,0.027,0.041,0.038,0.084,0.070,0.040,0.073,0.066,0.057,0.067,0.055,0.103,0.050,0.093,0.047,0.064,0.046,0.077,0.081,0.054,0.092,0.079,0.058,0.107,0.086,0.086,0.068,0.065,0.061,0.049,0.064,0.049,0.072,0.049,0.067,0.031,0.046,0.043,0.056,0.049,0.053,0.062,0.070,0.063,0.074,0.084,0.071,0.043,0.051,0.047,0.061,0.043,0.057,0.089,0.058,0.076,0.051,0.045,0.099,0.056,0.067,0.078,0.055,0.075,0.071,0.021,0.080,0.042,0.030,0.030,0.038,0.009,0.018,0.050,0.069,0.023,0.076,0.072,0.021,0.020,0.039,0.139,0.073,0.071,0.030,0.031,0.027,0.081,0.118,0.011,0.094,0.030,0.021,0.015,0.014,0.032,0.014,0.067,0.144,0.069,0.006,0.110,0.024,0.032,0.016,0.075,0.014,0.014,0.084,0.034,0.048,0.068,0.090,0.005,0.034,0.064,0.077,0.034,0.060,0.079,0.082,0.093,0.086,0.023,0.094,0.065,0.129,0.007,0.014,0.027,0.012,0.021,0.052,0.077,0.118,0.092,0.009,0.010,0.039,0.018,0.021,0.040,0.006,0.038,0.019,0.007,0.016,0.055,0.027,0.020,0.053,0.005,0.027,0.029,0.017,0.017,0.048,0.015,0.069,0.076,0.008,0.026,0.022,0.022,0.045,0.014,0.072,0.030,0.064,0.049,0.098,0.002,0.017,0.034,0.096,0.028,0.015,0.035,0.025,0.045,0.087,0.078,0.025,0.023,0.087,0.063,0.055,0.106,0.035,0.021,0.064,0.069,0.087,0.089,0.056,0.067,0.075,0.024,0.089,0.047,0.009,0.073,0.020,0.101,0.074,0.064,0.078,0.035,0.006,0.091,0.083,0.056,0.057,0.105,0.058,0.051,0.079,0.074,0.053,0.071,0.039,0.093,0.025,0.073,0.139,0.085,0.040,0.055,0.047,0.072,0.016,0.089,0.078,0.079,0.029,0.068,0.037,0.088,0.073,0.049,0.097,0.006,0.049,0.058,0.061,0.020,0.036,0.094,0.072,0.011,0.027,0.074,0.028,0.030,0.011,0.064,0.062,0.018,0.023,0.014,0.036,0.046,0.041,0.077,0.033,0.031,0.136,0.086,0.006,0.029,0.020,0.017,0.022,0.025,0.035,0.021,0.031,0.061,0.083,0.062,0.050,0.000,0.031,0.024,0.078,0.003,0.059,0.091,0.019,0.008,0.092,0.000,0.111,0.003,0.006,0.024,0.019,0.016,0.053,0.013,0.092,0.085,0.092,0.019,0.020,0.018,0.043,0.017,0.033,0.011,0.023,0.090,0.053,0.041,0.048,0.045,0.029,0.051,0.024,0.038,0.087,0.071,0.071,0.053,0.055,0.109,0.041,0.065,0.057,0.052,0.017,0.080,0.071,0.016,0.087,0.109,0.146,0.083,0.106,0.113,0.091,0.128,0.032,0.050,0.052,0.094,0.090,0.035,0.061,0.023,0.053,0.055,0.035,0.051,0.039,0.045,0.065,0.101,0.032,0.127,0.036,0.086,0.063,0.083,0.072,0.051,0.041,0.057,0.027,0.038,0.037,0.078,0.084,0.057,0.053,0.034,0.018,0.096,0.070,0.059,0.077,0.105,0.073,0.069,0.076,0.047,0.067,0.074,0.062,0.067,0.056,0.027,0.059,0.053,0.013,0.081,0.035,0.052,0.055,0.067,0.045,0.070,0.117,0.088,0.070,0.055,0.037,0.053,0.051,0.083,0.046,0.067,0.063,0.061,0.046,0.071,0.039,0.047,0.070,0.057,0.053,0.051,0.053,0.048,0.055
LP6005442-DNA_H03,0.042,0.070,0.092,0.081,0.050,0.078,0.052,0.069,0.153,0.057,0.028,0.037,0.110,0.038,0.061,0.080,0.098,0.085,0.098,0.108,0.089,0.056,0.075,0.090,0.064,0.075,0.089,0.090,0.058,0.042,0.086,0.069,0.060,0.063,0.039,0.080,0.012,0.058,0.097,0.063,0.059,0.119,0.117,0.112,0.138,0.120,0.074,0.086,0.080,0.079,0.091,0.078,0.041,0.047,0.127,0.093,0.067,0.111,0.078,0.102,0.066,0.097,0.089,0.100,0.126,0.083,0.096,0.103,0.083,0.111,0.085,0.054,0.118,0.081,0.089,0.075,0.047,0.081,0.056,0.025,0.076,0.032,0.093,0.078,0.091,0.079,0.059,0.082,0.123,0.059,0.052,0.054,0.064,0.084,0.036,0.069,0.124,0.091,0.046,0.056,0.021,0.065,0.032,0.058,0.077,0.140,0.077,0.032,0.022,0.054,0.070,0.070,0.095,0.033,0.039,0.077,0.129,0.049,0.082,0.078,0.015,0.052,0.061,0.038,0.082,0.072,0.134,0.017,0.057,0.055,0.083,0.104,0.061,0.064,0.115,0.050,0.063,0.044,0.098,0.096,0.065,0.011,0.020,0.065,0.028,0.043,0.036,0.052,0.080,0.096,0.034,0.110,0.099,0.056,0.146,0.052,0.048,0.116,0.069,0.061,0.086,0.047,0.107,0.076,0.127,0.106,0.110,0.035,0.044,0.074,0.009,0.045,0.087,0.012,0.051,0.107,0.120,0.037,0.042,0.055,0.059,0.069,0.089,0.070,0.075,0.079,0.107,0.027,0.055,0.069,0.061,0.069,0.066,0.033,0.060,0.053,0.080,0.057,0.056,0.064,0.050,0.091,0.081,0.063,0.064,0.127,0.080,0.011,0.086,0.041,0.035,0.087,0.036,0.115,0.070,0.067,0.037,0.093,0.029,0.092,0.134,0.069,0.077,0.060,0.108,0.071,0.074,0.067,0.094,0.087,0.076,0.021,0.101,0.108,0.048,0.051,0.080,0.103,0.049,0.061,0.112,0.055,0.103,0.061,0.065,0.097,0.065,0.105,0.062,0.043,0.128,0.070,0.056,0.088,0.071,0.047,0.101,0.085,0.068,0.069,0.015,0.052,0.086,0.047,0.037,0.070,0.007,0.078,0.030,0.045,0.100,0.047,0.038,0.029,0.070,0.069,0.056,0.083,0.071,0.044,0.067,0.049,0.094,0.059,0.093,0.088,0.086,0.088,0.096,0.066,0.043,0.041,0.064,0.092,0.054,0.072,0.055,0.122,0.073,0.027,0.079,0.054,0.060,0.091,0.084,0.025,0.045,0.017,0.017,0.085,0.056,0.117,0.096,0.172,0.070,0.088,0.114,0.087,0.045,0.052,0.051,0.043,0.056,0.017,0.056,0.072,0.110,0.097,0.101,0.070,0.117,0.116,0.058,0.087,0.082,0.054,0.059,0.089,0.031,0.047,0.099,0.131,0.086,0.112,0.105,0.101,0.106,0.066,0.047,0.083,0.083,0.085,0.066,0.057,0.089,0.042,0.016,0.029,0.031,0.060,0.050,0.035,0.052,0.106,0.064,0.123,0.033,0.077,0.112,0.082,0.071,0.073,0.055,0.113,0.085,0.061,0.058,0.065,0.076,0.095,0.031,0.061,0.071,0.042,0.099,0.053,0.076,0.110,0.083,0.089,0.093,0.072,0.064,0.041,0.023,0.077,0.084,0.023,0.076,0.053,0.064,0.059,0.036,0.071,0.046,0.109,0.075,0.098,0.068,0.119,0.028,0.144,0.077,0.041,0.074,0.082,0.072,0.057,0.064,0.069,0.070,0.060,0.041,0.039,0.072,0.054,0.081,0.101,0.053,0.050,0.079,0.104,0.067,0.073,0.105,0.068,0.057,0.053,0.096
LP6005442-DNA_H04,0.040,0.053,0.045,0.064,0.017,0.039,0.069,0.031,0.060,0.058,0.071,0.036,0.029,0.087,0.037,0.050,0.042,0.110,0.058,0.037,0.060,0.059,0.020,0.074,0.062,0.089,0.051,0.053,0.020,0.013,0.046,0.046,0.066,0.071,0.056,0.062,0.018,0.037,0.069,0.049,0.097,0.060,0.043,0.057,0.056,0.045,0.077,0.100,0.050,0.069,0.067,0.070,0.104,0.060,0.075,0.090,0.062,0.064,0.066,0.049,0.067,0.072,0.076,0.042,0.077,0.032,0.064,0.039,0.108,0.090,0.069,0.038,0.050,0.032,0.090,0.035,0.045,0.031,0.071,0.025,0.051,0.041,0.020,0.052,0.065,0.107,0.067,0.094,0.080,0.128,0.051,0.108,0.077,0.154,0.055,0.119,0.079,0.077,0.139,0.073,0.035,0.097,0.042,0.069,0.058,0.151,0.093,0.059,0.123,0.169,0.048,0.044,0.052,0.033,0.188,0.056,0.034,0.083,0.079,0.042,0.151,0.071,0.117,0.241,0.039,0.055,0.146,0.060,0.249,0.028,0.107,0.144,0.039,0.047,0.190,0.041,0.040,0.120,0.067,0.145,0.060,0.011,0.022,0.062,0.084,0.118,0.031,0.054,0.144,0.088,0.074,0.058,0.088,0.112,0.072,0.088,0.171,0.069,0.066,0.264,0.059,0.054,0.099,0.136,0.042,0.151,0.052,0.161,0.180,0.059,0.068,0.157,0.058,0.048,0.019,0.048,0.037,0.052,0.060,0.126,0.079,0.078,0.125,0.042,0.039,0.102,0.124,0.109,0.067,0.128,0.069,0.250,0.026,0.090,0.081,0.062,0.077,0.231,0.132,0.168,0.114,0.049,0.143,0.080,0.072,0.079,0.133,0.065,0.113,0.065,0.071,0.094,0.039,0.041,0.123,0.048,0.110,0.083,0.020,0.084,0.076,0.157,0.067,0.058,0.128,0.200,0.158,0.071,0.039,0.052,0.039,0.023,0.081,0.059,0.049,0.090,0.150,0.111,0.027,0.071,0.189,0.188,0.064,0.066,0.030,0.088,0.093,0.131,0.153,0.036,0.041,0.122,0.037,0.079,0.144,0.054,0.066,0.121,0.103,0.066,0.104,0.172,0.101,0.043,0.047,0.053,0.051,0.139,0.040,0.051,0.119,0.065,0.078,0.171,0.083,0.099,0.063,0.052,0.110,0.158,0.046,0.125,0.061,0.075,0.111,0.056,0.104,0.078,0.120,0.039,0.042,0.060,0.031,0.171,0.081,0.165,0.026,0.038,0.052,0.176,0.062,0.012,0.124,0.017,0.034,0.125,0.092,0.069,0.022,0.045,0.069,0.050,0.036,0.250,0.135,0.099,0.164,0.181,0.183,0.044,0.023,0.016,0.096,0.096,0.095,0.110,0.059,0.064,0.022,0.028,0.021,0.043,0.021,0.043,0.051,0.048,0.035,0.030,0.021,0.073,0.070,0.059,0.099,0.046,0.027,0.082,0.099,0.029,0.040,0.068,0.060,0.069,0.052,0.076,0.045,0.071,0.032,0.023,0.026,0.086,0.049,0.044,0.050,0.051,0.034,0.050,0.063,0.047,0.037,0.094,0.065,0.032,0.051,0.054,0.026,0.079,0.031,0.051,0.059,0.037,0.059,0.066,0.041,0.040,0.052,0.083,0.032,0.076,0.050,0.095,0.053,0.043,0.041,0.037,0.070,0.043,0.055,0.066,0.075,0.106,0.027,0.079,0.078,0.060,0.046,0.139,0.054,0.064,0.069,0.141,0.031,0.044,0.148,0.055,0.066,0.040,0.060,0.039,0.065,0.048,0.035,0.106,0.085,0.073,0.098,0.083,0.098,0.070,0.101,0.072,0.099,0.095,0.056,0.051,0.086,0.124,0.076,0.033,0.029
LP6005442-DNA_H06,0.074,0.044,0.086,0.067,0.078,0.048,0.100,0.052,0.066,0.059,0.054,0.066,0.065,0.102,0.046,0.065,0.063,0.088,0.063,0.064,0.073,0.069,0.066,0.061,0.050,0.050,0.085,0.092,0.064,0.045,0.041,0.034,0.081,0.085,0.069,0.079,0.046,0.072,0.054,0.130,0.091,0.073,0.074,0.113,0.055,0.094,0.111,0.054,0.063,0.037,0.064,0.109,0.095,0.099,0.074,0.056,0.058,0.093,0.088,0.057,0.090,0.091,0.079,0.088,0.058,0.047,0.097,0.052,0.067,0.082,0.088,0.045,0.073,0.099,0.071,0.081,0.056,0.039,0.054,0.077,0.078,0.043,0.060,0.023,0.038,0.040,0.026,0.083,0.117,0.026,0.060,0.100,0.023,0.045,0.066,0.094,0.051,0.190,0.023,0.038,0.022,0.071,0.112,0.012,0.067,0.075,0.037,0.037,0.046,0.042,0.039,0.118,0.074,0.066,0.026,0.064,0.043,0.041,0.024,0.059,0.027,0.057,0.089,0.034,0.044,0.108,0.127,0.020,0.074,0.071,0.103,0.033,0.082,0.150,0.134,0.067,0.093,0.033,0.056,0.115,0.160,0.006,0.011,0.048,0.021,0.033,0.056,0.097,0.106,0.121,0.016,0.009,0.042,0.046,0.039,0.039,0.035,0.094,0.029,0.034,0.013,0.056,0.081,0.042,0.101,0.031,0.031,0.071,0.042,0.011,0.096,0.040,0.070,0.114,0.011,0.020,0.031,0.033,0.047,0.010,0.077,0.043,0.113,0.117,0.095,0.017,0.025,0.063,0.048,0.035,0.030,0.039,0.036,0.062,0.097,0.091,0.032,0.055,0.229,0.043,0.074,0.123,0.087,0.035,0.064,0.078,0.114,0.088,0.086,0.072,0.134,0.029,0.055,0.085,0.029,0.083,0.075,0.089,0.066,0.055,0.074,0.088,0.032,0.098,0.184,0.135,0.119,0.103,0.046,0.090,0.050,0.065,0.057,0.031,0.036,0.119,0.040,0.072,0.056,0.160,0.046,0.167,0.077,0.062,0.014,0.113,0.116,0.147,0.051,0.077,0.032,0.163,0.064,0.126,0.143,0.013,0.052,0.111,0.088,0.048,0.059,0.121,0.109,0.023,0.028,0.047,0.022,0.053,0.032,0.041,0.079,0.029,0.019,0.029,0.061,0.046,0.065,0.113,0.042,0.023,0.071,0.126,0.042,0.038,0.028,0.023,0.042,0.033,0.045,0.011,0.085,0.061,0.095,0.049,0.086,0.017,0.024,0.025,0.092,0.021,0.100,0.110,0.036,0.016,0.068,0.012,0.110,0.023,0.005,0.048,0.025,0.051,0.054,0.030,0.145,0.159,0.083,0.040,0.041,0.047,0.021,0.019,0.046,0.028,0.028,0.090,0.093,0.127,0.043,0.080,0.051,0.124,0.057,0.019,0.083,0.103,0.061,0.051,0.100,0.049,0.066,0.057,0.097,0.043,0.079,0.120,0.077,0.078,0.083,0.056,0.086,0.052,0.086,0.060,0.039,0.064,0.041,0.056,0.016,0.078,0.057,0.096,0.048,0.102,0.086,0.063,0.097,0.085,0.065,0.045,0.085,0.105,0.039,0.088,0.043,0.057,0.029,0.073,0.070,0.035,0.050,0.069,0.051,0.056,0.031,0.053,0.059,0.069,0.092,0.076,0.104,0.057,0.036,0.127,0.051,0.054,0.062,0.075,0.054,0.031,0.064,0.051,0.100,0.062,0.059,0.057,0.064,0.056,0.015,0.115,0.052,0.085,0.140,0.114,0.068,0.072,0.157,0.050,0.076,0.033,0.032,0.108,0.071,0.083,0.081,0.106,0.144,0.099,0.136,0.130,0.081,0.101,0.103,0.061,0.071,0.145,0.119,0.073,0.102
LP6005442-DNA_H09,0.048,0.050,0.035,0.058,0.038,0.040,0.051,0.031,0.050,0.058,0.043,0.017,0.044,0.027,0.036,0.052,0.040,0.049,0.045,0.058,0.048,0.025,0.038,0.034,0.046,0.053,0.049,0.051,0.015,0.045,0.040,0.040,0.046,0.040,0.076,0.036,0.020,0.075,0.037,0.028,0.046,0.064,0.080,0.082,0.055,0.075,0.065,0.052,0.060,0.043,0.055,0.061,0.062,0.064,0.062,0.084,0.068,0.069,0.063,0.101,0.074,0.054,0.066,0.074,0.062,0.065,0.064,0.054,0.078,0.064,0.058,0.062,0.037,0.050,0.056,0.041,0.039,0.036,0.048,0.034,0.036,0.032,0.040,0.027,0.042,0.025,0.011,0.064,0.039,0.027,0.080,0.028,0.032,0.038,0.027,0.046,0.068,0.032,0.035,0.027,0.025,0.041,0.031,0.035,0.049,0.053,0.030,0.016,0.019,0.058,0.030,0.031,0.052,0.024,0.026,0.038,0.029,0.033,0.012,0.020,0.018,0.025,0.049,0.033,0.046,0.024,0.025,0.009,0.042,0.028,0.054,0.032,0.021,0.049,0.110,0.036,0.057,0.023,0.031,0.053,0.090,0.009,0.007,0.022,0.093,0.039,0.046,0.024,0.065,0.047,0.028,0.022,0.038,0.027,0.026,0.027,0.026,0.056,0.037,0.031,0.030,0.042,0.025,0.027,0.064,0.035,0.020,0.040,0.031,0.042,0.028,0.056,0.038,0.034,0.010,0.018,0.017,0.025,0.024,0.037,0.058,0.040,0.031,0.043,0.050,0.022,0.023,0.034,0.035,0.030,0.082,0.041,0.033,0.049,0.046,0.039,0.025,0.062,0.033,0.012,0.047,0.049,0.047,0.046,0.049,0.061,0.050,0.042,0.029,0.026,0.047,0.015,0.038,0.068,0.034,0.034,0.024,0.033,0.031,0.080,0.074,0.086,0.030,0.032,0.041,0.037,0.060,0.033,0.057,0.072,0.060,0.019,0.037,0.063,0.059,0.024,0.038,0.032,0.067,0.014,0.037,0.051,0.075,0.065,0.009,0.053,0.033,0.028,0.044,0.029,0.103,0.032,0.036,0.025,0.037,0.075,0.071,0.026,0.019,0.024,0.049,0.031,0.045,0.040,0.020,0.045,0.024,0.044,0.025,0.015,0.041,0.012,0.025,0.063,0.033,0.055,0.037,0.028,0.070,0.097,0.034,0.039,0.032,0.061,0.039,0.070,0.025,0.042,0.020,0.017,0.040,0.047,0.021,0.046,0.036,0.023,0.019,0.138,0.021,0.035,0.043,0.058,0.024,0.018,0.037,0.014,0.023,0.029,0.010,0.031,0.045,0.032,0.039,0.042,0.027,0.057,0.068,0.032,0.020,0.054,0.041,0.039,0.038,0.065,0.050,0.054,0.077,0.048,0.065,0.051,0.069,0.075,0.034,0.033,0.045,0.031,0.023,0.033,0.025,0.053,0.043,0.068,0.068,0.075,0.058,0.080,0.061,0.041,0.044,0.051,0.048,0.054,0.058,0.037,0.061,0.042,0.018,0.036,0.024,0.047,0.031,0.014,0.021,0.079,0.028,0.102,0.056,0.065,0.066,0.055,0.051,0.057,0.022,0.062,0.036,0.046,0.043,0.036,0.038,0.048,0.039,0.054,0.030,0.034,0.054,0.048,0.032,0.038,0.034,0.047,0.032,0.055,0.034,0.038,0.043,0.046,0.038,0.042,0.056,0.054,0.039,0.040,0.065,0.039,0.028,0.032,0.038,0.067,0.017,0.079,0.071,0.064,0.045,0.038,0.040,0.052,0.051,0.042,0.037,0.054,0.038,0.067,0.068,0.075,0.058,0.071,0.071,0.067,0.049,0.076,0.070,0.061,0.047,0.051,0.089,0.079,0.061,0.030,0.032
LP6005442-DNA_H12,0.049,0.066,0.070,0.060,0.044,0.034,0.078,0.027,0.038,0.056,0.054,0.049,0.090,0.100,0.037,0.082,0.068,0.065,0.086,0.060,0.037,0.085,0.054,0.052,0.066,0.048,0.057,0.085,0.033,0.085,0.063,0.065,0.081,0.075,0.058,0.077,0.096,0.061,0.052,0.048,0.049,0.090,0.039,0.074,0.041,0.080,0.074,0.057,0.050,0.031,0.059,0.066,0.059,0.052,0.045,0.063,0.050,0.049,0.054,0.069,0.041,0.033,0.055,0.054,0.037,0.054,0.061,0.103,0.090,0.046,0.051,0.087,0.043,0.052,0.032,0.037,0.043,0.097,0.042,0.036,0.086,0.070,0.035,0.054,0.073,0.021,0.015,0.063,0.088,0.039,0.069,0.059,0.018,0.034,0.057,0.099,0.049,0.089,0.038,0.024,0.044,0.088,0.107,0.015,0.150,0.034,0.038,0.013,0.017,0.040,0.021,0.072,0.134,0.121,0.026,0.083,0.022,0.026,0.026,0.074,0.017,0.047,0.066,0.024,0.092,0.103,0.050,0.011,0.039,0.095,0.066,0.047,0.072,0.111,0.080,0.075,0.079,0.019,0.122,0.064,0.106,0.007,0.004,0.026,0.022,0.018,0.062,0.107,0.072,0.106,0.015,0.010,0.012,0.028,0.027,0.015,0.020,0.049,0.020,0.031,0.010,0.063,0.009,0.019,0.045,0.027,0.014,0.044,0.023,0.016,0.026,0.029,0.069,0.146,0.011,0.005,0.013,0.025,0.059,0.025,0.087,0.010,0.141,0.065,0.118,0.014,0.033,0.053,0.037,0.026,0.019,0.037,0.022,0.024,0.145,0.047,0.021,0.042,0.069,0.056,0.185,0.120,0.047,0.010,0.066,0.055,0.098,0.080,0.055,0.111,0.122,0.024,0.061,0.052,0.015,0.083,0.088,0.179,0.094,0.035,0.049,0.082,0.025,0.156,0.133,0.085,0.047,0.150,0.060,0.049,0.053,0.039,0.057,0.033,0.077,0.098,0.033,0.084,0.109,0.073,0.146,0.117,0.043,0.040,0.013,0.097,0.072,0.132,0.061,0.045,0.058,0.059,0.097,0.052,0.130,0.005,0.042,0.068,0.067,0.024,0.021,0.058,0.093,0.023,0.020,0.080,0.012,0.048,0.016,0.060,0.100,0.013,0.022,0.032,0.082,0.039,0.045,0.067,0.029,0.044,0.047,0.093,0.012,0.025,0.025,0.034,0.028,0.012,0.016,0.014,0.027,0.041,0.071,0.081,0.085,0.022,0.005,0.025,0.066,0.009,0.120,0.069,0.013,0.016,0.108,0.018,0.157,0.019,0.001,0.068,0.029,0.026,0.128,0.037,0.080,0.074,0.109,0.022,0.023,0.025,0.020,0.023,0.041,0.013,0.052,0.061,0.051,0.058,0.069,0.042,0.038,0.064,0.029,0.076,0.059,0.037,0.089,0.050,0.086,0.055,0.056,0.058,0.050,0.047,0.030,0.063,0.056,0.041,0.076,0.100,0.105,0.083,0.040,0.065,0.051,0.061,0.037,0.034,0.022,0.052,0.046,0.043,0.026,0.054,0.046,0.060,0.057,0.038,0.048,0.048,0.064,0.054,0.066,0.054,0.050,0.060,0.037,0.050,0.050,0.045,0.055,0.076,0.068,0.052,0.062,0.061,0.063,0.077,0.046,0.050,0.057,0.076,0.031,0.074,0.059,0.047,0.077,0.036,0.086,0.072,0.097,0.054,0.057,0.062,0.067,0.026,0.078,0.035,0.013,0.077,0.038,0.090,0.064,0.041,0.050,0.057,0.123,0.050,0.063,0.078,0.029,0.043,0.048,0.045,0.074,0.046,0.066,0.059,0.051,0.093,0.050,0.042,0.059,0.058,0.038,0.064,0.047,0.071,0.084
LP6005443-DNA_A02,0.046,0.029,0.069,0.084,0.106,0.080,0.102,0.045,0.115,0.104,0.083,0.044,0.073,0.053,0.057,0.080,0.065,0.071,0.069,0.088,0.085,0.054,0.076,0.128,0.056,0.091,0.115,0.083,0.048,0.037,0.036,0.075,0.083,0.055,0.089,0.111,0.051,0.049,0.072,0.073,0.038,0.109,0.037,0.078,0.071,0.102,0.099,0.046,0.050,0.047,0.032,0.077,0.037,0.078,0.053,0.023,0.075,0.054,0.086,0.078,0.068,0.076,0.116,0.075,0.039,0.068,0.085,0.053,0.079,0.075,0.121,0.065,0.129,0.099,0.115,0.114,0.099,0.090,0.125,0.145,0.091,0.072,0.072,0.025,0.052,0.013,0.011,0.074,0.034,0.019,0.069,0.047,0.014,0.016,0.064,0.075,0.050,0.040,0.016,0.032,0.014,0.075,0.060,0.017,0.085,0.035,0.012,0.011,0.017,0.023,0.025,0.081,0.128,0.122,0.012,0.049,0.018,0.022,0.014,0.047,0.007,0.037,0.051,0.003,0.087,0.054,0.051,0.005,0.018,0.071,0.052,0.025,0.072,0.058,0.067,0.137,0.078,0.011,0.079,0.057,0.074,0.002,0.008,0.029,0.013,0.022,0.042,0.097,0.070,0.074,0.015,0.005,0.040,0.006,0.020,0.034,0.009,0.029,0.025,0.006,0.010,0.065,0.051,0.007,0.033,0.017,0.015,0.018,0.003,0.012,0.085,0.007,0.071,0.108,0.003,0.010,0.004,0.020,0.052,0.006,0.071,0.018,0.073,0.109,0.134,0.004,0.012,0.068,0.028,0.024,0.013,0.014,0.040,0.026,0.101,0.086,0.038,0.019,0.101,0.052,0.089,0.062,0.030,0.006,0.067,0.042,0.033,0.063,0.063,0.059,0.117,0.017,0.089,0.091,0.011,0.103,0.041,0.075,0.120,0.049,0.086,0.053,0.010,0.127,0.059,0.055,0.027,0.101,0.040,0.078,0.058,0.089,0.062,0.059,0.055,0.055,0.027,0.045,0.100,0.056,0.050,0.046,0.079,0.059,0.010,0.045,0.095,0.099,0.032,0.041,0.050,0.035,0.074,0.045,0.051,0.006,0.093,0.025,0.021,0.013,0.029,0.099,0.036,0.017,0.012,0.063,0.024,0.039,0.020,0.055,0.034,0.015,0.015,0.016,0.073,0.029,0.041,0.076,0.021,0.012,0.086,0.042,0.001,0.003,0.038,0.025,0.014,0.008,0.015,0.020,0.026,0.042,0.042,0.051,0.046,0.004,0.023,0.025,0.080,0.007,0.115,0.105,0.007,0.015,0.057,0.003,0.106,0.014,0.010,0.032,0.013,0.020,0.051,0.021,0.057,0.057,0.038,0.018,0.011,0.025,0.024,0.035,0.087,0.012,0.021,0.089,0.119,0.121,0.025,0.074,0.033,0.114,0.010,0.071,0.073,0.087,0.077,0.048,0.084,0.054,0.058,0.090,0.083,0.046,0.078,0.151,0.067,0.068,0.130,0.128,0.126,0.068,0.095,0.104,0.050,0.101,0.035,0.070,0.019,0.077,0.059,0.105,0.069,0.057,0.097,0.059,0.074,0.069,0.058,0.050,0.057,0.094,0.042,0.081,0.109,0.093,0.055,0.078,0.054,0.066,0.053,0.069,0.054,0.079,0.062,0.047,0.052,0.047,0.123,0.079,0.130,0.080,0.117,0.074,0.070,0.085,0.079,0.030,0.099,0.049,0.059,0.063,0.069,0.104,0.062,0.027,0.095,0.065,0.003,0.038,0.028,0.119,0.061,0.062,0.078,0.104,0.184,0.090,0.051,0.071,0.047,0.080,0.081,0.091,0.080,0.094,0.111,0.047,0.113,0.091,0.076,0.093,0.093,0.084,0.080,0.115,0.090,0.108,0.095
LP6005443-DNA_A03,0.014,0.055,0.083,0.069,0.056,0.055,0.057,0.054,0.051,0.068,0.062,0.062,0.074,0.093,0.055,0.055,0.063,0.089,0.041,0.051,0.108,0.038,0.051,0.045,0.054,0.097,0.043,0.095,0.055,0.056,0.030,0.023,0.080,0.094,0.049,0.034,0.028,0.040,0.035,0.066,0.058,0.049,0.112,0.120,0.067,0.115,0.092,0.084,0.107,0.069,0.073,0.083,0.062,0.080,0.080,0.063,0.044,0.083,0.071,0.082,0.082,0.088,0.074,0.081,0.107,0.060,0.104,0.054,0.052,0.094,0.052,0.061,0.037,0.042,0.077,0.055,0.078,0.054,0.050,0.020,0.046,0.060,0.043,0.052,0.075,0.041,0.034,0.078,0.095,0.051,0.095,0.097,0.035,0.040,0.046,0.086,0.075,0.102,0.025,0.035,0.048,0.046,0.050,0.055,0.047,0.066,0.037,0.039,0.022,0.087,0.029,0.049,0.067,0.038,0.028,0.037,0.045,0.046,0.030,0.050,0.039,0.018,0.045,0.064,0.034,0.063,0.096,0.015,0.094,0.050,0.104,0.050,0.057,0.057,0.152,0.049,0.037,0.027,0.062,0.134,0.117,0.024,0.015,0.041,0.042,0.052,0.012,0.058,0.122,0.104,0.058,0.021,0.066,0.065,0.026,0.052,0.037,0.055,0.037,0.065,0.030,0.028,0.036,0.048,0.037,0.035,0.019,0.044,0.049,0.033,0.032,0.068,0.043,0.051,0.009,0.052,0.035,0.030,0.022,0.034,0.048,0.036,0.091,0.103,0.059,0.024,0.042,0.080,0.035,0.060,0.046,0.054,0.031,0.075,0.061,0.048,0.053,0.073,0.117,0.078,0.065,0.058,0.103,0.054,0.048,0.079,0.108,0.050,0.034,0.148,0.082,0.045,0.045,0.060,0.031,0.046,0.097,0.074,0.038,0.078,0.091,0.083,0.014,0.049,0.161,0.123,0.145,0.054,0.085,0.076,0.063,0.036,0.077,0.049,0.066,0.084,0.060,0.110,0.028,0.216,0.047,0.094,0.082,0.072,0.024,0.085,0.100,0.149,0.105,0.016,0.065,0.124,0.044,0.117,0.149,0.028,0.072,0.034,0.099,0.030,0.039,0.068,0.094,0.036,0.049,0.038,0.042,0.073,0.015,0.026,0.099,0.069,0.045,0.065,0.044,0.034,0.035,0.088,0.072,0.075,0.045,0.107,0.036,0.040,0.053,0.033,0.041,0.033,0.053,0.017,0.038,0.045,0.043,0.040,0.054,0.024,0.049,0.045,0.057,0.052,0.046,0.061,0.027,0.029,0.044,0.031,0.064,0.029,0.007,0.102,0.072,0.061,0.040,0.105,0.090,0.065,0.070,0.081,0.034,0.032,0.010,0.024,0.020,0.062,0.086,0.075,0.110,0.085,0.092,0.081,0.081,0.082,0.065,0.032,0.065,0.068,0.052,0.042,0.069,0.037,0.042,0.110,0.093,0.075,0.049,0.084,0.066,0.071,0.036,0.060,0.066,0.053,0.087,0.047,0.038,0.071,0.041,0.039,0.021,0.079,0.049,0.042,0.045,0.078,0.111,0.067,0.066,0.063,0.069,0.075,0.098,0.039,0.023,0.115,0.037,0.083,0.046,0.054,0.033,0.036,0.057,0.080,0.031,0.024,0.051,0.069,0.067,0.027,0.055,0.085,0.078,0.035,0.052,0.066,0.047,0.082,0.057,0.037,0.055,0.022,0.051,0.045,0.066,0.038,0.026,0.048,0.065,0.067,0.024,0.096,0.024,0.076,0.132,0.036,0.041,0.044,0.065,0.045,0.041,0.040,0.092,0.153,0.099,0.145,0.167,0.114,0.189,0.153,0.166,0.170,0.130,0.151,0.166,0.131,0.122,0.128,0.136,0.050,0.140
LP6005443-DNA_A06,0.006,0.045,0.089,0.021,0.026,0.046,0.105,0.070,0.070,0.022,0.020,0.075,0.029,0.097,0.054,0.047,0.129,0.132,0.061,0.091,0.043,0.061,0.031,0.048,0.023,0.069,0.003,0.017,0.085,0.032,0.043,0.062,0.093,0.049,0.066,0.088,0.008,0.075,0.093,0.054,0.047,0.105,0.156,0.098,0.082,0.067,0.078,0.089,0.088,0.082,0.031,0.053,0.030,0.039,0.034,0.124,0.047,0.067,0.046,0.066,0.036,0.051,0.000,0.080,0.051,0.038,0.058,0.068,0.086,0.111,0.050,0.076,0.066,0.028,0.076,0.083,0.048,0.093,0.024,0.008,0.035,0.010,0.091,0.086,0.030,0.010,0.076,0.029,0.174,0.070,0.030,0.053,0.073,0.125,0.073,0.038,0.075,0.098,0.047,0.071,0.054,0.036,0.043,0.078,0.071,0.118,0.044,0.088,0.001,0.089,0.087,0.045,0.087,0.030,0.045,0.082,0.083,0.098,0.053,0.059,0.082,0.054,0.078,0.079,0.032,0.065,0.214,0.091,0.112,0.042,0.132,0.101,0.078,0.104,0.222,0.031,0.027,0.039,0.100,0.147,0.096,0.015,0.033,0.033,0.074,0.058,0.043,0.066,0.208,0.107,0.062,0.106,0.124,0.100,0.086,0.077,0.089,0.135,0.083,0.098,0.052,0.073,0.160,0.053,0.113,0.025,0.045,0.020,0.055,0.111,0.028,0.131,0.082,0.016,0.049,0.120,0.092,0.049,0.074,0.058,0.037,0.092,0.067,0.049,0.035,0.094,0.114,0.106,0.110,0.082,0.072,0.088,0.070,0.085,0.048,0.084,0.114,0.119,0.109,0.148,0.023,0.017,0.140,0.005,0.021,0.088,0.156,0.019,0.078,0.041,0.086,0.061,0.057,0.060,0.181,0.035,0.150,0.149,0.027,0.082,0.071,0.070,0.048,0.084,0.051,0.088,0.063,0.057,0.058,0.034,0.068,0.045,0.046,0.041,0.003,0.017,0.097,0.132,0.037,0.124,0.038,0.080,0.061,0.084,0.081,0.078,0.097,0.093,0.086,0.039,0.081,0.112,0.073,0.095,0.062,0.094,0.042,0.190,0.161,0.085,0.055,0.060,0.150,0.033,0.023,0.029,0.077,0.092,0.039,0.013,0.094,0.031,0.025,0.066,0.077,0.052,0.023,0.023,0.153,0.116,0.047,0.122,0.047,0.159,0.108,0.077,0.099,0.159,0.122,0.097,0.040,0.122,0.049,0.125,0.081,0.057,0.087,0.133,0.030,0.175,0.082,0.083,0.068,0.040,0.083,0.040,0.029,0.048,0.003,0.079,0.159,0.064,0.098,0.032,0.110,0.140,0.157,0.121,0.051,0.070,0.017,0.028,0.044,0.124,0.114,0.124,0.034,0.074,0.046,0.033,0.036,0.042,0.053,0.039,0.051,0.084,0.034,0.060,0.049,0.060,0.090,0.128,0.036,0.075,0.030,0.062,0.048,0.002,0.090,0.075,0.068,0.130,0.080,0.077,0.068,0.039,0.045,0.023,0.034,0.057,0.063,0.088,0.118,0.069,0.050,0.117,0.029,0.039,0.049,0.097,0.016,0.071,0.045,0.073,0.051,0.087,0.044,0.051,0.060,0.041,0.098,0.081,0.065,0.030,0.074,0.030,0.024,0.023,0.022,0.024,0.058,0.023,0.003,0.099,0.037,0.088,0.063,0.096,0.070,0.016,0.027,0.091,0.094,0.047,0.067,0.073,0.082,0.074,0.086,0.165,0.101,0.065,0.130,0.078,0.043,0.054,0.040,0.015,0.028,0.055,0.102,0.033,0.065,0.011,0.048,0.053,0.057,0.069,0.058,0.055,0.046,0.050,0.002,0.014,0.101,0.109,0.028,0.054,0.031
LP6005443-DNA_A07,0.084,0.066,0.063,0.078,0.120,0.042,0.068,0.060,0.051,0.102,0.072,0.082,0.049,0.063,0.048,0.083,0.067,0.073,0.135,0.194,0.114,0.088,0.068,0.065,0.046,0.093,0.105,0.133,0.086,0.104,0.107,0.090,0.135,0.131,0.066,0.146,0.065,0.088,0.112,0.131,0.100,0.117,0.047,0.058,0.053,0.048,0.063,0.056,0.056,0.049,0.032,0.051,0.090,0.053,0.072,0.055,0.063,0.081,0.061,0.073,0.072,0.055,0.052,0.060,0.073,0.075,0.076,0.094,0.095,0.079,0.149,0.055,0.076,0.079,0.072,0.054,0.083,0.141,0.100,0.060,0.121,0.078,0.052,0.022,0.029,0.015,0.004,0.054,0.059,0.026,0.054,0.055,0.023,0.015,0.045,0.106,0.049,0.060,0.038,0.047,0.012,0.125,0.083,0.018,0.072,0.033,0.038,0.011,0.006,0.018,0.040,0.067,0.091,0.059,0.020,0.114,0.012,0.033,0.003,0.049,0.004,0.037,0.041,0.007,0.062,0.069,0.033,0.009,0.034,0.083,0.063,0.026,0.061,0.055,0.065,0.079,0.102,0.013,0.090,0.075,0.039,0.002,0.001,0.032,0.028,0.025,0.073,0.081,0.050,0.046,0.005,0.016,0.039,0.019,0.015,0.017,0.003,0.022,0.037,0.009,0.035,0.051,0.035,0.026,0.053,0.018,0.019,0.041,0.015,0.048,0.108,0.006,0.086,0.063,0.002,0.016,0.010,0.025,0.028,0.029,0.164,0.019,0.089,0.092,0.059,0.010,0.041,0.039,0.066,0.028,0.016,0.015,0.037,0.047,0.105,0.057,0.029,0.038,0.059,0.064,0.071,0.090,0.037,0.007,0.054,0.089,0.072,0.086,0.044,0.093,0.069,0.019,0.098,0.055,0.017,0.083,0.047,0.072,0.077,0.072,0.081,0.070,0.019,0.076,0.077,0.061,0.047,0.088,0.056,0.058,0.076,0.063,0.080,0.057,0.056,0.124,0.008,0.053,0.088,0.067,0.055,0.076,0.085,0.074,0.025,0.047,0.090,0.085,0.036,0.056,0.056,0.044,0.077,0.097,0.073,0.009,0.052,0.028,0.048,0.027,0.050,0.056,0.038,0.052,0.064,0.077,0.023,0.052,0.028,0.075,0.064,0.032,0.033,0.021,0.070,0.065,0.056,0.107,0.042,0.049,0.098,0.048,0.029,0.039,0.057,0.031,0.026,0.027,0.027,0.022,0.043,0.038,0.040,0.031,0.070,0.019,0.007,0.012,0.079,0.007,0.083,0.091,0.018,0.025,0.060,0.002,0.076,0.024,0.020,0.044,0.027,0.022,0.049,0.021,0.030,0.042,0.055,0.007,0.011,0.058,0.053,0.051,0.051,0.023,0.035,0.116,0.071,0.063,0.066,0.039,0.047,0.080,0.016,0.066,0.085,0.097,0.059,0.083,0.049,0.093,0.063,0.052,0.076,0.058,0.059,0.055,0.090,0.054,0.079,0.095,0.162,0.115,0.075,0.065,0.103,0.110,0.050,0.063,0.047,0.120,0.095,0.099,0.082,0.050,0.049,0.084,0.046,0.083,0.076,0.067,0.079,0.060,0.060,0.112,0.069,0.130,0.098,0.061,0.088,0.060,0.086,0.133,0.095,0.047,0.142,0.174,0.129,0.087,0.062,0.110,0.098,0.119,0.100,0.076,0.060,0.111,0.084,0.034,0.093,0.115,0.081,0.052,0.092,0.082,0.061,0.026,0.108,0.061,0.010,0.058,0.044,0.078,0.053,0.073,0.158,0.163,0.157,0.115,0.095,0.165,0.055,0.095,0.098,0.105,0.088,0.119,0.093,0.077,0.062,0.077,0.087,0.071,0.051,0.057,0.065,0.057,0.088,0.067,0.065
LP6005443-DNA_A08,0.070,0.073,0.080,0.070,0.083,0.107,0.005,0.041,0.059,0.040,0.046,0.032,0.046,0.033,0.055,0.041,0.042,0.041,0.042,0.038,0.057,0.040,0.038,0.027,0.036,0.047,0.035,0.039,0.048,0.044,0.045,0.042,0.043,0.032,0.004,0.005,0.005,0.003,0.003,0.003,0.059,0.063,0.209,0.204,0.204,0.181,0.196,0.222,0.214,0.214,0.228,0.225,0.189,0.215,0.187,0.182,0.212,0.188,0.173,0.196,0.172,0.199,0.176,0.171,0.213,0.191,0.220,0.080,0.073,0.054,0.059,0.065,0.067,0.057,0.071,0.054,0.069,0.011,0.020,0.016,0.016,0.015,0.026,0.001,0.109,0.001,0.001,0.189,0.002,0.001,0.102,0.002,0.001,0.002,0.003,0.005,0.231,0.003,0.002,0.002,0.002,0.003,0.003,0.002,0.004,0.002,0.005,0.002,0.001,0.002,0.002,0.003,0.006,0.002,0.001,0.004,0.002,0.001,0.001,0.005,0.001,0.002,0.006,0.001,0.003,0.003,0.003,0.001,0.001,0.004,0.002,0.003,0.002,0.003,0.004,0.003,0.003,0.001,0.004,0.002,0.002,0.001,0.000,0.002,0.001,0.001,0.003,0.002,0.002,0.002,0.001,0.001,0.001,0.001,0.001,0.001,0.000,0.002,0.001,0.000,0.001,0.003,0.002,0.002,0.002,0.002,0.003,0.012,0.002,0.003,0.002,0.001,0.003,0.002,0.001,0.001,0.002,0.001,0.001,0.001,0.003,0.000,0.003,0.001,0.003,0.001,0.003,0.001,0.003,0.001,0.000,0.002,0.001,0.002,0.005,0.003,0.003,0.002,0.004,0.004,0.003,0.002,0.003,0.001,0.005,0.246,0.003,0.003,0.002,0.003,0.002,0.001,0.003,0.213,0.002,0.003,0.001,0.004,0.003,0.223,0.213,0.003,0.002,0.003,0.002,0.002,0.002,0.003,0.190,0.254,0.004,0.002,0.003,0.195,0.229,0.005,0.002,0.002,0.002,0.002,0.002,0.004,0.225,0.228,0.001,0.002,0.003,0.004,0.002,0.001,0.203,0.001,0.002,0.002,0.003,0.002,0.180,0.002,0.002,0.007,0.004,0.003,0.002,0.004,0.004,0.003,0.002,0.002,0.003,0.003,0.002,0.001,0.005,0.001,0.002,0.006,0.002,0.004,0.002,0.002,0.005,0.002,0.003,0.009,0.003,0.001,0.001,0.002,0.002,0.001,0.003,0.001,0.002,0.002,0.003,0.001,0.002,0.002,0.003,0.006,0.003,0.003,0.001,0.002,0.004,0.000,0.003,0.002,0.000,0.002,0.002,0.003,0.003,0.001,0.003,0.002,0.003,0.001,0.001,0.006,0.002,0.004,0.006,0.003,0.004,0.069,0.194,0.231,0.177,0.200,0.200,0.221,0.175,0.002,0.003,0.006,0.004,0.003,0.003,0.004,0.003,0.165,0.175,0.184,0.121,0.184,0.115,0.176,0.004,0.004,0.003,0.005,0.003,0.002,0.004,0.003,0.002,0.002,0.003,0.004,0.003,0.002,0.003,0.206,0.099,0.180,0.081,0.196,0.221,0.141,0.190,0.042,0.036,0.041,0.065,0.036,0.030,0.039,0.043,0.033,0.038,0.034,0.043,0.052,0.052,0.036,0.034,0.047,0.047,0.062,0.070,0.012,0.018,0.007,0.018,0.011,0.008,0.002,0.007,0.004,0.005,0.005,0.004,0.002,0.002,0.001,0.004,0.196,0.000,0.003,0.113,0.120,0.002,0.007,0.011,0.005,0.007,0.004,0.004,0.005,0.050,0.134,0.149,0.154,0.155,0.144,0.136,0.153,0.135,0.120,0.119,0.138,0.136,0.123,0.151,0.146,0.127,0.074,0.098
LP6005443-DNA_A12,0.041,0.093,0.096,0.076,0.087,0.080,0.104,0.034,0.021,0.094,0.091,0.037,0.079,0.079,0.059,0.087,0.064,0.079,0.050,0.112,0.045,0.090,0.071,0.032,0.044,0.067,0.032,0.113,0.083,0.087,0.072,0.055,0.048,0.061,0.087,0.182,0.121,0.126,0.063,0.109,0.108,0.041,0.085,0.108,0.049,0.067,0.111,0.067,0.072,0.037,0.118,0.068,0.072,0.101,0.044,0.098,0.046,0.070,0.112,0.080,0.081,0.061,0.047,0.072,0.132,0.041,0.063,0.091,0.058,0.077,0.079,0.029,0.073,0.046,0.071,0.047,0.036,0.060,0.036,0.072,0.072,0.043,0.040,0.040,0.063,0.026,0.039,0.111,0.310,0.018,0.080,0.163,0.054,0.049,0.077,0.085,0.079,0.239,0.032,0.025,0.024,0.116,0.065,0.014,0.115,0.067,0.045,0.022,0.024,0.046,0.062,0.088,0.107,0.067,0.023,0.139,0.021,0.036,0.022,0.040,0.029,0.018,0.062,0.076,0.053,0.125,0.195,0.026,0.077,0.080,0.131,0.057,0.118,0.114,0.218,0.061,0.096,0.022,0.109,0.119,0.258,0.015,0.000,0.018,0.037,0.030,0.022,0.079,0.182,0.146,0.009,0.017,0.078,0.065,0.081,0.030,0.030,0.100,0.062,0.042,0.027,0.061,0.037,0.036,0.161,0.020,0.015,0.058,0.057,0.050,0.071,0.043,0.077,0.091,0.016,0.023,0.018,0.022,0.034,0.023,0.101,0.022,0.120,0.094,0.045,0.046,0.026,0.074,0.091,0.037,0.065,0.087,0.022,0.053,0.090,0.096,0.044,0.062,0.115,0.081,0.125,0.054,0.095,0.041,0.088,0.059,0.312,0.167,0.063,0.119,0.057,0.022,0.069,0.053,0.025,0.040,0.117,0.068,0.061,0.094,0.034,0.102,0.012,0.112,0.177,0.087,0.097,0.113,0.056,0.104,0.138,0.089,0.068,0.071,0.053,0.077,0.056,0.173,0.109,0.123,0.078,0.181,0.065,0.065,0.028,0.224,0.072,0.172,0.091,0.083,0.085,0.208,0.070,0.083,0.144,0.017,0.038,0.142,0.186,0.034,0.030,0.077,0.117,0.027,0.025,0.029,0.037,0.083,0.008,0.061,0.229,0.064,0.033,0.039,0.084,0.066,0.042,0.069,0.068,0.037,0.120,0.207,0.025,0.024,0.050,0.021,0.047,0.063,0.025,0.009,0.039,0.045,0.045,0.054,0.059,0.061,0.030,0.054,0.054,0.036,0.059,0.105,0.015,0.006,0.064,0.018,0.101,0.031,0.007,0.040,0.063,0.038,0.075,0.040,0.197,0.225,0.182,0.068,0.027,0.006,0.017,0.029,0.035,0.033,0.069,0.127,0.075,0.064,0.064,0.057,0.073,0.038,0.032,0.029,0.053,0.093,0.076,0.037,0.069,0.081,0.065,0.097,0.080,0.046,0.065,0.081,0.112,0.042,0.079,0.065,0.123,0.064,0.038,0.074,0.130,0.168,0.015,0.055,0.054,0.076,0.059,0.087,0.042,0.071,0.056,0.070,0.082,0.076,0.094,0.058,0.130,0.112,0.064,0.116,0.036,0.069,0.096,0.093,0.051,0.041,0.109,0.121,0.069,0.022,0.115,0.122,0.091,0.108,0.035,0.039,0.058,0.131,0.031,0.069,0.078,0.141,0.088,0.059,0.048,0.081,0.096,0.042,0.051,0.118,0.064,0.031,0.067,0.022,0.031,0.175,0.035,0.084,0.159,0.082,0.080,0.138,0.105,0.116,0.056,0.098,0.063,0.051,0.061,0.097,0.094,0.099,0.078,0.078,0.051,0.055,0.083,0.079,0.039,0.063,0.082,0.047,0.063,0.063,0.079
LP6005443-DNA_B01,0.052,0.090,0.123,0.084,0.053,0.055,0.127,0.072,0.036,0.078,0.104,0.035,0.125,0.055,0.044,0.100,0.052,0.096,0.066,0.054,0.079,0.104,0.057,0.070,0.074,0.058,0.056,0.097,0.061,0.065,0.062,0.057,0.084,0.085,0.108,0.098,0.102,0.111,0.074,0.085,0.079,0.085,0.083,0.079,0.054,0.068,0.083,0.078,0.056,0.069,0.094,0.084,0.071,0.070,0.048,0.068,0.071,0.063,0.099,0.074,0.065,0.068,0.065,0.073,0.058,0.060,0.088,0.080,0.067,0.142,0.102,0.102,0.070,0.085,0.097,0.079,0.077,0.093,0.063,0.089,0.099,0.100,0.057,0.015,0.047,0.005,0.014,0.071,0.089,0.018,0.093,0.065,0.009,0.011,0.072,0.098,0.054,0.109,0.029,0.027,0.033,0.148,0.060,0.009,0.094,0.038,0.020,0.030,0.011,0.026,0.008,0.097,0.085,0.072,0.004,0.115,0.016,0.023,0.008,0.075,0.010,0.022,0.034,0.016,0.086,0.069,0.065,0.007,0.018,0.078,0.069,0.023,0.084,0.077,0.089,0.095,0.104,0.011,0.076,0.110,0.114,0.007,0.002,0.017,0.036,0.011,0.077,0.070,0.106,0.046,0.012,0.010,0.037,0.019,0.024,0.012,0.010,0.049,0.025,0.018,0.011,0.071,0.018,0.006,0.068,0.003,0.014,0.041,0.014,0.025,0.072,0.012,0.076,0.092,0.009,0.001,0.018,0.021,0.053,0.013,0.113,0.023,0.048,0.064,0.063,0.012,0.025,0.066,0.081,0.020,0.010,0.045,0.030,0.045,0.081,0.087,0.005,0.027,0.079,0.057,0.087,0.089,0.032,0.009,0.086,0.056,0.142,0.081,0.042,0.070,0.061,0.017,0.099,0.068,0.013,0.058,0.054,0.050,0.054,0.071,0.051,0.067,0.015,0.079,0.113,0.041,0.013,0.097,0.057,0.054,0.082,0.096,0.057,0.067,0.074,0.066,0.022,0.055,0.123,0.040,0.052,0.074,0.078,0.068,0.007,0.093,0.085,0.060,0.014,0.091,0.068,0.076,0.042,0.068,0.102,0.003,0.066,0.027,0.064,0.037,0.030,0.082,0.076,0.017,0.018,0.050,0.020,0.013,0.011,0.082,0.110,0.038,0.031,0.014,0.095,0.029,0.049,0.117,0.052,0.031,0.107,0.083,0.013,0.033,0.035,0.038,0.016,0.038,0.004,0.000,0.038,0.045,0.056,0.046,0.057,0.027,0.021,0.012,0.081,0.003,0.078,0.087,0.007,0.007,0.055,0.000,0.107,0.010,0.002,0.040,0.026,0.027,0.082,0.004,0.062,0.065,0.078,0.006,0.011,0.017,0.032,0.025,0.057,0.026,0.060,0.061,0.078,0.046,0.066,0.064,0.065,0.094,0.029,0.038,0.092,0.084,0.077,0.068,0.075,0.088,0.062,0.048,0.074,0.040,0.085,0.095,0.068,0.076,0.099,0.082,0.103,0.100,0.093,0.083,0.112,0.109,0.063,0.087,0.046,0.081,0.064,0.063,0.046,0.083,0.093,0.052,0.074,0.060,0.051,0.103,0.087,0.053,0.064,0.114,0.059,0.081,0.095,0.100,0.095,0.069,0.085,0.056,0.068,0.077,0.071,0.092,0.097,0.112,0.086,0.073,0.049,0.110,0.103,0.075,0.082,0.070,0.061,0.078,0.081,0.082,0.099,0.047,0.080,0.097,0.075,0.016,0.067,0.047,0.021,0.084,0.068,0.091,0.060,0.095,0.054,0.077,0.089,0.112,0.062,0.058,0.049,0.066,0.070,0.088,0.065,0.103,0.073,0.040,0.062,0.064,0.048,0.064,0.051,0.038,0.041,0.053,0.057,0.034,0.097
LP6005443-DNA_B02,0.053,0.041,0.050,0.092,0.118,0.106,0.071,0.119,0.050,0.079,0.092,0.069,0.018,0.077,0.053,0.066,0.089,0.076,0.073,0.050,0.042,0.058,0.053,0.053,0.039,0.094,0.044,0.057,0.053,0.015,0.030,0.042,0.065,0.056,0.059,0.064,0.041,0.026,0.045,0.065,0.100,0.059,0.029,0.059,0.088,0.044,0.037,0.031,0.090,0.084,0.057,0.036,0.060,0.021,0.044,0.032,0.055,0.023,0.031,0.033,0.027,0.036,0.131,0.031,0.028,0.087,0.027,0.043,0.104,0.068,0.093,0.022,0.097,0.048,0.103,0.062,0.099,0.053,0.057,0.096,0.080,0.093,0.037,0.042,0.110,0.028,0.033,0.113,0.068,0.055,0.079,0.106,0.031,0.028,0.062,0.063,0.107,0.060,0.057,0.041,0.018,0.034,0.038,0.018,0.049,0.027,0.022,0.016,0.018,0.068,0.019,0.078,0.121,0.161,0.024,0.053,0.020,0.023,0.012,0.069,0.021,0.013,0.051,0.023,0.108,0.069,0.139,0.026,0.050,0.069,0.050,0.023,0.042,0.099,0.090,0.107,0.030,0.021,0.135,0.056,0.128,0.011,0.006,0.034,0.034,0.020,0.043,0.052,0.073,0.114,0.020,0.019,0.098,0.036,0.037,0.043,0.033,0.058,0.031,0.015,0.031,0.058,0.033,0.018,0.060,0.009,0.019,0.026,0.019,0.013,0.072,0.023,0.048,0.070,0.010,0.048,0.022,0.040,0.044,0.028,0.106,0.036,0.067,0.030,0.061,0.019,0.045,0.113,0.041,0.021,0.008,0.056,0.014,0.036,0.065,0.057,0.044,0.055,0.080,0.048,0.063,0.110,0.025,0.018,0.042,0.040,0.055,0.040,0.025,0.058,0.075,0.028,0.041,0.083,0.018,0.064,0.041,0.123,0.059,0.040,0.017,0.053,0.017,0.141,0.110,0.063,0.039,0.127,0.034,0.082,0.053,0.077,0.065,0.027,0.089,0.076,0.026,0.036,0.137,0.030,0.105,0.083,0.130,0.043,0.018,0.081,0.176,0.113,0.031,0.025,0.033,0.102,0.055,0.063,0.048,0.020,0.034,0.057,0.076,0.031,0.029,0.078,0.076,0.059,0.029,0.040,0.011,0.045,0.043,0.060,0.103,0.022,0.029,0.019,0.038,0.033,0.047,0.102,0.033,0.008,0.056,0.072,0.020,0.046,0.096,0.065,0.050,0.030,0.035,0.026,0.020,0.063,0.053,0.106,0.085,0.036,0.021,0.032,0.077,0.029,0.121,0.084,0.013,0.014,0.045,0.011,0.153,0.015,0.014,0.067,0.011,0.034,0.070,0.029,0.086,0.121,0.087,0.027,0.033,0.035,0.036,0.029,0.062,0.016,0.035,0.134,0.148,0.107,0.026,0.070,0.016,0.028,0.029,0.030,0.066,0.071,0.052,0.041,0.070,0.083,0.073,0.104,0.087,0.046,0.030,0.092,0.102,0.019,0.050,0.055,0.073,0.105,0.108,0.064,0.052,0.089,0.037,0.031,0.020,0.052,0.038,0.067,0.047,0.040,0.082,0.094,0.064,0.044,0.037,0.093,0.048,0.052,0.039,0.071,0.095,0.071,0.036,0.084,0.046,0.032,0.043,0.099,0.104,0.015,0.057,0.049,0.036,0.068,0.087,0.056,0.070,0.035,0.090,0.102,0.051,0.072,0.096,0.079,0.079,0.062,0.046,0.081,0.056,0.094,0.042,0.061,0.066,0.025,0.022,0.050,0.020,0.040,0.052,0.105,0.056,0.052,0.074,0.036,0.082,0.026,0.119,0.100,0.065,0.041,0.057,0.102,0.044,0.092,0.195,0.138,0.087,0.121,0.104,0.183,0.087,0.136,0.026,0.131,0.035
LP6005443-DNA_B03,0.058,0.080,0.079,0.055,0.057,0.057,0.036,0.046,0.061,0.108,0.077,0.075,0.058,0.074,0.057,0.052,0.033,0.051,0.083,0.104,0.053,0.128,0.058,0.054,0.073,0.084,0.085,0.112,0.066,0.040,0.102,0.064,0.097,0.131,0.055,0.066,0.062,0.037,0.081,0.106,0.121,0.079,0.065,0.093,0.058,0.050,0.076,0.053,0.056,0.033,0.094,0.056,0.060,0.046,0.056,0.072,0.067,0.047,0.084,0.058,0.059,0.043,0.043,0.070,0.075,0.036,0.072,0.095,0.113,0.079,0.084,0.041,0.069,0.075,0.088,0.086,0.051,0.094,0.082,0.061,0.125,0.070,0.081,0.070,0.042,0.018,0.034,0.054,0.148,0.042,0.034,0.130,0.037,0.008,0.035,0.148,0.060,0.145,0.029,0.027,0.034,0.117,0.052,0.020,0.076,0.053,0.050,0.013,0.036,0.030,0.027,0.096,0.122,0.066,0.031,0.082,0.037,0.044,0.019,0.106,0.021,0.007,0.074,0.034,0.086,0.106,0.128,0.010,0.078,0.101,0.088,0.043,0.098,0.127,0.199,0.057,0.105,0.024,0.144,0.142,0.131,0.006,0.013,0.026,0.041,0.032,0.038,0.071,0.156,0.136,0.027,0.007,0.043,0.067,0.020,0.014,0.026,0.060,0.054,0.035,0.040,0.080,0.024,0.021,0.086,0.016,0.009,0.046,0.037,0.043,0.037,0.028,0.075,0.069,0.003,0.043,0.017,0.054,0.043,0.031,0.133,0.021,0.115,0.095,0.113,0.010,0.038,0.077,0.067,0.027,0.051,0.034,0.022,0.067,0.119,0.069,0.030,0.041,0.090,0.051,0.155,0.108,0.142,0.019,0.120,0.080,0.118,0.088,0.091,0.132,0.116,0.013,0.087,0.038,0.006,0.093,0.087,0.142,0.108,0.063,0.057,0.094,0.017,0.104,0.176,0.135,0.079,0.131,0.058,0.058,0.077,0.078,0.118,0.060,0.071,0.090,0.046,0.134,0.121,0.108,0.068,0.113,0.074,0.092,0.040,0.119,0.099,0.158,0.100,0.048,0.070,0.136,0.075,0.120,0.211,0.011,0.048,0.062,0.125,0.015,0.049,0.057,0.122,0.049,0.033,0.098,0.038,0.064,0.022,0.070,0.159,0.061,0.058,0.042,0.125,0.043,0.061,0.099,0.046,0.065,0.086,0.173,0.012,0.013,0.064,0.062,0.049,0.048,0.016,0.034,0.035,0.041,0.050,0.060,0.076,0.047,0.031,0.030,0.099,0.012,0.077,0.098,0.017,0.021,0.119,0.014,0.105,0.042,0.004,0.092,0.054,0.088,0.088,0.036,0.107,0.080,0.094,0.049,0.012,0.032,0.020,0.039,0.054,0.031,0.069,0.094,0.079,0.049,0.062,0.037,0.052,0.051,0.050,0.040,0.070,0.087,0.085,0.069,0.064,0.058,0.053,0.077,0.056,0.070,0.038,0.053,0.089,0.072,0.089,0.060,0.097,0.093,0.042,0.093,0.105,0.092,0.050,0.079,0.046,0.131,0.081,0.060,0.074,0.070,0.042,0.081,0.086,0.095,0.068,0.067,0.123,0.070,0.054,0.143,0.069,0.136,0.053,0.081,0.070,0.052,0.105,0.097,0.085,0.042,0.137,0.069,0.114,0.080,0.031,0.099,0.081,0.079,0.078,0.069,0.029,0.058,0.102,0.061,0.071,0.090,0.099,0.052,0.071,0.113,0.089,0.028,0.124,0.027,0.033,0.134,0.068,0.105,0.109,0.067,0.095,0.092,0.102,0.094,0.094,0.062,0.077,0.062,0.054,0.085,0.087,0.100,0.072,0.049,0.048,0.080,0.062,0.069,0.059,0.056,0.031,0.058,0.064,0.019,0.073
LP6005443-DNA_B04,0.076,0.052,0.057,0.095,0.086,0.064,0.134,0.023,0.055,0.101,0.089,0.098,0.060,0.072,0.049,0.085,0.067,0.123,0.093,0.082,0.059,0.063,0.060,0.086,0.065,0.087,0.108,0.154,0.118,0.065,0.055,0.038,0.063,0.077,0.097,0.120,0.078,0.058,0.064,0.108,0.060,0.094,0.062,0.115,0.053,0.116,0.100,0.052,0.049,0.047,0.056,0.102,0.049,0.081,0.079,0.043,0.051,0.061,0.111,0.081,0.126,0.077,0.066,0.071,0.054,0.034,0.103,0.065,0.079,0.103,0.095,0.044,0.124,0.136,0.097,0.097,0.062,0.067,0.136,0.111,0.085,0.072,0.067,0.037,0.045,0.020,0.015,0.069,0.086,0.034,0.048,0.088,0.019,0.026,0.067,0.126,0.030,0.074,0.030,0.047,0.035,0.081,0.127,0.030,0.128,0.063,0.028,0.024,0.030,0.041,0.031,0.102,0.131,0.094,0.018,0.073,0.049,0.032,0.020,0.077,0.017,0.030,0.088,0.021,0.100,0.114,0.094,0.039,0.043,0.080,0.086,0.016,0.145,0.132,0.106,0.079,0.128,0.015,0.114,0.132,0.073,0.005,0.015,0.044,0.019,0.031,0.073,0.159,0.115,0.086,0.007,0.012,0.048,0.020,0.036,0.017,0.038,0.045,0.039,0.003,0.017,0.075,0.071,0.021,0.070,0.015,0.023,0.026,0.029,0.021,0.115,0.048,0.087,0.136,0.004,0.026,0.010,0.047,0.053,0.026,0.085,0.020,0.135,0.157,0.137,0.008,0.029,0.108,0.068,0.036,0.010,0.034,0.037,0.048,0.144,0.092,0.020,0.033,0.168,0.085,0.164,0.171,0.076,0.023,0.089,0.043,0.070,0.085,0.092,0.115,0.158,0.018,0.088,0.077,0.005,0.095,0.071,0.150,0.127,0.055,0.077,0.070,0.025,0.161,0.131,0.115,0.057,0.118,0.049,0.093,0.067,0.087,0.088,0.025,0.067,0.108,0.020,0.115,0.075,0.076,0.087,0.065,0.038,0.057,0.011,0.062,0.162,0.089,0.053,0.089,0.054,0.084,0.117,0.051,0.107,0.018,0.068,0.075,0.039,0.038,0.025,0.099,0.092,0.033,0.036,0.096,0.037,0.075,0.021,0.058,0.082,0.020,0.019,0.011,0.100,0.019,0.042,0.143,0.051,0.041,0.071,0.123,0.028,0.038,0.032,0.048,0.051,0.021,0.024,0.015,0.026,0.054,0.097,0.054,0.125,0.032,0.029,0.020,0.123,0.038,0.178,0.119,0.013,0.016,0.109,0.029,0.109,0.037,0.003,0.085,0.035,0.053,0.135,0.054,0.066,0.057,0.073,0.015,0.024,0.042,0.025,0.035,0.038,0.013,0.044,0.079,0.087,0.102,0.061,0.077,0.059,0.106,0.060,0.087,0.105,0.150,0.148,0.092,0.113,0.105,0.121,0.065,0.087,0.071,0.049,0.127,0.057,0.062,0.102,0.085,0.129,0.120,0.112,0.120,0.067,0.094,0.049,0.061,0.030,0.105,0.088,0.142,0.090,0.053,0.056,0.066,0.095,0.095,0.066,0.045,0.074,0.083,0.048,0.103,0.073,0.067,0.027,0.066,0.049,0.067,0.093,0.064,0.089,0.104,0.073,0.075,0.079,0.057,0.094,0.081,0.134,0.093,0.059,0.156,0.041,0.077,0.093,0.064,0.093,0.058,0.087,0.077,0.129,0.105,0.067,0.027,0.121,0.046,0.011,0.102,0.020,0.097,0.078,0.091,0.065,0.076,0.141,0.103,0.086,0.068,0.103,0.049,0.045,0.045,0.054,0.062,0.082,0.045,0.072,0.062,0.031,0.052,0.057,0.047,0.025,0.116,0.101,0.091,0.108
LP6005443-DNA_B06,0.018,0.027,0.034,0.022,0.043,0.044,0.021,0.048,0.062,0.046,0.042,0.034,0.070,0.026,0.019,0.073,0.047,0.058,0.026,0.017,0.043,0.015,0.049,0.073,0.054,0.040,0.014,0.025,0.021,0.009,0.033,0.012,0.041,0.024,0.057,0.026,0.021,0.032,0.032,0.019,0.038,0.085,0.075,0.047,0.059,0.037,0.053,0.089,0.032,0.051,0.019,0.023,0.022,0.049,0.061,0.030,0.015,0.025,0.024,0.037,0.021,0.021,0.023,0.025,0.034,0.044,0.048,0.041,0.026,0.054,0.044,0.032,0.043,0.031,0.020,0.030,0.008,0.071,0.027,0.016,0.011,0.035,0.028,0.045,0.046,0.038,0.074,0.040,0.021,0.059,0.055,0.045,0.051,0.149,0.006,0.040,0.049,0.054,0.078,0.030,0.025,0.024,0.076,0.043,0.031,0.075,0.082,0.070,0.027,0.126,0.026,0.052,0.039,0.021,0.048,0.036,0.049,0.061,0.117,0.051,0.064,0.057,0.061,0.045,0.056,0.048,0.045,0.036,0.053,0.038,0.070,0.083,0.039,0.045,0.037,0.050,0.034,0.041,0.033,0.034,0.026,0.034,0.024,0.059,0.047,0.059,0.052,0.042,0.050,0.024,0.029,0.053,0.101,0.039,0.020,0.043,0.046,0.036,0.103,0.124,0.021,0.028,0.033,0.053,0.083,0.054,0.038,0.050,0.028,0.038,0.014,0.060,0.074,0.036,0.031,0.063,0.192,0.029,0.030,0.057,0.048,0.034,0.062,0.037,0.029,0.059,0.064,0.043,0.059,0.047,0.065,0.050,0.043,0.146,0.032,0.043,0.083,0.064,0.053,0.040,0.054,0.047,0.068,0.036,0.040,0.040,0.040,0.036,0.051,0.022,0.027,0.046,0.037,0.036,0.046,0.029,0.068,0.049,0.020,0.026,0.047,0.090,0.057,0.015,0.091,0.068,0.095,0.045,0.018,0.018,0.089,0.045,0.083,0.026,0.026,0.045,0.041,0.023,0.036,0.081,0.098,0.099,0.055,0.074,0.063,0.030,0.040,0.050,0.083,0.033,0.021,0.042,0.048,0.083,0.106,0.016,0.019,0.034,0.036,0.055,0.061,0.068,0.053,0.039,0.064,0.021,0.065,0.063,0.061,0.028,0.025,0.015,0.033,0.053,0.021,0.032,0.082,0.042,0.042,0.027,0.015,0.037,0.035,0.037,0.021,0.019,0.103,0.034,0.060,0.039,0.027,0.144,0.017,0.089,0.027,0.027,0.033,0.075,0.041,0.099,0.098,0.044,0.102,0.010,0.018,0.037,0.020,0.046,0.003,0.073,0.012,0.025,0.048,0.101,0.049,0.054,0.076,0.111,0.051,0.021,0.007,0.015,0.027,0.017,0.076,0.042,0.070,0.029,0.055,0.044,0.030,0.026,0.008,0.070,0.026,0.034,0.032,0.047,0.089,0.040,0.033,0.049,0.123,0.020,0.013,0.040,0.032,0.028,0.022,0.048,0.051,0.071,0.067,0.023,0.041,0.058,0.015,0.029,0.021,0.039,0.015,0.024,0.019,0.039,0.037,0.028,0.017,0.038,0.031,0.036,0.025,0.016,0.060,0.023,0.030,0.007,0.055,0.033,0.016,0.030,0.016,0.022,0.021,0.023,0.033,0.033,0.030,0.037,0.027,0.034,0.025,0.011,0.024,0.003,0.055,0.026,0.037,0.038,0.043,0.010,0.030,0.033,0.030,0.027,0.021,0.047,0.010,0.033,0.040,0.053,0.076,0.036,0.061,0.032,0.045,0.060,0.044,0.060,0.044,0.045,0.044,0.027,0.061,0.050,0.055,0.045,0.038,0.040,0.067,0.029,0.047,0.023,0.064,0.035,0.029,0.046,0.055,0.033,0.044
LP6005443-DNA_B07,0.064,0.056,0.101,0.089,0.100,0.083,0.103,0.098,0.080,0.067,0.071,0.087,0.106,0.079,0.060,0.118,0.099,0.081,0.106,0.133,0.104,0.075,0.116,0.104,0.122,0.125,0.064,0.120,0.069,0.049,0.077,0.087,0.129,0.058,0.088,0.132,0.094,0.083,0.098,0.109,0.087,0.105,0.128,0.096,0.134,0.077,0.146,0.154,0.105,0.118,0.094,0.103,0.114,0.117,0.129,0.187,0.107,0.134,0.123,0.126,0.141,0.072,0.117,0.108,0.127,0.122,0.150,0.111,0.093,0.114,0.163,0.084,0.084,0.107,0.115,0.110,0.120,0.112,0.057,0.085,0.086,0.089,0.068,0.020,0.095,0.016,0.012,0.081,0.069,0.017,0.083,0.045,0.020,0.023,0.087,0.154,0.164,0.054,0.024,0.020,0.051,0.105,0.087,0.012,0.096,0.041,0.024,0.017,0.018,0.021,0.035,0.118,0.095,0.081,0.009,0.104,0.029,0.027,0.014,0.049,0.012,0.031,0.055,0.018,0.062,0.070,0.064,0.007,0.019,0.106,0.040,0.017,0.074,0.053,0.079,0.126,0.103,0.021,0.090,0.112,0.045,0.003,0.005,0.025,0.020,0.027,0.076,0.099,0.094,0.060,0.004,0.016,0.047,0.021,0.022,0.036,0.011,0.087,0.028,0.007,0.014,0.096,0.015,0.023,0.075,0.019,0.024,0.030,0.016,0.032,0.092,0.009,0.101,0.063,0.006,0.015,0.026,0.028,0.066,0.017,0.116,0.021,0.067,0.124,0.065,0.008,0.029,0.051,0.050,0.023,0.017,0.027,0.047,0.047,0.094,0.086,0.020,0.020,0.052,0.058,0.077,0.129,0.034,0.016,0.110,0.070,0.067,0.117,0.048,0.075,0.074,0.021,0.064,0.088,0.013,0.117,0.035,0.095,0.105,0.089,0.109,0.060,0.020,0.109,0.088,0.027,0.047,0.108,0.078,0.099,0.057,0.112,0.076,0.123,0.093,0.074,0.014,0.066,0.083,0.041,0.073,0.078,0.080,0.104,0.019,0.059,0.107,0.045,0.044,0.073,0.104,0.049,0.071,0.108,0.094,0.011,0.115,0.042,0.095,0.022,0.042,0.077,0.117,0.035,0.022,0.091,0.027,0.008,0.020,0.085,0.095,0.020,0.027,0.012,0.094,0.029,0.039,0.130,0.033,0.026,0.119,0.094,0.021,0.023,0.034,0.023,0.011,0.030,0.025,0.011,0.027,0.036,0.054,0.068,0.076,0.018,0.019,0.010,0.061,0.007,0.099,0.110,0.028,0.017,0.071,0.007,0.112,0.016,0.012,0.054,0.020,0.036,0.057,0.012,0.088,0.057,0.096,0.008,0.014,0.042,0.041,0.036,0.115,0.020,0.040,0.071,0.073,0.128,0.095,0.109,0.117,0.125,0.089,0.058,0.082,0.110,0.084,0.068,0.065,0.058,0.065,0.127,0.116,0.077,0.111,0.117,0.143,0.115,0.067,0.097,0.125,0.105,0.103,0.094,0.089,0.108,0.044,0.055,0.043,0.104,0.056,0.062,0.049,0.096,0.154,0.108,0.066,0.137,0.079,0.129,0.112,0.117,0.070,0.130,0.066,0.088,0.086,0.072,0.132,0.045,0.055,0.095,0.085,0.037,0.103,0.131,0.090,0.076,0.076,0.070,0.068,0.107,0.104,0.077,0.054,0.075,0.095,0.083,0.073,0.092,0.070,0.075,0.078,0.088,0.084,0.034,0.126,0.096,0.028,0.121,0.059,0.072,0.051,0.097,0.076,0.118,0.148,0.112,0.104,0.092,0.057,0.121,0.095,0.108,0.094,0.099,0.081,0.116,0.038,0.109,0.105,0.029,0.136,0.095,0.056,0.101,0.110,0.099,0.075
LP6005443-DNA_B08,0.055,0.079,0.075,0.058,0.087,0.119,0.009,0.047,0.058,0.030,0.038,0.040,0.048,0.031,0.047,0.042,0.048,0.047,0.038,0.042,0.053,0.038,0.038,0.021,0.033,0.039,0.030,0.036,0.045,0.041,0.043,0.038,0.035,0.030,0.005,0.004,0.004,0.005,0.003,0.003,0.066,0.066,0.215,0.203,0.189,0.194,0.198,0.225,0.226,0.218,0.200,0.210,0.196,0.234,0.203,0.200,0.201,0.212,0.219,0.206,0.191,0.200,0.200,0.189,0.241,0.219,0.240,0.086,0.075,0.057,0.069,0.085,0.057,0.077,0.074,0.056,0.072,0.013,0.013,0.019,0.026,0.024,0.025,0.001,0.127,0.001,0.001,0.200,0.003,0.001,0.107,0.003,0.002,0.002,0.004,0.004,0.230,0.002,0.002,0.002,0.003,0.002,0.002,0.002,0.003,0.003,0.004,0.001,0.000,0.002,0.001,0.002,0.006,0.005,0.001,0.003,0.002,0.002,0.001,0.003,0.001,0.002,0.005,0.001,0.004,0.001,0.005,0.001,0.001,0.002,0.002,0.001,0.004,0.003,0.003,0.004,0.003,0.001,0.003,0.003,0.005,0.001,0.000,0.001,0.002,0.001,0.006,0.002,0.004,0.004,0.001,0.001,0.003,0.001,0.002,0.001,0.000,0.002,0.002,0.001,0.002,0.002,0.002,0.001,0.002,0.001,0.002,0.005,0.002,0.001,0.003,0.002,0.003,0.003,0.001,0.001,0.002,0.001,0.003,0.001,0.002,0.001,0.002,0.004,0.003,0.002,0.002,0.003,0.002,0.001,0.001,0.002,0.002,0.002,0.003,0.002,0.003,0.001,0.004,0.005,0.003,0.006,0.002,0.001,0.003,0.214,0.002,0.004,0.003,0.001,0.003,0.001,0.004,0.214,0.002,0.001,0.001,0.003,0.002,0.225,0.216,0.003,0.003,0.004,0.003,0.003,0.002,0.004,0.192,0.270,0.004,0.004,0.002,0.216,0.243,0.003,0.002,0.002,0.004,0.001,0.003,0.004,0.209,0.197,0.000,0.002,0.004,0.007,0.001,0.002,0.243,0.001,0.003,0.002,0.002,0.002,0.228,0.002,0.002,0.003,0.002,0.002,0.002,0.003,0.002,0.002,0.002,0.001,0.002,0.002,0.002,0.001,0.002,0.001,0.003,0.004,0.003,0.004,0.002,0.002,0.005,0.003,0.005,0.003,0.003,0.003,0.001,0.003,0.001,0.001,0.003,0.002,0.002,0.004,0.002,0.001,0.002,0.002,0.003,0.001,0.003,0.002,0.001,0.001,0.004,0.000,0.005,0.001,0.001,0.002,0.002,0.003,0.002,0.002,0.001,0.005,0.002,0.000,0.001,0.006,0.002,0.003,0.006,0.002,0.002,0.075,0.212,0.238,0.186,0.213,0.212,0.232,0.180,0.002,0.002,0.005,0.003,0.002,0.004,0.003,0.003,0.183,0.199,0.170,0.118,0.204,0.108,0.147,0.004,0.003,0.002,0.002,0.004,0.002,0.002,0.002,0.002,0.003,0.003,0.004,0.002,0.003,0.001,0.212,0.119,0.204,0.097,0.225,0.206,0.140,0.219,0.035,0.033,0.041,0.043,0.042,0.030,0.047,0.029,0.025,0.040,0.028,0.055,0.050,0.046,0.035,0.026,0.043,0.046,0.053,0.063,0.008,0.020,0.008,0.023,0.012,0.010,0.003,0.006,0.004,0.003,0.002,0.004,0.002,0.002,0.001,0.003,0.219,0.000,0.004,0.117,0.119,0.003,0.005,0.006,0.007,0.007,0.006,0.003,0.006,0.056,0.132,0.152,0.169,0.168,0.145,0.121,0.169,0.125,0.136,0.133,0.133,0.150,0.135,0.165,0.157,0.148,0.085,0.103
LP6005443-DNA_B10,0.101,0.064,0.075,0.068,0.091,0.035,0.089,0.079,0.116,0.044,0.027,0.047,0.083,0.071,0.073,0.112,0.075,0.091,0.064,0.113,0.056,0.035,0.030,0.056,0.048,0.073,0.040,0.046,0.011,0.093,0.040,0.077,0.042,0.046,0.029,0.037,0.019,0.050,0.016,0.025,0.093,0.106,0.110,0.083,0.049,0.095,0.091,0.059,0.066,0.101,0.069,0.060,0.032,0.046,0.106,0.092,0.078,0.127,0.076,0.101,0.041,0.055,0.068,0.118,0.057,0.124,0.100,0.071,0.096,0.060,0.078,0.061,0.075,0.060,0.092,0.068,0.060,0.060,0.046,0.076,0.016,0.033,0.043,0.047,0.068,0.065,0.028,0.080,0.088,0.095,0.057,0.058,0.049,0.186,0.058,0.047,0.096,0.088,0.101,0.079,0.044,0.015,0.010,0.035,0.052,0.091,0.049,0.080,0.049,0.107,0.097,0.029,0.051,0.051,0.158,0.093,0.069,0.124,0.029,0.030,0.060,0.077,0.117,0.092,0.044,0.028,0.085,0.075,0.181,0.044,0.110,0.147,0.031,0.045,0.130,0.014,0.033,0.098,0.042,0.125,0.067,0.030,0.052,0.042,0.085,0.099,0.028,0.020,0.126,0.045,0.023,0.083,0.082,0.079,0.047,0.079,0.054,0.036,0.068,0.101,0.064,0.070,0.049,0.096,0.085,0.106,0.093,0.068,0.068,0.079,0.028,0.068,0.061,0.008,0.029,0.037,0.096,0.038,0.025,0.084,0.088,0.050,0.049,0.058,0.076,0.143,0.089,0.083,0.015,0.040,0.058,0.128,0.084,0.031,0.032,0.023,0.101,0.106,0.098,0.109,0.038,0.035,0.056,0.164,0.051,0.093,0.060,0.039,0.042,0.012,0.014,0.065,0.037,0.084,0.063,0.075,0.122,0.066,0.029,0.125,0.104,0.090,0.123,0.071,0.105,0.080,0.107,0.030,0.058,0.045,0.098,0.002,0.054,0.075,0.026,0.031,0.131,0.075,0.010,0.078,0.053,0.063,0.092,0.094,0.029,0.122,0.024,0.090,0.075,0.050,0.089,0.053,0.067,0.053,0.052,0.065,0.117,0.034,0.096,0.093,0.078,0.074,0.086,0.126,0.013,0.039,0.068,0.079,0.050,0.041,0.059,0.024,0.024,0.072,0.047,0.103,0.021,0.052,0.077,0.114,0.056,0.088,0.111,0.085,0.100,0.025,0.120,0.070,0.099,0.037,0.077,0.108,0.039,0.106,0.073,0.104,0.069,0.086,0.020,0.087,0.054,0.088,0.075,0.036,0.030,0.063,0.021,0.013,0.056,0.030,0.098,0.059,0.077,0.138,0.093,0.112,0.133,0.095,0.063,0.025,0.043,0.061,0.055,0.033,0.067,0.089,0.147,0.107,0.108,0.065,0.111,0.105,0.068,0.055,0.047,0.079,0.046,0.065,0.033,0.034,0.061,0.124,0.096,0.117,0.122,0.122,0.084,0.060,0.021,0.070,0.053,0.060,0.078,0.034,0.101,0.041,0.025,0.030,0.053,0.072,0.032,0.010,0.059,0.125,0.094,0.094,0.070,0.062,0.108,0.092,0.062,0.074,0.029,0.061,0.058,0.104,0.076,0.052,0.051,0.109,0.042,0.037,0.069,0.027,0.031,0.096,0.051,0.046,0.059,0.041,0.032,0.020,0.041,0.018,0.045,0.050,0.030,0.067,0.058,0.089,0.060,0.065,0.047,0.039,0.033,0.063,0.030,0.099,0.022,0.135,0.073,0.074,0.090,0.040,0.067,0.065,0.059,0.031,0.019,0.092,0.042,0.084,0.062,0.041,0.056,0.062,0.131,0.072,0.091,0.059,0.102,0.080,0.052,0.040,0.104,0.062,0.075,0.080,0.062
LP6005443-DNA_C02,0.056,0.039,0.055,0.041,0.073,0.075,0.106,0.062,0.078,0.093,0.075,0.063,0.031,0.066,0.030,0.053,0.047,0.099,0.104,0.108,0.080,0.085,0.060,0.056,0.086,0.079,0.067,0.104,0.051,0.028,0.042,0.115,0.092,0.070,0.056,0.058,0.031,0.036,0.057,0.100,0.096,0.077,0.059,0.037,0.045,0.046,0.039,0.034,0.044,0.016,0.033,0.036,0.077,0.067,0.028,0.051,0.044,0.039,0.062,0.060,0.054,0.045,0.034,0.054,0.035,0.035,0.067,0.089,0.079,0.042,0.077,0.026,0.089,0.086,0.078,0.071,0.104,0.082,0.072,0.040,0.124,0.057,0.054,0.028,0.037,0.028,0.007,0.064,0.036,0.033,0.054,0.038,0.011,0.018,0.063,0.093,0.040,0.071,0.016,0.031,0.014,0.071,0.083,0.031,0.077,0.025,0.012,0.010,0.022,0.017,0.046,0.096,0.149,0.090,0.030,0.112,0.015,0.029,0.004,0.086,0.007,0.066,0.041,0.014,0.069,0.081,0.072,0.012,0.031,0.131,0.037,0.025,0.036,0.073,0.084,0.101,0.092,0.012,0.084,0.087,0.057,0.011,0.026,0.022,0.011,0.018,0.060,0.048,0.079,0.042,0.006,0.014,0.017,0.023,0.019,0.028,0.010,0.050,0.028,0.003,0.020,0.085,0.046,0.016,0.044,0.021,0.014,0.018,0.011,0.013,0.049,0.014,0.076,0.091,0.002,0.009,0.008,0.020,0.060,0.021,0.107,0.024,0.102,0.080,0.112,0.019,0.029,0.052,0.080,0.037,0.010,0.019,0.033,0.030,0.138,0.071,0.032,0.024,0.075,0.049,0.100,0.136,0.037,0.019,0.090,0.056,0.037,0.064,0.075,0.074,0.077,0.016,0.100,0.025,0.028,0.045,0.063,0.105,0.104,0.058,0.048,0.066,0.018,0.105,0.109,0.088,0.024,0.095,0.059,0.049,0.055,0.054,0.064,0.034,0.058,0.086,0.018,0.032,0.095,0.096,0.042,0.067,0.047,0.043,0.019,0.050,0.076,0.063,0.064,0.072,0.081,0.043,0.073,0.053,0.089,0.015,0.058,0.040,0.037,0.022,0.038,0.071,0.065,0.041,0.027,0.069,0.022,0.049,0.010,0.063,0.044,0.019,0.011,0.014,0.078,0.029,0.063,0.098,0.035,0.010,0.122,0.037,0.004,0.007,0.028,0.012,0.020,0.020,0.010,0.020,0.052,0.039,0.077,0.026,0.075,0.008,0.019,0.022,0.106,0.014,0.141,0.074,0.015,0.022,0.073,0.002,0.105,0.007,0.010,0.074,0.017,0.032,0.104,0.018,0.080,0.051,0.047,0.008,0.014,0.031,0.017,0.039,0.121,0.018,0.025,0.064,0.027,0.073,0.046,0.062,0.055,0.036,0.040,0.054,0.087,0.068,0.053,0.065,0.045,0.107,0.050,0.064,0.041,0.040,0.019,0.045,0.063,0.031,0.088,0.105,0.101,0.090,0.081,0.097,0.072,0.142,0.024,0.046,0.034,0.075,0.048,0.047,0.049,0.036,0.049,0.070,0.021,0.073,0.045,0.061,0.041,0.100,0.031,0.086,0.068,0.149,0.053,0.059,0.080,0.044,0.050,0.055,0.046,0.041,0.080,0.072,0.082,0.085,0.040,0.108,0.062,0.084,0.065,0.097,0.026,0.072,0.075,0.029,0.104,0.091,0.081,0.083,0.067,0.090,0.108,0.028,0.147,0.036,0.008,0.041,0.025,0.084,0.037,0.063,0.090,0.096,0.108,0.116,0.097,0.090,0.054,0.060,0.010,0.049,0.053,0.052,0.052,0.064,0.032,0.063,0.048,0.059,0.067,0.043,0.040,0.041,0.058,0.040,0.049
LP6005443-DNA_C03,0.034,0.056,0.040,0.033,0.026,0.022,0.071,0.036,0.040,0.041,0.027,0.077,0.052,0.058,0.045,0.043,0.060,0.074,0.033,0.045,0.014,0.084,0.029,0.017,0.023,0.029,0.019,0.030,0.055,0.042,0.047,0.053,0.021,0.018,0.040,0.077,0.052,0.024,0.037,0.022,0.032,0.027,0.015,0.029,0.012,0.023,0.019,0.028,0.017,0.017,0.023,0.020,0.014,0.019,0.008,0.018,0.021,0.017,0.022,0.015,0.014,0.031,0.024,0.017,0.026,0.009,0.012,0.032,0.031,0.068,0.025,0.006,0.040,0.011,0.037,0.027,0.016,0.034,0.056,0.083,0.041,0.063,0.034,0.029,0.015,0.017,0.044,0.023,0.098,0.031,0.012,0.071,0.023,0.046,0.046,0.061,0.009,0.089,0.024,0.021,0.024,0.066,0.041,0.007,0.072,0.044,0.030,0.027,0.017,0.078,0.049,0.056,0.155,0.106,0.038,0.050,0.017,0.041,0.020,0.073,0.043,0.057,0.059,0.035,0.048,0.062,0.059,0.057,0.055,0.045,0.082,0.045,0.078,0.056,0.078,0.059,0.078,0.020,0.078,0.152,0.063,0.015,0.038,0.011,0.036,0.024,0.051,0.031,0.132,0.042,0.022,0.015,0.065,0.039,0.008,0.024,0.046,0.050,0.023,0.074,0.009,0.049,0.015,0.021,0.078,0.035,0.018,0.037,0.029,0.024,0.048,0.052,0.038,0.106,0.007,0.031,0.018,0.024,0.043,0.022,0.050,0.020,0.051,0.048,0.080,0.050,0.025,0.060,0.040,0.028,0.038,0.052,0.014,0.035,0.090,0.022,0.025,0.052,0.087,0.036,0.107,0.077,0.088,0.058,0.062,0.015,0.122,0.070,0.065,0.089,0.078,0.040,0.041,0.023,0.048,0.065,0.035,0.061,0.055,0.012,0.018,0.062,0.010,0.120,0.188,0.169,0.094,0.094,0.002,0.047,0.043,0.043,0.058,0.026,0.019,0.099,0.027,0.105,0.070,0.133,0.098,0.077,0.020,0.027,0.021,0.077,0.169,0.079,0.062,0.064,0.016,0.049,0.038,0.105,0.100,0.037,0.015,0.067,0.101,0.050,0.024,0.085,0.064,0.040,0.020,0.022,0.019,0.065,0.019,0.044,0.077,0.024,0.028,0.050,0.033,0.018,0.016,0.095,0.031,0.042,0.024,0.130,0.061,0.043,0.027,0.014,0.053,0.066,0.048,0.030,0.043,0.029,0.038,0.030,0.047,0.056,0.042,0.018,0.058,0.060,0.100,0.115,0.023,0.020,0.058,0.062,0.079,0.018,0.001,0.032,0.032,0.035,0.092,0.032,0.076,0.040,0.100,0.030,0.028,0.018,0.020,0.017,0.003,0.017,0.078,0.068,0.031,0.023,0.020,0.010,0.028,0.013,0.010,0.029,0.079,0.089,0.041,0.047,0.057,0.051,0.108,0.019,0.082,0.017,0.013,0.012,0.029,0.022,0.059,0.089,0.064,0.072,0.069,0.074,0.052,0.056,0.027,0.030,0.015,0.054,0.039,0.078,0.038,0.015,0.011,0.012,0.046,0.024,0.020,0.035,0.032,0.023,0.033,0.070,0.035,0.044,0.015,0.033,0.019,0.015,0.080,0.047,0.037,0.028,0.060,0.013,0.035,0.048,0.011,0.023,0.094,0.043,0.028,0.061,0.020,0.036,0.034,0.048,0.023,0.053,0.070,0.051,0.026,0.041,0.031,0.021,0.116,0.012,0.037,0.101,0.017,0.074,0.077,0.044,0.060,0.055,0.025,0.050,0.043,0.034,0.097,0.056,0.090,0.064,0.115,0.120,0.084,0.065,0.101,0.076,0.066,0.061,0.067,0.050,0.044,0.090,0.066,0.025,0.069
LP6005443-DNA_C04,0.060,0.083,0.061,0.058,0.092,0.066,0.076,0.050,0.096,0.120,0.123,0.075,0.064,0.092,0.061,0.074,0.054,0.095,0.107,0.082,0.060,0.076,0.044,0.058,0.074,0.082,0.058,0.060,0.060,0.053,0.035,0.059,0.087,0.052,0.057,0.085,0.055,0.045,0.058,0.103,0.105,0.072,0.060,0.055,0.071,0.047,0.071,0.061,0.066,0.030,0.062,0.038,0.053,0.063,0.059,0.069,0.061,0.077,0.077,0.089,0.065,0.026,0.048,0.047,0.063,0.063,0.050,0.114,0.085,0.095,0.050,0.042,0.112,0.067,0.043,0.066,0.082,0.074,0.063,0.054,0.114,0.053,0.044,0.051,0.052,0.018,0.020,0.056,0.066,0.021,0.064,0.053,0.040,0.031,0.087,0.089,0.085,0.031,0.015,0.021,0.042,0.084,0.076,0.020,0.079,0.027,0.027,0.018,0.024,0.032,0.022,0.079,0.113,0.079,0.017,0.082,0.035,0.050,0.026,0.098,0.020,0.018,0.062,0.024,0.089,0.077,0.076,0.034,0.073,0.056,0.042,0.041,0.084,0.143,0.099,0.059,0.084,0.036,0.106,0.077,0.048,0.002,0.012,0.048,0.021,0.020,0.081,0.078,0.060,0.084,0.011,0.017,0.039,0.024,0.031,0.017,0.034,0.081,0.037,0.013,0.019,0.084,0.015,0.022,0.080,0.028,0.016,0.016,0.016,0.012,0.054,0.037,0.085,0.108,0.009,0.017,0.022,0.026,0.052,0.003,0.094,0.015,0.109,0.155,0.083,0.011,0.052,0.059,0.050,0.026,0.018,0.016,0.040,0.031,0.087,0.086,0.043,0.027,0.076,0.040,0.185,0.093,0.046,0.031,0.068,0.071,0.054,0.048,0.134,0.104,0.114,0.023,0.078,0.047,0.018,0.099,0.043,0.124,0.144,0.054,0.061,0.063,0.015,0.151,0.111,0.102,0.041,0.104,0.077,0.047,0.045,0.045,0.072,0.039,0.057,0.072,0.040,0.079,0.065,0.068,0.083,0.052,0.047,0.062,0.022,0.062,0.102,0.088,0.055,0.045,0.056,0.061,0.085,0.058,0.086,0.019,0.059,0.077,0.079,0.034,0.020,0.079,0.121,0.013,0.033,0.110,0.023,0.078,0.016,0.076,0.058,0.012,0.036,0.016,0.072,0.028,0.045,0.099,0.029,0.025,0.076,0.110,0.025,0.054,0.029,0.041,0.024,0.026,0.033,0.025,0.029,0.055,0.077,0.074,0.102,0.009,0.026,0.024,0.082,0.030,0.125,0.065,0.021,0.020,0.094,0.024,0.094,0.021,0.006,0.104,0.042,0.021,0.133,0.029,0.095,0.062,0.085,0.024,0.016,0.031,0.016,0.023,0.038,0.023,0.027,0.100,0.065,0.047,0.060,0.075,0.063,0.065,0.041,0.051,0.082,0.075,0.070,0.067,0.066,0.101,0.092,0.074,0.066,0.057,0.034,0.059,0.070,0.041,0.061,0.066,0.108,0.107,0.080,0.062,0.047,0.088,0.044,0.026,0.032,0.089,0.064,0.047,0.050,0.048,0.073,0.063,0.064,0.063,0.048,0.056,0.066,0.048,0.037,0.073,0.056,0.118,0.054,0.045,0.063,0.022,0.086,0.050,0.056,0.032,0.052,0.082,0.086,0.067,0.037,0.084,0.099,0.053,0.044,0.106,0.048,0.061,0.067,0.055,0.096,0.075,0.063,0.054,0.052,0.054,0.062,0.029,0.095,0.050,0.021,0.070,0.034,0.073,0.076,0.077,0.043,0.087,0.112,0.063,0.064,0.047,0.094,0.066,0.071,0.063,0.092,0.080,0.065,0.090,0.082,0.086,0.056,0.037,0.086,0.055,0.049,0.078,0.078,0.078,0.053
LP6005443-DNA_C06,0.036,0.078,0.062,0.078,0.077,0.082,0.100,0.104,0.064,0.095,0.100,0.057,0.112,0.135,0.083,0.108,0.080,0.149,0.088,0.070,0.090,0.090,0.102,0.063,0.072,0.064,0.092,0.097,0.050,0.026,0.067,0.075,0.100,0.064,0.089,0.122,0.053,0.079,0.057,0.131,0.138,0.071,0.081,0.081,0.055,0.047,0.085,0.070,0.079,0.124,0.051,0.061,0.055,0.070,0.043,0.111,0.130,0.057,0.076,0.080,0.079,0.043,0.063,0.073,0.083,0.033,0.087,0.116,0.066,0.098,0.079,0.084,0.080,0.118,0.053,0.093,0.128,0.067,0.118,0.115,0.124,0.053,0.070,0.030,0.032,0.030,0.011,0.070,0.052,0.026,0.058,0.048,0.030,0.014,0.072,0.109,0.050,0.039,0.021,0.031,0.024,0.068,0.111,0.014,0.143,0.027,0.029,0.013,0.022,0.051,0.014,0.065,0.074,0.088,0.010,0.097,0.030,0.023,0.023,0.083,0.003,0.022,0.061,0.007,0.079,0.121,0.058,0.010,0.022,0.037,0.048,0.035,0.050,0.075,0.105,0.073,0.084,0.025,0.084,0.050,0.051,0.040,0.005,0.043,0.021,0.043,0.079,0.175,0.066,0.049,0.008,0.004,0.022,0.012,0.035,0.024,0.006,0.057,0.021,0.031,0.007,0.161,0.036,0.049,0.036,0.007,0.020,0.020,0.015,0.009,0.055,0.009,0.102,0.106,0.003,0.008,0.023,0.015,0.048,0.010,0.100,0.022,0.141,0.105,0.131,0.002,0.029,0.051,0.061,0.026,0.009,0.011,0.050,0.027,0.149,0.069,0.013,0.014,0.065,0.041,0.101,0.140,0.030,0.012,0.077,0.054,0.057,0.058,0.064,0.087,0.102,0.010,0.095,0.031,0.012,0.099,0.043,0.152,0.177,0.062,0.062,0.055,0.007,0.119,0.075,0.064,0.045,0.070,0.054,0.096,0.065,0.093,0.100,0.077,0.085,0.089,0.037,0.077,0.076,0.076,0.053,0.044,0.049,0.107,0.031,0.065,0.093,0.091,0.064,0.045,0.058,0.057,0.131,0.050,0.090,0.001,0.042,0.036,0.059,0.010,0.020,0.131,0.056,0.007,0.016,0.069,0.023,0.040,0.006,0.078,0.046,0.021,0.055,0.001,0.091,0.014,0.045,0.125,0.032,0.020,0.135,0.074,0.003,0.018,0.032,0.017,0.009,0.010,0.012,0.020,0.034,0.068,0.096,0.074,0.116,0.007,0.015,0.027,0.124,0.009,0.110,0.127,0.006,0.011,0.093,0.000,0.103,0.009,0.011,0.078,0.037,0.027,0.097,0.008,0.054,0.055,0.078,0.010,0.030,0.040,0.030,0.038,0.052,0.024,0.034,0.094,0.093,0.065,0.102,0.058,0.081,0.072,0.076,0.112,0.070,0.068,0.163,0.053,0.085,0.070,0.047,0.094,0.087,0.060,0.052,0.063,0.084,0.069,0.099,0.069,0.088,0.134,0.073,0.086,0.054,0.123,0.034,0.047,0.072,0.067,0.072,0.038,0.065,0.049,0.081,0.058,0.027,0.083,0.076,0.052,0.118,0.079,0.044,0.123,0.098,0.127,0.056,0.099,0.103,0.049,0.089,0.068,0.041,0.046,0.073,0.082,0.084,0.053,0.075,0.062,0.057,0.081,0.079,0.112,0.048,0.121,0.059,0.036,0.133,0.077,0.084,0.067,0.067,0.102,0.077,0.042,0.086,0.031,0.007,0.053,0.040,0.043,0.033,0.068,0.057,0.081,0.103,0.078,0.106,0.044,0.071,0.073,0.031,0.082,0.057,0.072,0.082,0.076,0.056,0.077,0.057,0.058,0.087,0.061,0.035,0.053,0.068,0.084,0.089
LP6005443-DNA_C07,0.080,0.071,0.089,0.060,0.084,0.120,0.011,0.057,0.056,0.040,0.049,0.038,0.045,0.038,0.061,0.037,0.046,0.049,0.048,0.035,0.045,0.038,0.043,0.027,0.035,0.043,0.029,0.030,0.047,0.036,0.048,0.033,0.032,0.038,0.005,0.006,0.004,0.004,0.002,0.005,0.076,0.083,0.222,0.232,0.227,0.197,0.219,0.263,0.257,0.230,0.232,0.206,0.209,0.229,0.208,0.206,0.234,0.240,0.221,0.218,0.209,0.208,0.197,0.212,0.243,0.241,0.256,0.092,0.084,0.061,0.062,0.073,0.064,0.074,0.067,0.054,0.083,0.014,0.014,0.008,0.019,0.011,0.018,0.002,0.135,0.001,0.001,0.216,0.003,0.001,0.099,0.002,0.002,0.002,0.002,0.005,0.273,0.003,0.002,0.002,0.001,0.002,0.003,0.002,0.003,0.003,0.005,0.003,0.000,0.003,0.002,0.002,0.004,0.001,0.001,0.004,0.002,0.001,0.001,0.003,0.001,0.001,0.004,0.001,0.002,0.002,0.003,0.001,0.002,0.001,0.003,0.002,0.003,0.003,0.004,0.002,0.003,0.001,0.002,0.004,0.004,0.001,0.001,0.001,0.002,0.002,0.003,0.002,0.004,0.003,0.001,0.001,0.002,0.002,0.003,0.001,0.002,0.002,0.004,0.000,0.001,0.002,0.001,0.002,0.003,0.002,0.002,0.005,0.002,0.003,0.004,0.002,0.002,0.002,0.001,0.002,0.003,0.002,0.001,0.001,0.003,0.002,0.003,0.004,0.001,0.001,0.002,0.004,0.002,0.001,0.001,0.003,0.001,0.002,0.002,0.003,0.002,0.002,0.003,0.006,0.002,0.004,0.003,0.001,0.004,0.236,0.004,0.004,0.002,0.003,0.002,0.001,0.004,0.235,0.003,0.003,0.000,0.003,0.004,0.230,0.248,0.003,0.002,0.002,0.003,0.003,0.002,0.002,0.211,0.285,0.006,0.002,0.002,0.226,0.245,0.003,0.002,0.002,0.002,0.002,0.002,0.004,0.229,0.228,0.000,0.003,0.004,0.003,0.002,0.001,0.222,0.002,0.002,0.002,0.003,0.001,0.235,0.002,0.002,0.003,0.002,0.005,0.002,0.002,0.004,0.002,0.002,0.002,0.003,0.003,0.003,0.001,0.002,0.001,0.004,0.004,0.003,0.005,0.002,0.002,0.007,0.002,0.002,0.005,0.003,0.002,0.002,0.003,0.001,0.001,0.003,0.002,0.003,0.003,0.003,0.002,0.001,0.002,0.002,0.001,0.003,0.005,0.000,0.001,0.003,0.000,0.003,0.001,0.001,0.001,0.003,0.003,0.002,0.002,0.002,0.004,0.003,0.001,0.001,0.003,0.002,0.003,0.005,0.004,0.002,0.068,0.204,0.215,0.213,0.229,0.204,0.243,0.192,0.003,0.005,0.006,0.004,0.005,0.003,0.003,0.003,0.186,0.195,0.184,0.141,0.194,0.109,0.156,0.004,0.005,0.003,0.003,0.004,0.004,0.003,0.004,0.003,0.003,0.005,0.004,0.001,0.001,0.002,0.212,0.111,0.215,0.107,0.215,0.206,0.148,0.225,0.040,0.031,0.040,0.053,0.041,0.035,0.036,0.027,0.028,0.044,0.030,0.061,0.056,0.042,0.044,0.038,0.051,0.053,0.054,0.075,0.009,0.021,0.012,0.024,0.015,0.010,0.002,0.004,0.004,0.003,0.006,0.007,0.002,0.001,0.001,0.002,0.254,0.001,0.005,0.128,0.127,0.003,0.005,0.007,0.007,0.003,0.006,0.002,0.006,0.062,0.153,0.162,0.182,0.175,0.142,0.149,0.163,0.153,0.139,0.150,0.152,0.146,0.138,0.170,0.159,0.143,0.078,0.095
LP6005443-DNA_C08,0.081,0.073,0.084,0.052,0.080,0.097,0.007,0.045,0.058,0.044,0.049,0.042,0.050,0.037,0.044,0.045,0.055,0.049,0.039,0.034,0.046,0.036,0.045,0.027,0.040,0.046,0.035,0.031,0.040,0.039,0.052,0.047,0.037,0.041,0.005,0.005,0.004,0.004,0.004,0.003,0.071,0.083,0.204,0.196,0.197,0.195,0.182,0.211,0.221,0.193,0.191,0.188,0.192,0.249,0.214,0.207,0.203,0.235,0.208,0.195,0.214,0.205,0.173,0.204,0.228,0.207,0.222,0.090,0.074,0.055,0.075,0.079,0.060,0.066,0.073,0.049,0.080,0.015,0.017,0.014,0.032,0.014,0.016,0.001,0.130,0.000,0.001,0.201,0.002,0.001,0.098,0.001,0.002,0.002,0.002,0.006,0.235,0.002,0.001,0.001,0.001,0.004,0.002,0.002,0.003,0.002,0.004,0.002,0.001,0.002,0.001,0.002,0.005,0.002,0.001,0.004,0.003,0.002,0.000,0.002,0.001,0.003,0.004,0.002,0.002,0.001,0.003,0.001,0.003,0.002,0.002,0.002,0.004,0.002,0.002,0.005,0.004,0.001,0.002,0.003,0.003,0.001,0.001,0.003,0.002,0.002,0.004,0.002,0.002,0.002,0.000,0.001,0.001,0.001,0.002,0.000,0.002,0.002,0.001,0.001,0.003,0.002,0.002,0.002,0.002,0.002,0.003,0.004,0.002,0.003,0.002,0.001,0.004,0.003,0.000,0.001,0.002,0.001,0.001,0.001,0.002,0.001,0.003,0.004,0.003,0.001,0.002,0.001,0.003,0.001,0.001,0.002,0.002,0.002,0.002,0.003,0.003,0.002,0.004,0.005,0.003,0.005,0.003,0.002,0.004,0.208,0.001,0.003,0.001,0.003,0.003,0.001,0.005,0.209,0.002,0.002,0.001,0.003,0.003,0.227,0.238,0.001,0.003,0.003,0.002,0.002,0.001,0.002,0.225,0.235,0.004,0.003,0.002,0.223,0.221,0.004,0.002,0.002,0.003,0.002,0.001,0.003,0.213,0.199,0.000,0.002,0.003,0.005,0.002,0.002,0.224,0.002,0.002,0.002,0.002,0.001,0.262,0.002,0.001,0.002,0.002,0.003,0.002,0.003,0.003,0.003,0.002,0.003,0.003,0.004,0.001,0.001,0.004,0.002,0.003,0.003,0.002,0.006,0.002,0.002,0.008,0.002,0.002,0.002,0.002,0.002,0.002,0.004,0.002,0.001,0.001,0.002,0.002,0.002,0.002,0.002,0.001,0.003,0.003,0.001,0.003,0.003,0.000,0.001,0.005,0.001,0.003,0.002,0.000,0.001,0.002,0.003,0.003,0.004,0.002,0.003,0.003,0.000,0.001,0.007,0.003,0.004,0.005,0.003,0.003,0.074,0.184,0.193,0.193,0.217,0.190,0.230,0.154,0.004,0.003,0.006,0.004,0.003,0.005,0.004,0.003,0.174,0.178,0.171,0.141,0.220,0.127,0.168,0.005,0.004,0.003,0.005,0.004,0.003,0.003,0.002,0.002,0.002,0.004,0.005,0.002,0.002,0.002,0.233,0.119,0.202,0.105,0.207,0.191,0.160,0.211,0.048,0.030,0.037,0.068,0.041,0.035,0.037,0.040,0.023,0.037,0.031,0.054,0.053,0.050,0.042,0.037,0.052,0.052,0.062,0.078,0.007,0.022,0.010,0.023,0.017,0.015,0.004,0.004,0.006,0.003,0.001,0.006,0.001,0.002,0.001,0.002,0.241,0.001,0.004,0.119,0.132,0.002,0.007,0.008,0.004,0.006,0.006,0.004,0.005,0.076,0.129,0.145,0.147,0.150,0.130,0.126,0.153,0.155,0.113,0.144,0.122,0.129,0.129,0.160,0.149,0.142,0.091,0.107
LP6005443-DNA_C09,0.030,0.096,0.025,0.035,0.116,0.045,0.053,0.029,0.038,0.049,0.040,0.031,0.026,0.038,0.040,0.130,0.023,0.130,0.050,0.046,0.080,0.059,0.060,0.062,0.043,0.015,0.052,0.064,0.033,0.009,0.025,0.045,0.049,0.040,0.043,0.051,0.043,0.021,0.057,0.070,0.088,0.061,0.040,0.039,0.047,0.048,0.053,0.027,0.070,0.040,0.052,0.033,0.064,0.074,0.027,0.024,0.041,0.045,0.046,0.063,0.045,0.042,0.033,0.043,0.032,0.056,0.053,0.048,0.057,0.086,0.059,0.018,0.031,0.055,0.045,0.033,0.028,0.048,0.042,0.045,0.055,0.026,0.035,0.051,0.037,0.036,0.005,0.117,0.062,0.069,0.050,0.054,0.024,0.047,0.035,0.049,0.063,0.061,0.047,0.047,0.006,0.061,0.080,0.038,0.057,0.025,0.038,0.016,0.026,0.052,0.020,0.062,0.040,0.039,0.069,0.053,0.016,0.033,0.028,0.049,0.032,0.022,0.041,0.048,0.062,0.049,0.037,0.010,0.050,0.068,0.072,0.030,0.059,0.085,0.132,0.065,0.058,0.022,0.059,0.058,0.071,0.004,0.005,0.017,0.052,0.040,0.040,0.042,0.052,0.019,0.012,0.009,0.024,0.035,0.020,0.040,0.021,0.043,0.049,0.046,0.020,0.070,0.029,0.027,0.047,0.055,0.013,0.133,0.034,0.022,0.039,0.030,0.028,0.039,0.005,0.017,0.015,0.003,0.014,0.014,0.067,0.027,0.071,0.036,0.053,0.024,0.029,0.066,0.048,0.043,0.032,0.040,0.019,0.047,0.094,0.027,0.026,0.047,0.066,0.098,0.079,0.055,0.051,0.011,0.059,0.053,0.070,0.054,0.046,0.054,0.048,0.037,0.041,0.038,0.033,0.057,0.040,0.055,0.045,0.046,0.025,0.102,0.003,0.032,0.096,0.084,0.078,0.095,0.043,0.042,0.106,0.028,0.052,0.043,0.035,0.022,0.034,0.037,0.048,0.031,0.069,0.070,0.047,0.052,0.011,0.043,0.039,0.085,0.058,0.069,0.053,0.067,0.036,0.039,0.109,0.016,0.085,0.025,0.032,0.028,0.055,0.041,0.054,0.014,0.056,0.055,0.024,0.075,0.009,0.024,0.072,0.014,0.020,0.065,0.054,0.042,0.089,0.070,0.037,0.106,0.034,0.060,0.029,0.050,0.030,0.037,0.036,0.036,0.037,0.023,0.021,0.014,0.038,0.050,0.019,0.034,0.036,0.019,0.091,0.016,0.057,0.076,0.028,0.021,0.064,0.022,0.070,0.019,0.012,0.037,0.010,0.036,0.056,0.045,0.036,0.045,0.074,0.033,0.025,0.039,0.030,0.038,0.032,0.029,0.059,0.049,0.053,0.082,0.024,0.061,0.048,0.039,0.056,0.031,0.070,0.040,0.052,0.042,0.036,0.033,0.035,0.054,0.063,0.029,0.041,0.070,0.036,0.038,0.043,0.027,0.062,0.065,0.058,0.043,0.051,0.049,0.027,0.044,0.018,0.054,0.035,0.017,0.033,0.119,0.029,0.062,0.030,0.060,0.041,0.042,0.037,0.054,0.038,0.058,0.052,0.067,0.068,0.030,0.040,0.037,0.033,0.025,0.024,0.022,0.066,0.057,0.075,0.055,0.028,0.049,0.041,0.082,0.055,0.019,0.030,0.040,0.027,0.052,0.060,0.036,0.059,0.055,0.070,0.051,0.049,0.040,0.056,0.079,0.011,0.053,0.020,0.063,0.042,0.024,0.047,0.082,0.058,0.080,0.057,0.041,0.026,0.035,0.033,0.041,0.038,0.047,0.049,0.047,0.039,0.022,0.050,0.063,0.053,0.043,0.033,0.027,0.019,0.032,0.029
LP6005443-DNA_D01,0.089,0.104,0.122,0.040,0.129,0.082,0.121,0.025,0.075,0.074,0.032,0.057,0.102,0.094,0.067,0.065,0.058,0.071,0.074,0.170,0.085,0.067,0.013,0.076,0.118,0.140,0.031,0.058,0.024,0.104,0.037,0.057,0.067,0.088,0.042,0.039,0.034,0.075,0.071,0.053,0.092,0.073,0.131,0.141,0.089,0.149,0.080,0.035,0.081,0.097,0.097,0.150,0.096,0.128,0.121,0.125,0.100,0.144,0.154,0.090,0.058,0.109,0.098,0.135,0.070,0.101,0.160,0.060,0.100,0.100,0.084,0.121,0.030,0.073,0.059,0.069,0.052,0.035,0.045,0.055,0.032,0.052,0.058,0.039,0.060,0.056,0.107,0.142,0.040,0.068,0.061,0.024,0.049,0.097,0.046,0.127,0.115,0.063,0.026,0.077,0.144,0.063,0.037,0.105,0.064,0.121,0.042,0.085,0.023,0.043,0.093,0.033,0.099,0.034,0.022,0.045,0.112,0.031,0.042,0.049,0.054,0.073,0.151,0.107,0.016,0.026,0.053,0.071,0.024,0.036,0.103,0.075,0.043,0.085,0.037,0.020,0.099,0.036,0.039,0.059,0.054,0.073,0.027,0.043,0.022,0.073,0.026,0.043,0.041,0.026,0.076,0.089,0.065,0.127,0.089,0.049,0.113,0.058,0.039,0.088,0.039,0.050,0.040,0.071,0.048,0.095,0.090,0.111,0.090,0.076,0.021,0.035,0.068,0.014,0.053,0.041,0.155,0.042,0.081,0.084,0.102,0.014,0.154,0.086,0.026,0.217,0.053,0.095,0.015,0.037,0.003,0.128,0.090,0.052,0.005,0.017,0.117,0.082,0.094,0.114,0.085,0.041,0.025,0.067,0.063,0.133,0.033,0.049,0.051,0.031,0.058,0.090,0.054,0.164,0.137,0.055,0.028,0.048,0.016,0.127,0.153,0.009,0.084,0.042,0.077,0.044,0.047,0.031,0.095,0.077,0.074,0.018,0.078,0.093,0.071,0.092,0.117,0.034,0.012,0.056,0.117,0.060,0.141,0.127,0.022,0.066,0.046,0.060,0.034,0.040,0.160,0.043,0.052,0.036,0.049,0.019,0.123,0.045,0.055,0.078,0.073,0.009,0.016,0.070,0.041,0.092,0.024,0.013,0.097,0.025,0.048,0.103,0.073,0.025,0.054,0.101,0.063,0.040,0.091,0.107,0.030,0.036,0.030,0.084,0.103,0.038,0.120,0.095,0.025,0.039,0.130,0.052,0.072,0.118,0.077,0.086,0.035,0.093,0.053,0.057,0.048,0.066,0.062,0.042,0.049,0.031,0.045,0.044,0.025,0.079,0.111,0.118,0.074,0.109,0.066,0.065,0.040,0.067,0.062,0.017,0.069,0.018,0.060,0.078,0.061,0.036,0.165,0.189,0.121,0.093,0.177,0.104,0.089,0.075,0.056,0.087,0.053,0.060,0.011,0.069,0.042,0.140,0.094,0.143,0.121,0.156,0.134,0.057,0.022,0.102,0.048,0.045,0.057,0.051,0.093,0.028,0.041,0.042,0.024,0.058,0.057,0.009,0.016,0.173,0.114,0.156,0.112,0.086,0.167,0.037,0.083,0.063,0.053,0.092,0.068,0.086,0.083,0.047,0.059,0.146,0.006,0.070,0.104,0.068,0.045,0.133,0.096,0.031,0.093,0.069,0.029,0.031,0.033,0.046,0.013,0.057,0.028,0.017,0.051,0.094,0.040,0.041,0.068,0.038,0.036,0.064,0.040,0.123,0.032,0.060,0.085,0.137,0.036,0.046,0.061,0.042,0.094,0.026,0.050,0.077,0.072,0.074,0.031,0.057,0.069,0.098,0.144,0.101,0.092,0.131,0.071,0.096,0.070,0.042,0.114,0.099,0.062,0.050,0.106
LP6005443-DNA_D02,0.060,0.061,0.097,0.109,0.114,0.077,0.101,0.100,0.058,0.072,0.064,0.102,0.071,0.089,0.049,0.103,0.084,0.058,0.079,0.094,0.074,0.094,0.055,0.089,0.065,0.109,0.068,0.088,0.051,0.056,0.028,0.088,0.113,0.043,0.077,0.119,0.056,0.059,0.056,0.037,0.085,0.097,0.038,0.049,0.093,0.056,0.070,0.044,0.093,0.067,0.042,0.036,0.039,0.041,0.041,0.077,0.047,0.042,0.064,0.068,0.058,0.022,0.121,0.025,0.056,0.096,0.044,0.086,0.080,0.058,0.090,0.048,0.118,0.047,0.068,0.078,0.123,0.105,0.135,0.126,0.104,0.084,0.048,0.023,0.080,0.015,0.010,0.078,0.090,0.016,0.053,0.075,0.017,0.018,0.077,0.114,0.121,0.067,0.011,0.023,0.028,0.101,0.067,0.011,0.124,0.046,0.015,0.009,0.011,0.024,0.019,0.069,0.183,0.168,0.012,0.079,0.008,0.032,0.010,0.052,0.007,0.041,0.050,0.018,0.101,0.089,0.097,0.015,0.029,0.063,0.054,0.030,0.094,0.096,0.046,0.104,0.050,0.015,0.136,0.064,0.096,0.000,0.001,0.026,0.009,0.017,0.027,0.104,0.060,0.126,0.008,0.012,0.073,0.013,0.013,0.020,0.021,0.058,0.017,0.004,0.014,0.057,0.017,0.007,0.073,0.010,0.009,0.014,0.007,0.010,0.107,0.019,0.035,0.100,0.001,0.017,0.008,0.027,0.048,0.011,0.084,0.003,0.099,0.110,0.127,0.015,0.015,0.112,0.049,0.015,0.012,0.005,0.019,0.017,0.096,0.072,0.026,0.025,0.079,0.041,0.152,0.172,0.031,0.020,0.074,0.053,0.088,0.076,0.119,0.082,0.116,0.007,0.091,0.081,0.021,0.086,0.089,0.144,0.110,0.039,0.057,0.036,0.013,0.054,0.159,0.077,0.038,0.110,0.043,0.089,0.041,0.089,0.064,0.043,0.079,0.108,0.018,0.063,0.116,0.054,0.126,0.044,0.106,0.048,0.021,0.082,0.160,0.116,0.053,0.033,0.061,0.059,0.090,0.040,0.095,0.012,0.036,0.065,0.065,0.019,0.030,0.081,0.090,0.036,0.023,0.072,0.016,0.051,0.037,0.072,0.074,0.011,0.019,0.012,0.061,0.046,0.040,0.100,0.015,0.015,0.128,0.089,0.026,0.025,0.056,0.016,0.026,0.013,0.026,0.023,0.028,0.041,0.074,0.091,0.035,0.004,0.026,0.016,0.070,0.025,0.105,0.127,0.017,0.016,0.094,0.016,0.191,0.002,0.012,0.063,0.038,0.020,0.076,0.015,0.107,0.088,0.092,0.010,0.014,0.027,0.035,0.026,0.050,0.008,0.047,0.144,0.120,0.073,0.051,0.085,0.052,0.051,0.034,0.044,0.084,0.077,0.072,0.051,0.075,0.091,0.073,0.105,0.097,0.046,0.027,0.083,0.089,0.014,0.063,0.120,0.121,0.085,0.093,0.074,0.045,0.104,0.045,0.047,0.024,0.090,0.054,0.063,0.080,0.013,0.090,0.089,0.058,0.057,0.040,0.063,0.037,0.068,0.054,0.091,0.111,0.101,0.032,0.070,0.075,0.049,0.038,0.080,0.100,0.046,0.051,0.068,0.049,0.096,0.083,0.082,0.090,0.085,0.100,0.096,0.074,0.082,0.115,0.060,0.075,0.060,0.096,0.055,0.060,0.105,0.044,0.030,0.126,0.040,0.009,0.076,0.026,0.086,0.053,0.115,0.082,0.118,0.138,0.073,0.070,0.057,0.113,0.078,0.054,0.041,0.061,0.103,0.045,0.099,0.121,0.153,0.098,0.069,0.115,0.130,0.068,0.127,0.054,0.125,0.043
LP6005443-DNA_D03,0.039,0.042,0.056,0.061,0.038,0.058,0.043,0.041,0.034,0.049,0.033,0.027,0.070,0.060,0.039,0.054,0.053,0.075,0.055,0.076,0.055,0.060,0.056,0.050,0.062,0.033,0.043,0.076,0.037,0.040,0.034,0.030,0.059,0.056,0.052,0.056,0.058,0.022,0.035,0.061,0.064,0.061,0.049,0.098,0.030,0.075,0.040,0.038,0.056,0.054,0.065,0.066,0.063,0.044,0.052,0.046,0.031,0.018,0.085,0.067,0.060,0.065,0.029,0.032,0.034,0.056,0.049,0.038,0.043,0.058,0.059,0.040,0.054,0.069,0.034,0.045,0.044,0.074,0.037,0.034,0.048,0.061,0.052,0.042,0.045,0.025,0.014,0.088,0.108,0.036,0.031,0.085,0.024,0.038,0.045,0.069,0.066,0.134,0.027,0.026,0.015,0.060,0.086,0.014,0.100,0.053,0.027,0.022,0.019,0.040,0.023,0.054,0.068,0.052,0.028,0.102,0.006,0.039,0.014,0.071,0.010,0.023,0.053,0.028,0.057,0.071,0.086,0.010,0.069,0.061,0.084,0.045,0.096,0.103,0.104,0.072,0.049,0.020,0.093,0.099,0.082,0.005,0.009,0.018,0.021,0.032,0.013,0.072,0.079,0.084,0.019,0.008,0.027,0.040,0.020,0.033,0.021,0.047,0.027,0.037,0.025,0.058,0.030,0.026,0.052,0.037,0.006,0.053,0.025,0.018,0.044,0.025,0.019,0.116,0.002,0.018,0.016,0.022,0.037,0.015,0.051,0.018,0.081,0.066,0.074,0.032,0.024,0.055,0.040,0.034,0.027,0.030,0.012,0.038,0.095,0.058,0.042,0.037,0.143,0.043,0.115,0.057,0.101,0.020,0.061,0.036,0.121,0.093,0.092,0.105,0.085,0.036,0.063,0.045,0.028,0.087,0.126,0.092,0.057,0.046,0.029,0.093,0.019,0.141,0.248,0.123,0.125,0.075,0.047,0.127,0.045,0.057,0.057,0.028,0.044,0.101,0.021,0.092,0.075,0.200,0.075,0.086,0.045,0.050,0.020,0.109,0.088,0.153,0.059,0.046,0.073,0.090,0.048,0.113,0.163,0.011,0.045,0.057,0.081,0.022,0.031,0.060,0.082,0.021,0.018,0.030,0.017,0.050,0.007,0.054,0.105,0.028,0.022,0.030,0.059,0.031,0.048,0.068,0.032,0.023,0.069,0.082,0.023,0.009,0.032,0.016,0.040,0.018,0.026,0.011,0.039,0.050,0.080,0.067,0.040,0.032,0.046,0.017,0.058,0.012,0.105,0.082,0.021,0.008,0.073,0.010,0.103,0.012,0.005,0.034,0.036,0.029,0.060,0.037,0.099,0.057,0.077,0.028,0.030,0.018,0.025,0.035,0.045,0.025,0.051,0.042,0.067,0.083,0.067,0.048,0.074,0.046,0.068,0.026,0.048,0.049,0.043,0.048,0.037,0.033,0.047,0.061,0.107,0.055,0.046,0.079,0.044,0.029,0.063,0.032,0.069,0.056,0.054,0.079,0.040,0.099,0.015,0.045,0.016,0.055,0.032,0.024,0.033,0.048,0.055,0.076,0.023,0.052,0.049,0.079,0.065,0.034,0.030,0.074,0.036,0.061,0.027,0.027,0.032,0.060,0.063,0.065,0.033,0.023,0.061,0.037,0.036,0.059,0.030,0.072,0.057,0.075,0.047,0.045,0.030,0.064,0.052,0.037,0.046,0.070,0.061,0.046,0.052,0.041,0.064,0.039,0.073,0.025,0.010,0.084,0.021,0.065,0.077,0.029,0.031,0.039,0.079,0.091,0.034,0.057,0.016,0.070,0.081,0.093,0.120,0.087,0.118,0.090,0.103,0.101,0.086,0.096,0.110,0.077,0.068,0.130,0.063,0.035,0.101
LP6005443-DNA_D04,0.043,0.051,0.078,0.043,0.032,0.049,0.072,0.048,0.085,0.070,0.057,0.089,0.036,0.078,0.043,0.043,0.069,0.142,0.080,0.111,0.107,0.073,0.050,0.085,0.056,0.072,0.091,0.101,0.072,0.033,0.050,0.038,0.100,0.090,0.093,0.084,0.040,0.030,0.044,0.086,0.091,0.125,0.063,0.078,0.042,0.111,0.058,0.091,0.075,0.065,0.109,0.073,0.109,0.094,0.065,0.074,0.034,0.039,0.123,0.090,0.087,0.107,0.051,0.050,0.066,0.055,0.048,0.051,0.055,0.094,0.059,0.073,0.080,0.091,0.075,0.087,0.091,0.083,0.075,0.070,0.092,0.090,0.053,0.046,0.050,0.077,0.027,0.138,0.083,0.047,0.032,0.078,0.026,0.063,0.062,0.095,0.078,0.065,0.033,0.019,0.026,0.055,0.093,0.013,0.068,0.067,0.051,0.009,0.041,0.085,0.034,0.093,0.130,0.063,0.071,0.035,0.000,0.042,0.030,0.090,0.049,0.023,0.090,0.062,0.059,0.101,0.102,0.034,0.091,0.090,0.094,0.049,0.124,0.119,0.141,0.075,0.062,0.042,0.086,0.106,0.062,0.027,0.022,0.023,0.044,0.037,0.030,0.093,0.147,0.068,0.019,0.008,0.062,0.060,0.028,0.043,0.064,0.054,0.022,0.071,0.027,0.080,0.035,0.044,0.049,0.065,0.009,0.089,0.049,0.005,0.093,0.056,0.037,0.073,0.003,0.025,0.009,0.030,0.051,0.003,0.085,0.029,0.153,0.107,0.119,0.042,0.030,0.073,0.043,0.062,0.057,0.080,0.019,0.063,0.194,0.066,0.041,0.091,0.144,0.061,0.115,0.086,0.114,0.033,0.077,0.047,0.090,0.052,0.082,0.128,0.121,0.042,0.030,0.069,0.038,0.102,0.151,0.133,0.081,0.061,0.041,0.121,0.016,0.101,0.188,0.150,0.162,0.152,0.051,0.116,0.049,0.073,0.049,0.028,0.037,0.085,0.041,0.119,0.063,0.103,0.115,0.117,0.079,0.075,0.019,0.061,0.121,0.172,0.091,0.091,0.063,0.061,0.084,0.073,0.236,0.025,0.082,0.087,0.065,0.023,0.080,0.111,0.087,0.050,0.031,0.057,0.012,0.121,0.004,0.041,0.066,0.061,0.044,0.084,0.044,0.065,0.076,0.127,0.031,0.066,0.071,0.113,0.063,0.031,0.070,0.013,0.045,0.029,0.052,0.018,0.054,0.052,0.048,0.084,0.045,0.054,0.036,0.019,0.119,0.046,0.081,0.078,0.033,0.017,0.060,0.046,0.079,0.021,0.012,0.087,0.035,0.029,0.068,0.078,0.102,0.057,0.082,0.050,0.044,0.016,0.010,0.028,0.040,0.038,0.058,0.084,0.086,0.154,0.053,0.098,0.070,0.056,0.104,0.030,0.095,0.114,0.053,0.065,0.073,0.093,0.104,0.068,0.081,0.088,0.056,0.084,0.072,0.034,0.102,0.098,0.152,0.100,0.116,0.065,0.046,0.130,0.078,0.061,0.022,0.138,0.071,0.106,0.086,0.053,0.080,0.102,0.048,0.075,0.053,0.055,0.086,0.079,0.037,0.118,0.085,0.116,0.033,0.070,0.032,0.090,0.068,0.067,0.061,0.031,0.071,0.051,0.037,0.046,0.048,0.074,0.094,0.089,0.071,0.098,0.085,0.125,0.106,0.049,0.071,0.054,0.076,0.078,0.043,0.094,0.058,0.065,0.129,0.022,0.014,0.097,0.027,0.069,0.121,0.046,0.076,0.089,0.095,0.058,0.047,0.069,0.090,0.072,0.065,0.084,0.084,0.099,0.084,0.030,0.075,0.046,0.057,0.059,0.042,0.034,0.037,0.061,0.030,0.046,0.053
LP6005443-DNA_D05,0.030,0.008,0.040,0.039,0.038,0.019,0.040,0.031,0.046,0.009,0.010,0.018,0.019,0.054,0.041,0.036,0.018,0.061,0.049,0.038,0.038,0.053,0.047,0.014,0.017,0.051,0.039,0.052,0.041,0.026,0.039,0.037,0.021,0.033,0.061,0.075,0.010,0.047,0.029,0.049,0.067,0.024,0.049,0.071,0.009,0.062,0.061,0.062,0.040,0.065,0.079,0.029,0.048,0.023,0.065,0.039,0.027,0.053,0.068,0.077,0.064,0.054,0.031,0.033,0.049,0.071,0.018,0.061,0.045,0.052,0.094,0.025,0.032,0.041,0.053,0.029,0.027,0.023,0.052,0.039,0.046,0.023,0.038,0.041,0.045,0.054,0.068,0.079,0.142,0.053,0.025,0.106,0.035,0.095,0.017,0.039,0.073,0.134,0.039,0.019,0.011,0.039,0.034,0.002,0.024,0.071,0.059,0.017,0.030,0.076,0.028,0.052,0.070,0.038,0.058,0.052,0.032,0.023,0.041,0.043,0.030,0.008,0.079,0.077,0.058,0.048,0.083,0.009,0.087,0.035,0.070,0.044,0.073,0.071,0.259,0.069,0.028,0.050,0.058,0.106,0.135,0.007,0.006,0.038,0.034,0.060,0.028,0.040,0.103,0.114,0.030,0.020,0.028,0.053,0.041,0.036,0.044,0.081,0.014,0.076,0.025,0.054,0.019,0.051,0.147,0.065,0.031,0.076,0.054,0.018,0.008,0.061,0.040,0.045,0.010,0.011,0.044,0.024,0.026,0.020,0.044,0.015,0.091,0.073,0.061,0.028,0.017,0.048,0.032,0.042,0.075,0.069,0.022,0.035,0.039,0.061,0.042,0.073,0.140,0.097,0.063,0.038,0.140,0.024,0.061,0.044,0.104,0.016,0.048,0.074,0.058,0.057,0.055,0.039,0.048,0.025,0.101,0.055,0.055,0.042,0.034,0.105,0.018,0.053,0.186,0.161,0.101,0.081,0.056,0.126,0.057,0.022,0.079,0.032,0.024,0.102,0.067,0.093,0.017,0.154,0.071,0.140,0.046,0.059,0.025,0.145,0.056,0.141,0.098,0.034,0.042,0.091,0.067,0.143,0.124,0.012,0.057,0.099,0.096,0.013,0.053,0.097,0.050,0.032,0.007,0.016,0.052,0.096,0.011,0.033,0.090,0.040,0.012,0.056,0.018,0.049,0.014,0.070,0.018,0.079,0.059,0.098,0.049,0.033,0.034,0.003,0.062,0.008,0.057,0.008,0.027,0.045,0.021,0.083,0.033,0.040,0.022,0.056,0.027,0.016,0.050,0.069,0.059,0.012,0.052,0.028,0.056,0.005,0.016,0.057,0.039,0.021,0.037,0.090,0.113,0.108,0.138,0.093,0.051,0.007,0.019,0.021,0.030,0.016,0.025,0.051,0.089,0.075,0.023,0.041,0.048,0.041,0.057,0.047,0.030,0.040,0.031,0.018,0.038,0.034,0.048,0.063,0.121,0.093,0.040,0.051,0.050,0.030,0.035,0.041,0.057,0.033,0.043,0.033,0.037,0.030,0.013,0.014,0.024,0.051,0.030,0.017,0.026,0.053,0.025,0.052,0.018,0.068,0.029,0.069,0.074,0.044,0.029,0.054,0.029,0.037,0.051,0.043,0.025,0.046,0.020,0.057,0.039,0.010,0.070,0.034,0.015,0.029,0.032,0.044,0.035,0.024,0.044,0.046,0.038,0.050,0.059,0.034,0.016,0.038,0.027,0.040,0.057,0.040,0.052,0.062,0.035,0.026,0.004,0.112,0.036,0.037,0.122,0.024,0.050,0.036,0.024,0.013,0.046,0.039,0.054,0.094,0.085,0.082,0.113,0.080,0.140,0.073,0.093,0.070,0.066,0.060,0.083,0.051,0.058,0.086,0.054,0.039,0.046
LP6005443-DNA_D06,0.054,0.059,0.076,0.097,0.062,0.083,0.080,0.079,0.075,0.054,0.086,0.043,0.080,0.086,0.034,0.127,0.091,0.089,0.082,0.079,0.070,0.094,0.045,0.058,0.064,0.143,0.066,0.108,0.069,0.069,0.064,0.083,0.105,0.077,0.093,0.134,0.095,0.078,0.089,0.117,0.077,0.066,0.040,0.043,0.055,0.083,0.056,0.060,0.098,0.064,0.070,0.093,0.075,0.050,0.057,0.059,0.038,0.060,0.058,0.071,0.077,0.056,0.117,0.083,0.071,0.078,0.081,0.085,0.102,0.096,0.187,0.042,0.102,0.086,0.082,0.091,0.079,0.108,0.058,0.101,0.101,0.102,0.073,0.061,0.092,0.034,0.032,0.119,0.095,0.032,0.102,0.097,0.019,0.023,0.064,0.126,0.063,0.103,0.051,0.029,0.052,0.140,0.101,0.031,0.130,0.050,0.045,0.020,0.027,0.032,0.053,0.117,0.147,0.121,0.027,0.146,0.047,0.061,0.013,0.140,0.027,0.035,0.078,0.013,0.130,0.088,0.118,0.016,0.031,0.087,0.077,0.014,0.114,0.166,0.112,0.166,0.098,0.027,0.159,0.068,0.123,0.004,0.013,0.046,0.035,0.017,0.071,0.105,0.079,0.112,0.012,0.015,0.077,0.045,0.043,0.019,0.019,0.060,0.030,0.020,0.027,0.079,0.030,0.032,0.050,0.013,0.025,0.052,0.017,0.030,0.090,0.028,0.110,0.109,0.021,0.026,0.035,0.030,0.061,0.015,0.112,0.057,0.144,0.087,0.133,0.006,0.048,0.118,0.062,0.011,0.047,0.065,0.050,0.053,0.140,0.108,0.036,0.046,0.098,0.046,0.155,0.136,0.040,0.023,0.104,0.065,0.100,0.099,0.118,0.111,0.098,0.026,0.113,0.071,0.010,0.091,0.081,0.110,0.079,0.052,0.052,0.112,0.011,0.102,0.097,0.128,0.086,0.075,0.055,0.081,0.067,0.091,0.094,0.041,0.086,0.098,0.040,0.080,0.144,0.058,0.103,0.100,0.112,0.058,0.013,0.063,0.159,0.124,0.059,0.115,0.040,0.087,0.092,0.118,0.141,0.029,0.068,0.059,0.089,0.042,0.041,0.089,0.095,0.031,0.036,0.078,0.025,0.038,0.026,0.097,0.115,0.019,0.022,0.025,0.090,0.030,0.067,0.113,0.037,0.021,0.101,0.106,0.024,0.042,0.070,0.060,0.038,0.043,0.038,0.012,0.044,0.062,0.067,0.094,0.114,0.028,0.027,0.020,0.148,0.010,0.105,0.168,0.013,0.025,0.126,0.009,0.156,0.011,0.018,0.058,0.025,0.036,0.111,0.032,0.066,0.127,0.115,0.027,0.017,0.039,0.038,0.031,0.056,0.007,0.059,0.094,0.139,0.126,0.045,0.077,0.084,0.058,0.046,0.056,0.102,0.110,0.113,0.079,0.078,0.083,0.066,0.111,0.087,0.049,0.035,0.080,0.127,0.029,0.096,0.116,0.116,0.102,0.069,0.099,0.081,0.090,0.052,0.060,0.046,0.110,0.062,0.082,0.060,0.075,0.090,0.112,0.069,0.084,0.048,0.081,0.078,0.085,0.050,0.101,0.088,0.082,0.056,0.061,0.062,0.062,0.066,0.072,0.124,0.055,0.128,0.090,0.058,0.077,0.091,0.093,0.080,0.106,0.118,0.135,0.072,0.087,0.144,0.075,0.064,0.104,0.090,0.120,0.067,0.121,0.095,0.039,0.141,0.028,0.020,0.062,0.079,0.077,0.059,0.106,0.076,0.057,0.080,0.088,0.116,0.084,0.059,0.113,0.074,0.074,0.105,0.097,0.096,0.086,0.155,0.133,0.088,0.115,0.081,0.109,0.084,0.063,0.049,0.128,0.084
LP6005443-DNA_D07,0.068,0.079,0.095,0.060,0.088,0.085,0.005,0.051,0.054,0.034,0.035,0.037,0.044,0.039,0.047,0.033,0.043,0.045,0.037,0.040,0.043,0.043,0.044,0.017,0.033,0.044,0.033,0.037,0.039,0.036,0.040,0.041,0.033,0.042,0.004,0.003,0.001,0.005,0.002,0.003,0.059,0.072,0.178,0.187,0.174,0.166,0.189,0.198,0.195,0.171,0.182,0.165,0.196,0.197,0.203,0.213,0.192,0.190,0.181,0.167,0.168,0.193,0.167,0.161,0.191,0.189,0.208,0.093,0.077,0.059,0.068,0.060,0.071,0.080,0.070,0.051,0.073,0.012,0.015,0.017,0.019,0.019,0.020,0.001,0.105,0.001,0.001,0.189,0.002,0.001,0.104,0.001,0.001,0.001,0.003,0.003,0.210,0.001,0.001,0.001,0.001,0.002,0.002,0.001,0.001,0.001,0.003,0.000,0.001,0.001,0.002,0.001,0.005,0.002,0.000,0.003,0.002,0.000,0.001,0.002,0.000,0.001,0.004,0.001,0.002,0.001,0.002,0.000,0.001,0.001,0.002,0.002,0.004,0.002,0.003,0.005,0.004,0.000,0.003,0.002,0.003,0.000,0.000,0.001,0.002,0.001,0.002,0.002,0.003,0.002,0.001,0.001,0.001,0.001,0.002,0.000,0.001,0.002,0.001,0.001,0.003,0.001,0.001,0.001,0.001,0.002,0.002,0.004,0.002,0.002,0.002,0.001,0.003,0.003,0.000,0.001,0.001,0.001,0.004,0.001,0.003,0.001,0.002,0.002,0.002,0.002,0.001,0.002,0.003,0.001,0.002,0.002,0.001,0.002,0.002,0.003,0.003,0.001,0.002,0.004,0.003,0.003,0.003,0.001,0.003,0.194,0.003,0.003,0.001,0.003,0.002,0.000,0.004,0.194,0.001,0.003,0.000,0.004,0.003,0.200,0.235,0.003,0.002,0.002,0.003,0.002,0.002,0.002,0.218,0.228,0.003,0.002,0.002,0.200,0.196,0.003,0.002,0.003,0.001,0.002,0.001,0.003,0.180,0.172,0.000,0.001,0.002,0.003,0.001,0.001,0.203,0.002,0.002,0.002,0.003,0.002,0.234,0.001,0.002,0.002,0.002,0.002,0.002,0.002,0.003,0.003,0.002,0.001,0.001,0.002,0.002,0.002,0.002,0.001,0.003,0.003,0.002,0.005,0.001,0.002,0.006,0.003,0.003,0.003,0.002,0.002,0.001,0.003,0.001,0.001,0.001,0.002,0.003,0.003,0.003,0.001,0.001,0.002,0.002,0.001,0.003,0.003,0.000,0.001,0.003,0.000,0.004,0.001,0.001,0.002,0.001,0.002,0.002,0.002,0.003,0.003,0.003,0.001,0.001,0.004,0.003,0.003,0.005,0.002,0.002,0.058,0.184,0.206,0.177,0.201,0.195,0.209,0.177,0.002,0.003,0.004,0.002,0.003,0.002,0.003,0.002,0.159,0.159,0.149,0.132,0.189,0.123,0.172,0.002,0.003,0.002,0.003,0.004,0.002,0.003,0.001,0.002,0.001,0.003,0.002,0.002,0.002,0.002,0.196,0.121,0.184,0.109,0.172,0.186,0.148,0.201,0.047,0.032,0.045,0.041,0.040,0.029,0.044,0.030,0.031,0.037,0.025,0.061,0.044,0.041,0.041,0.032,0.039,0.037,0.053,0.075,0.010,0.021,0.009,0.018,0.015,0.012,0.002,0.003,0.003,0.002,0.002,0.005,0.001,0.002,0.001,0.003,0.257,0.001,0.002,0.104,0.108,0.002,0.004,0.005,0.005,0.004,0.005,0.004,0.004,0.068,0.154,0.151,0.151,0.177,0.147,0.147,0.141,0.154,0.132,0.152,0.119,0.141,0.121,0.141,0.132,0.151,0.071,0.097
LP6005443-DNA_D08,0.070,0.067,0.078,0.052,0.097,0.099,0.007,0.049,0.052,0.040,0.035,0.047,0.040,0.032,0.046,0.045,0.040,0.047,0.045,0.041,0.055,0.043,0.049,0.020,0.031,0.043,0.037,0.036,0.049,0.033,0.044,0.043,0.043,0.031,0.006,0.005,0.004,0.005,0.002,0.003,0.071,0.069,0.190,0.198,0.198,0.181,0.186,0.228,0.233,0.209,0.231,0.204,0.183,0.208,0.218,0.199,0.209,0.202,0.197,0.200,0.199,0.205,0.174,0.188,0.221,0.215,0.203,0.083,0.071,0.063,0.061,0.066,0.076,0.083,0.069,0.060,0.071,0.008,0.013,0.016,0.020,0.012,0.016,0.000,0.106,0.001,0.001,0.177,0.004,0.001,0.089,0.004,0.003,0.002,0.002,0.005,0.241,0.003,0.001,0.001,0.001,0.002,0.003,0.002,0.002,0.002,0.003,0.001,0.001,0.002,0.002,0.002,0.005,0.005,0.001,0.002,0.001,0.002,0.000,0.002,0.000,0.001,0.003,0.001,0.004,0.001,0.005,0.000,0.001,0.001,0.002,0.001,0.005,0.003,0.004,0.005,0.004,0.001,0.003,0.003,0.005,0.000,0.000,0.001,0.003,0.001,0.004,0.002,0.003,0.005,0.000,0.000,0.003,0.001,0.002,0.001,0.001,0.002,0.002,0.001,0.001,0.002,0.001,0.001,0.003,0.001,0.001,0.006,0.001,0.001,0.001,0.002,0.002,0.003,0.000,0.000,0.001,0.001,0.001,0.001,0.002,0.001,0.002,0.004,0.002,0.001,0.001,0.003,0.001,0.000,0.001,0.001,0.001,0.002,0.002,0.002,0.002,0.001,0.004,0.005,0.002,0.005,0.003,0.001,0.003,0.225,0.004,0.002,0.003,0.002,0.004,0.000,0.004,0.238,0.001,0.002,0.002,0.002,0.004,0.239,0.214,0.002,0.001,0.004,0.007,0.004,0.005,0.004,0.198,0.226,0.004,0.004,0.004,0.207,0.231,0.003,0.001,0.005,0.003,0.004,0.003,0.005,0.201,0.217,0.000,0.002,0.005,0.006,0.001,0.001,0.226,0.002,0.001,0.003,0.002,0.001,0.215,0.002,0.001,0.004,0.001,0.003,0.003,0.003,0.002,0.002,0.002,0.002,0.002,0.002,0.003,0.001,0.002,0.002,0.002,0.004,0.002,0.004,0.002,0.001,0.003,0.003,0.003,0.005,0.003,0.001,0.001,0.002,0.001,0.000,0.002,0.002,0.003,0.003,0.003,0.001,0.001,0.002,0.002,0.003,0.003,0.002,0.000,0.001,0.002,0.000,0.005,0.001,0.000,0.001,0.001,0.001,0.001,0.001,0.002,0.007,0.003,0.001,0.000,0.004,0.004,0.002,0.005,0.003,0.002,0.056,0.199,0.213,0.188,0.206,0.195,0.220,0.190,0.002,0.002,0.005,0.005,0.002,0.005,0.003,0.003,0.194,0.195,0.179,0.128,0.184,0.111,0.162,0.004,0.002,0.001,0.004,0.003,0.001,0.002,0.003,0.001,0.002,0.004,0.003,0.001,0.002,0.001,0.212,0.111,0.185,0.091,0.190,0.205,0.129,0.223,0.039,0.035,0.043,0.060,0.035,0.027,0.052,0.040,0.033,0.036,0.035,0.055,0.048,0.042,0.034,0.031,0.048,0.051,0.059,0.063,0.009,0.024,0.008,0.020,0.014,0.015,0.002,0.005,0.005,0.003,0.003,0.005,0.002,0.003,0.001,0.002,0.207,0.000,0.003,0.099,0.114,0.003,0.006,0.005,0.006,0.008,0.004,0.002,0.006,0.056,0.123,0.119,0.119,0.144,0.118,0.117,0.147,0.117,0.119,0.132,0.127,0.131,0.131,0.140,0.124,0.114,0.088,0.097
LP6005443-DNA_D09,0.028,0.059,0.036,0.048,0.044,0.029,0.097,0.023,0.071,0.042,0.041,0.034,0.037,0.041,0.019,0.061,0.037,0.071,0.050,0.077,0.060,0.035,0.052,0.024,0.025,0.034,0.031,0.069,0.024,0.036,0.029,0.044,0.055,0.074,0.073,0.065,0.046,0.080,0.064,0.052,0.100,0.040,0.073,0.078,0.040,0.084,0.078,0.050,0.039,0.042,0.075,0.046,0.047,0.052,0.046,0.061,0.030,0.069,0.059,0.071,0.055,0.069,0.058,0.087,0.090,0.067,0.059,0.044,0.052,0.042,0.062,0.031,0.035,0.075,0.043,0.058,0.028,0.044,0.044,0.053,0.034,0.048,0.049,0.040,0.041,0.006,0.009,0.074,0.078,0.016,0.048,0.061,0.018,0.054,0.020,0.095,0.086,0.079,0.046,0.035,0.016,0.094,0.054,0.007,0.019,0.036,0.026,0.008,0.017,0.011,0.035,0.050,0.064,0.036,0.022,0.084,0.030,0.029,0.027,0.060,0.006,0.008,0.038,0.010,0.023,0.046,0.051,0.003,0.012,0.017,0.067,0.038,0.024,0.055,0.070,0.055,0.070,0.009,0.049,0.068,0.074,0.006,0.003,0.026,0.032,0.033,0.034,0.069,0.073,0.034,0.006,0.025,0.024,0.023,0.046,0.020,0.005,0.021,0.058,0.004,0.028,0.036,0.011,0.025,0.054,0.022,0.029,0.017,0.019,0.054,0.020,0.008,0.073,0.043,0.006,0.005,0.023,0.019,0.021,0.005,0.061,0.008,0.025,0.050,0.036,0.020,0.006,0.041,0.057,0.017,0.013,0.043,0.020,0.048,0.032,0.059,0.029,0.018,0.035,0.061,0.044,0.058,0.034,0.023,0.057,0.058,0.089,0.063,0.039,0.048,0.037,0.034,0.038,0.058,0.031,0.037,0.028,0.035,0.047,0.081,0.069,0.094,0.020,0.035,0.043,0.030,0.036,0.046,0.049,0.067,0.283,0.030,0.055,0.054,0.065,0.086,0.038,0.039,0.032,0.031,0.021,0.056,0.060,0.103,0.011,0.038,0.044,0.089,0.021,0.052,0.101,0.063,0.074,0.049,0.044,0.001,0.036,0.021,0.054,0.021,0.025,0.038,0.048,0.027,0.039,0.027,0.018,0.054,0.022,0.069,0.055,0.017,0.025,0.029,0.039,0.046,0.035,0.073,0.030,0.034,0.054,0.057,0.011,0.039,0.055,0.042,0.041,0.031,0.017,0.027,0.024,0.062,0.040,0.035,0.034,0.034,0.016,0.032,0.059,0.007,0.068,0.088,0.006,0.004,0.056,0.000,0.104,0.012,0.018,0.011,0.029,0.023,0.062,0.030,0.043,0.072,0.041,0.006,0.008,0.016,0.032,0.022,0.036,0.042,0.022,0.052,0.066,0.074,0.068,0.065,0.064,0.051,0.035,0.040,0.035,0.061,0.045,0.041,0.059,0.037,0.033,0.054,0.060,0.073,0.051,0.077,0.058,0.042,0.043,0.080,0.062,0.061,0.039,0.048,0.084,0.069,0.011,0.024,0.028,0.058,0.068,0.032,0.061,0.043,0.049,0.097,0.036,0.061,0.036,0.048,0.050,0.073,0.049,0.086,0.035,0.043,0.063,0.081,0.029,0.042,0.030,0.050,0.046,0.011,0.051,0.098,0.079,0.025,0.051,0.047,0.014,0.037,0.045,0.038,0.026,0.063,0.038,0.029,0.023,0.029,0.038,0.049,0.033,0.057,0.058,0.019,0.062,0.059,0.010,0.072,0.075,0.063,0.020,0.056,0.044,0.071,0.036,0.057,0.045,0.032,0.056,0.034,0.058,0.078,0.054,0.046,0.085,0.078,0.042,0.063,0.111,0.070,0.076,0.031,0.061,0.061,0.040,0.041,0.059
LP6005443-DNA_E01,0.043,0.060,0.177,0.106,0.083,0.100,0.116,0.104,0.103,0.078,0.111,0.023,0.067,0.062,0.065,0.043,0.108,0.089,0.075,0.109,0.159,0.065,0.114,0.174,0.090,0.102,0.100,0.134,0.064,0.039,0.057,0.067,0.131,0.072,0.128,0.122,0.089,0.065,0.075,0.096,0.076,0.186,0.091,0.089,0.120,0.048,0.086,0.122,0.108,0.189,0.064,0.080,0.074,0.113,0.071,0.135,0.082,0.097,0.120,0.086,0.090,0.092,0.135,0.118,0.071,0.100,0.115,0.108,0.133,0.079,0.154,0.082,0.178,0.076,0.162,0.151,0.195,0.123,0.121,0.165,0.065,0.150,0.062,0.007,0.116,0.002,0.013,0.111,0.076,0.009,0.151,0.087,0.010,0.020,0.094,0.120,0.136,0.086,0.025,0.024,0.013,0.067,0.069,0.019,0.059,0.042,0.008,0.022,0.013,0.011,0.011,0.110,0.100,0.148,0.001,0.093,0.025,0.009,0.010,0.048,0.009,0.017,0.035,0.007,0.124,0.081,0.087,0.006,0.016,0.079,0.068,0.017,0.085,0.049,0.130,0.172,0.100,0.007,0.122,0.100,0.109,0.007,0.005,0.014,0.031,0.018,0.062,0.057,0.109,0.061,0.002,0.005,0.075,0.015,0.023,0.017,0.007,0.041,0.031,0.033,0.012,0.058,0.026,0.027,0.061,0.009,0.019,0.018,0.005,0.033,0.130,0.002,0.140,0.117,0.008,0.009,0.018,0.010,0.080,0.010,0.088,0.023,0.073,0.072,0.067,0.008,0.002,0.061,0.090,0.039,0.010,0.030,0.022,0.077,0.095,0.081,0.009,0.007,0.059,0.035,0.062,0.139,0.025,0.011,0.078,0.058,0.092,0.121,0.066,0.060,0.080,0.025,0.129,0.084,0.001,0.066,0.036,0.057,0.107,0.057,0.077,0.044,0.007,0.095,0.085,0.066,0.019,0.106,0.055,0.113,0.048,0.117,0.060,0.137,0.119,0.060,0.000,0.100,0.145,0.034,0.057,0.049,0.156,0.063,0.024,0.056,0.127,0.109,0.026,0.041,0.073,0.067,0.036,0.109,0.094,0.001,0.086,0.020,0.071,0.021,0.019,0.096,0.077,0.017,0.040,0.043,0.014,0.025,0.027,0.043,0.079,0.041,0.044,0.006,0.110,0.028,0.042,0.114,0.039,0.016,0.074,0.095,0.025,0.008,0.076,0.021,0.032,0.043,0.008,0.010,0.033,0.039,0.058,0.060,0.053,0.035,0.014,0.005,0.076,0.011,0.079,0.104,0.015,0.010,0.057,0.001,0.113,0.015,0.005,0.022,0.013,0.041,0.087,0.009,0.115,0.068,0.080,0.012,0.003,0.027,0.030,0.025,0.028,0.027,0.055,0.102,0.165,0.143,0.074,0.082,0.074,0.072,0.079,0.047,0.065,0.103,0.096,0.054,0.058,0.050,0.039,0.088,0.147,0.036,0.101,0.121,0.178,0.129,0.135,0.162,0.173,0.074,0.116,0.148,0.077,0.138,0.056,0.111,0.035,0.149,0.052,0.099,0.087,0.086,0.189,0.107,0.043,0.085,0.051,0.125,0.099,0.069,0.062,0.136,0.157,0.133,0.061,0.087,0.105,0.117,0.103,0.173,0.094,0.054,0.076,0.085,0.101,0.076,0.161,0.071,0.058,0.111,0.178,0.074,0.121,0.138,0.120,0.068,0.125,0.054,0.065,0.061,0.074,0.138,0.077,0.008,0.082,0.089,0.026,0.068,0.041,0.081,0.077,0.052,0.091,0.121,0.108,0.109,0.081,0.108,0.083,0.150,0.087,0.129,0.057,0.153,0.060,0.121,0.109,0.119,0.131,0.117,0.139,0.166,0.080,0.081,0.044,0.191,0.092
LP6005443-DNA_E05,0.058,0.116,0.085,0.054,0.090,0.127,0.075,0.080,0.064,0.065,0.079,0.068,0.144,0.127,0.122,0.127,0.075,0.170,0.080,0.105,0.124,0.121,0.075,0.078,0.072,0.122,0.114,0.092,0.060,0.060,0.064,0.125,0.067,0.051,0.101,0.080,0.069,0.056,0.097,0.079,0.112,0.057,0.074,0.117,0.055,0.082,0.076,0.096,0.102,0.125,0.099,0.060,0.056,0.068,0.090,0.088,0.146,0.072,0.088,0.095,0.075,0.098,0.091,0.115,0.112,0.051,0.076,0.141,0.076,0.123,0.100,0.085,0.089,0.100,0.098,0.090,0.138,0.086,0.055,0.079,0.051,0.068,0.061,0.049,0.051,0.064,0.019,0.076,0.115,0.028,0.070,0.084,0.079,0.051,0.047,0.125,0.074,0.103,0.044,0.060,0.044,0.077,0.119,0.039,0.078,0.103,0.048,0.027,0.017,0.075,0.049,0.103,0.107,0.080,0.028,0.071,0.035,0.040,0.049,0.068,0.032,0.033,0.086,0.031,0.063,0.081,0.103,0.037,0.032,0.071,0.067,0.037,0.100,0.062,0.115,0.100,0.090,0.055,0.168,0.132,0.098,0.058,0.015,0.063,0.040,0.079,0.043,0.094,0.098,0.102,0.023,0.031,0.039,0.034,0.056,0.054,0.014,0.050,0.079,0.061,0.041,0.109,0.040,0.062,0.102,0.025,0.028,0.024,0.033,0.038,0.044,0.032,0.082,0.060,0.016,0.028,0.047,0.074,0.040,0.046,0.124,0.035,0.107,0.109,0.081,0.013,0.075,0.042,0.075,0.019,0.071,0.040,0.071,0.051,0.102,0.067,0.064,0.042,0.070,0.066,0.078,0.105,0.071,0.022,0.106,0.080,0.079,0.078,0.089,0.117,0.093,0.057,0.091,0.059,0.022,0.080,0.063,0.104,0.128,0.055,0.067,0.081,0.034,0.094,0.094,0.052,0.086,0.119,0.073,0.106,0.097,0.072,0.090,0.081,0.095,0.080,0.058,0.068,0.081,0.063,0.062,0.079,0.057,0.136,0.028,0.084,0.087,0.109,0.100,0.056,0.076,0.102,0.080,0.119,0.110,0.034,0.100,0.050,0.089,0.032,0.062,0.068,0.076,0.036,0.048,0.070,0.039,0.042,0.024,0.041,0.092,0.029,0.070,0.046,0.093,0.029,0.054,0.112,0.065,0.023,0.059,0.083,0.016,0.020,0.053,0.014,0.061,0.050,0.056,0.034,0.027,0.073,0.112,0.047,0.108,0.042,0.047,0.058,0.086,0.018,0.095,0.135,0.068,0.028,0.064,0.013,0.082,0.032,0.028,0.041,0.055,0.095,0.102,0.066,0.104,0.088,0.094,0.021,0.055,0.028,0.031,0.056,0.054,0.011,0.048,0.165,0.167,0.081,0.131,0.092,0.099,0.086,0.090,0.056,0.079,0.081,0.151,0.053,0.105,0.058,0.067,0.135,0.132,0.068,0.058,0.087,0.088,0.081,0.057,0.079,0.147,0.108,0.088,0.095,0.105,0.122,0.043,0.048,0.090,0.098,0.067,0.029,0.071,0.105,0.083,0.069,0.069,0.086,0.115,0.072,0.186,0.075,0.060,0.143,0.110,0.156,0.066,0.103,0.104,0.051,0.109,0.047,0.058,0.038,0.126,0.071,0.071,0.076,0.113,0.110,0.077,0.051,0.141,0.104,0.044,0.127,0.063,0.069,0.104,0.130,0.065,0.070,0.067,0.103,0.075,0.076,0.101,0.064,0.028,0.105,0.038,0.113,0.051,0.053,0.097,0.126,0.080,0.102,0.107,0.067,0.120,0.104,0.088,0.087,0.113,0.098,0.130,0.088,0.101,0.063,0.077,0.133,0.112,0.089,0.068,0.059,0.096,0.098,0.108
LP6005443-DNA_E07,0.066,0.072,0.096,0.062,0.092,0.101,0.006,0.047,0.054,0.037,0.045,0.044,0.041,0.032,0.052,0.042,0.048,0.043,0.040,0.037,0.045,0.041,0.064,0.028,0.039,0.051,0.031,0.040,0.057,0.040,0.048,0.040,0.039,0.039,0.004,0.005,0.003,0.006,0.004,0.003,0.083,0.073,0.220,0.215,0.208,0.198,0.198,0.216,0.224,0.208,0.221,0.186,0.208,0.223,0.215,0.205,0.232,0.238,0.221,0.223,0.210,0.207,0.191,0.192,0.226,0.216,0.225,0.109,0.084,0.060,0.065,0.080,0.070,0.077,0.064,0.059,0.072,0.012,0.016,0.023,0.022,0.015,0.022,0.001,0.135,0.001,0.000,0.228,0.002,0.001,0.104,0.002,0.002,0.003,0.001,0.004,0.233,0.002,0.001,0.002,0.002,0.004,0.001,0.003,0.002,0.003,0.001,0.001,0.000,0.002,0.001,0.002,0.004,0.002,0.001,0.004,0.001,0.001,0.000,0.002,0.001,0.002,0.002,0.001,0.001,0.002,0.002,0.001,0.001,0.001,0.003,0.002,0.003,0.003,0.004,0.008,0.004,0.000,0.002,0.005,0.002,0.001,0.000,0.002,0.004,0.001,0.003,0.002,0.004,0.000,0.001,0.001,0.001,0.001,0.002,0.001,0.000,0.002,0.001,0.001,0.004,0.002,0.001,0.002,0.002,0.002,0.003,0.001,0.002,0.004,0.001,0.002,0.004,0.002,0.000,0.000,0.002,0.001,0.003,0.000,0.003,0.000,0.002,0.002,0.003,0.002,0.002,0.002,0.003,0.001,0.001,0.003,0.000,0.002,0.004,0.003,0.003,0.002,0.002,0.005,0.002,0.004,0.002,0.001,0.003,0.206,0.003,0.004,0.001,0.003,0.001,0.001,0.006,0.225,0.002,0.002,0.001,0.002,0.004,0.226,0.242,0.003,0.002,0.003,0.002,0.001,0.001,0.002,0.206,0.247,0.004,0.005,0.003,0.256,0.227,0.004,0.002,0.004,0.003,0.001,0.001,0.004,0.198,0.190,0.001,0.002,0.003,0.003,0.002,0.002,0.242,0.002,0.003,0.004,0.004,0.001,0.245,0.001,0.003,0.002,0.004,0.001,0.003,0.003,0.001,0.003,0.002,0.002,0.003,0.003,0.003,0.001,0.004,0.003,0.002,0.004,0.003,0.006,0.001,0.003,0.008,0.003,0.002,0.001,0.003,0.002,0.002,0.002,0.002,0.001,0.002,0.002,0.002,0.002,0.002,0.002,0.003,0.002,0.002,0.001,0.002,0.005,0.000,0.002,0.004,0.000,0.003,0.002,0.001,0.001,0.002,0.003,0.003,0.002,0.003,0.003,0.004,0.001,0.001,0.003,0.004,0.003,0.003,0.002,0.003,0.067,0.190,0.219,0.200,0.224,0.215,0.223,0.165,0.003,0.003,0.004,0.003,0.004,0.002,0.002,0.002,0.177,0.179,0.183,0.154,0.226,0.128,0.158,0.003,0.003,0.002,0.003,0.004,0.003,0.004,0.002,0.002,0.003,0.004,0.003,0.004,0.001,0.002,0.220,0.139,0.174,0.103,0.196,0.195,0.151,0.228,0.050,0.037,0.047,0.062,0.038,0.031,0.049,0.038,0.034,0.038,0.028,0.060,0.041,0.046,0.041,0.035,0.049,0.049,0.061,0.066,0.010,0.017,0.010,0.011,0.010,0.010,0.003,0.002,0.005,0.003,0.002,0.005,0.002,0.003,0.001,0.004,0.249,0.001,0.003,0.118,0.124,0.003,0.004,0.007,0.005,0.004,0.004,0.003,0.007,0.062,0.153,0.158,0.167,0.179,0.155,0.159,0.173,0.131,0.130,0.140,0.148,0.147,0.146,0.171,0.136,0.152,0.092,0.103
LP6005443-DNA_E08,0.060,0.069,0.078,0.060,0.082,0.097,0.009,0.051,0.053,0.031,0.047,0.036,0.043,0.034,0.043,0.042,0.040,0.039,0.034,0.044,0.045,0.036,0.040,0.020,0.036,0.042,0.031,0.031,0.045,0.035,0.043,0.050,0.044,0.036,0.005,0.006,0.004,0.004,0.003,0.003,0.060,0.070,0.215,0.217,0.205,0.202,0.199,0.240,0.239,0.214,0.229,0.209,0.205,0.222,0.202,0.194,0.204,0.216,0.219,0.218,0.194,0.195,0.194,0.188,0.242,0.227,0.219,0.088,0.074,0.067,0.061,0.077,0.062,0.071,0.061,0.053,0.071,0.008,0.015,0.017,0.020,0.017,0.021,0.000,0.139,0.001,0.001,0.215,0.003,0.001,0.110,0.004,0.002,0.001,0.002,0.006,0.253,0.003,0.002,0.001,0.002,0.003,0.002,0.001,0.003,0.001,0.003,0.001,0.001,0.003,0.003,0.002,0.005,0.006,0.001,0.003,0.002,0.002,0.001,0.003,0.000,0.001,0.005,0.000,0.003,0.002,0.005,0.000,0.001,0.002,0.002,0.001,0.002,0.003,0.004,0.005,0.004,0.001,0.004,0.003,0.005,0.002,0.001,0.001,0.003,0.001,0.004,0.003,0.003,0.003,0.001,0.000,0.003,0.000,0.001,0.001,0.000,0.002,0.001,0.001,0.001,0.003,0.001,0.002,0.003,0.000,0.001,0.004,0.001,0.001,0.003,0.001,0.004,0.002,0.000,0.001,0.001,0.001,0.001,0.001,0.004,0.001,0.002,0.001,0.002,0.000,0.001,0.003,0.002,0.000,0.000,0.002,0.002,0.002,0.003,0.002,0.001,0.001,0.002,0.004,0.004,0.004,0.002,0.000,0.003,0.222,0.002,0.004,0.003,0.003,0.002,0.001,0.004,0.234,0.001,0.003,0.001,0.003,0.004,0.224,0.220,0.002,0.001,0.004,0.003,0.001,0.001,0.004,0.187,0.252,0.004,0.005,0.003,0.209,0.254,0.003,0.001,0.002,0.004,0.002,0.003,0.003,0.221,0.195,0.001,0.001,0.006,0.005,0.002,0.002,0.248,0.002,0.002,0.003,0.002,0.002,0.219,0.001,0.002,0.002,0.002,0.002,0.004,0.003,0.003,0.003,0.002,0.002,0.002,0.002,0.002,0.001,0.004,0.003,0.003,0.004,0.002,0.006,0.002,0.001,0.005,0.003,0.005,0.002,0.003,0.002,0.001,0.001,0.000,0.000,0.003,0.003,0.001,0.003,0.003,0.002,0.001,0.001,0.001,0.001,0.003,0.003,0.000,0.000,0.002,0.001,0.006,0.001,0.000,0.002,0.001,0.003,0.002,0.001,0.002,0.004,0.002,0.000,0.001,0.003,0.004,0.002,0.004,0.001,0.003,0.066,0.204,0.220,0.208,0.221,0.209,0.228,0.176,0.003,0.003,0.004,0.004,0.001,0.003,0.002,0.002,0.190,0.196,0.184,0.124,0.207,0.110,0.164,0.003,0.004,0.003,0.003,0.003,0.002,0.004,0.002,0.001,0.001,0.004,0.003,0.002,0.001,0.001,0.233,0.116,0.204,0.100,0.187,0.204,0.161,0.233,0.036,0.032,0.042,0.055,0.038,0.030,0.036,0.030,0.024,0.039,0.025,0.063,0.036,0.060,0.038,0.025,0.049,0.044,0.057,0.064,0.008,0.024,0.010,0.021,0.014,0.014,0.002,0.003,0.004,0.002,0.004,0.006,0.002,0.003,0.001,0.003,0.212,0.001,0.002,0.114,0.131,0.002,0.004,0.008,0.007,0.007,0.004,0.004,0.004,0.063,0.149,0.157,0.165,0.173,0.141,0.146,0.170,0.142,0.125,0.144,0.149,0.150,0.141,0.164,0.140,0.118,0.077,0.089
LP6005443-DNA_E09,0.052,0.051,0.068,0.048,0.078,0.027,0.047,0.057,0.028,0.045,0.036,0.057,0.056,0.072,0.026,0.063,0.028,0.050,0.061,0.067,0.057,0.064,0.019,0.028,0.046,0.060,0.041,0.068,0.027,0.032,0.045,0.052,0.070,0.088,0.061,0.048,0.058,0.059,0.069,0.066,0.095,0.056,0.048,0.050,0.050,0.045,0.035,0.042,0.032,0.023,0.046,0.035,0.062,0.046,0.063,0.057,0.051,0.056,0.068,0.058,0.042,0.047,0.057,0.041,0.064,0.042,0.044,0.057,0.070,0.060,0.050,0.053,0.037,0.028,0.053,0.071,0.046,0.095,0.068,0.042,0.067,0.048,0.041,0.009,0.018,0.019,0.019,0.061,0.056,0.019,0.040,0.035,0.016,0.011,0.084,0.111,0.049,0.057,0.032,0.023,0.023,0.094,0.081,0.009,0.083,0.029,0.010,0.011,0.015,0.025,0.016,0.087,0.083,0.070,0.005,0.068,0.021,0.023,0.004,0.090,0.006,0.030,0.044,0.019,0.060,0.048,0.045,0.001,0.025,0.085,0.046,0.020,0.053,0.109,0.083,0.097,0.074,0.012,0.049,0.051,0.057,0.010,0.008,0.027,0.013,0.011,0.053,0.072,0.047,0.035,0.021,0.005,0.011,0.022,0.018,0.011,0.014,0.027,0.012,0.014,0.011,0.037,0.014,0.016,0.037,0.015,0.029,0.019,0.027,0.029,0.057,0.016,0.081,0.086,0.008,0.010,0.015,0.022,0.045,0.016,0.099,0.008,0.066,0.075,0.079,0.001,0.027,0.021,0.091,0.018,0.009,0.032,0.020,0.033,0.103,0.071,0.018,0.029,0.099,0.030,0.095,0.061,0.053,0.008,0.097,0.077,0.050,0.053,0.067,0.062,0.064,0.022,0.052,0.046,0.011,0.072,0.065,0.066,0.078,0.046,0.064,0.021,0.026,0.095,0.092,0.058,0.070,0.090,0.044,0.057,0.097,0.046,0.050,0.055,0.047,0.070,0.019,0.038,0.067,0.115,0.061,0.092,0.054,0.047,0.007,0.075,0.100,0.084,0.058,0.050,0.037,0.073,0.077,0.069,0.068,0.004,0.053,0.060,0.048,0.006,0.033,0.048,0.048,0.033,0.027,0.046,0.016,0.019,0.012,0.056,0.095,0.026,0.032,0.005,0.054,0.054,0.037,0.100,0.025,0.039,0.093,0.043,0.002,0.028,0.042,0.016,0.032,0.016,0.021,0.001,0.032,0.026,0.058,0.045,0.036,0.021,0.012,0.016,0.088,0.007,0.062,0.071,0.011,0.013,0.068,0.001,0.189,0.020,0.005,0.039,0.033,0.023,0.060,0.021,0.086,0.035,0.063,0.018,0.019,0.026,0.024,0.005,0.027,0.024,0.035,0.076,0.052,0.037,0.053,0.047,0.055,0.050,0.025,0.045,0.043,0.060,0.048,0.035,0.048,0.054,0.029,0.058,0.075,0.056,0.034,0.049,0.077,0.028,0.054,0.098,0.069,0.063,0.058,0.060,0.065,0.077,0.040,0.023,0.025,0.073,0.077,0.032,0.045,0.045,0.037,0.046,0.051,0.044,0.044,0.047,0.071,0.050,0.036,0.062,0.032,0.071,0.036,0.086,0.056,0.032,0.017,0.069,0.046,0.023,0.047,0.074,0.095,0.067,0.041,0.058,0.043,0.059,0.038,0.068,0.037,0.040,0.054,0.051,0.040,0.056,0.080,0.049,0.045,0.051,0.047,0.015,0.079,0.052,0.009,0.044,0.054,0.039,0.024,0.081,0.111,0.067,0.080,0.051,0.079,0.045,0.049,0.081,0.075,0.093,0.084,0.095,0.097,0.087,0.097,0.097,0.063,0.054,0.080,0.059,0.062,0.088,0.071,0.047,0.090
LP6005443-DNA_E10,0.039,0.072,0.101,0.033,0.051,0.063,0.075,0.044,0.069,0.049,0.063,0.045,0.076,0.062,0.057,0.037,0.047,0.094,0.045,0.124,0.050,0.069,0.040,0.050,0.045,0.026,0.031,0.057,0.014,0.071,0.052,0.034,0.079,0.029,0.058,0.041,0.012,0.048,0.042,0.028,0.102,0.087,0.127,0.083,0.060,0.106,0.108,0.061,0.087,0.122,0.066,0.071,0.073,0.045,0.067,0.070,0.073,0.115,0.100,0.076,0.044,0.068,0.072,0.125,0.084,0.099,0.112,0.073,0.104,0.062,0.057,0.063,0.056,0.087,0.035,0.086,0.042,0.013,0.019,0.050,0.028,0.033,0.086,0.090,0.062,0.087,0.120,0.080,0.058,0.116,0.051,0.063,0.076,0.100,0.033,0.056,0.075,0.036,0.080,0.092,0.033,0.042,0.030,0.050,0.051,0.114,0.040,0.055,0.081,0.147,0.012,0.038,0.086,0.048,0.092,0.080,0.083,0.060,0.080,0.042,0.096,0.019,0.101,0.157,0.043,0.041,0.089,0.058,0.169,0.009,0.122,0.145,0.035,0.098,0.161,0.043,0.031,0.104,0.046,0.080,0.049,0.064,0.029,0.130,0.079,0.149,0.006,0.041,0.120,0.050,0.041,0.060,0.120,0.130,0.086,0.076,0.092,0.053,0.046,0.127,0.025,0.099,0.072,0.122,0.071,0.096,0.089,0.083,0.087,0.075,0.008,0.092,0.078,0.032,0.042,0.069,0.072,0.022,0.049,0.056,0.078,0.042,0.103,0.045,0.048,0.102,0.080,0.118,0.045,0.059,0.095,0.163,0.075,0.068,0.014,0.055,0.100,0.139,0.098,0.118,0.089,0.079,0.116,0.067,0.019,0.086,0.115,0.054,0.059,0.097,0.036,0.050,0.031,0.104,0.133,0.039,0.058,0.102,0.080,0.096,0.096,0.100,0.101,0.051,0.066,0.080,0.130,0.066,0.072,0.062,0.125,0.000,0.109,0.075,0.056,0.046,0.008,0.071,0.022,0.056,0.056,0.118,0.080,0.101,0.045,0.100,0.037,0.090,0.155,0.033,0.087,0.092,0.051,0.080,0.069,0.030,0.074,0.073,0.107,0.030,0.063,0.077,0.103,0.019,0.026,0.036,0.082,0.126,0.025,0.046,0.048,0.065,0.081,0.083,0.079,0.079,0.055,0.054,0.059,0.121,0.048,0.076,0.025,0.054,0.084,0.055,0.123,0.104,0.084,0.062,0.075,0.087,0.045,0.153,0.020,0.086,0.048,0.178,0.034,0.080,0.080,0.079,0.093,0.052,0.076,0.064,0.051,0.056,0.028,0.063,0.156,0.061,0.069,0.157,0.107,0.083,0.108,0.127,0.095,0.033,0.073,0.032,0.059,0.037,0.049,0.066,0.102,0.102,0.071,0.055,0.089,0.095,0.067,0.029,0.038,0.073,0.023,0.049,0.050,0.003,0.022,0.111,0.070,0.133,0.080,0.135,0.105,0.065,0.043,0.054,0.048,0.073,0.040,0.025,0.071,0.032,0.022,0.033,0.011,0.019,0.055,0.018,0.043,0.091,0.064,0.092,0.060,0.101,0.104,0.042,0.085,0.086,0.026,0.092,0.050,0.084,0.079,0.062,0.025,0.096,0.048,0.029,0.072,0.044,0.057,0.086,0.047,0.029,0.079,0.032,0.035,0.045,0.021,0.060,0.042,0.035,0.032,0.045,0.038,0.065,0.044,0.072,0.036,0.034,0.065,0.128,0.046,0.074,0.040,0.104,0.093,0.111,0.143,0.053,0.037,0.015,0.036,0.031,0.055,0.036,0.076,0.072,0.043,0.049,0.050,0.063,0.129,0.068,0.078,0.108,0.080,0.077,0.054,0.036,0.073,0.072,0.039,0.007,0.064
LP6005443-DNA_E11,0.039,0.050,0.137,0.085,0.031,0.070,0.106,0.081,0.050,0.062,0.056,0.026,0.032,0.084,0.057,0.068,0.061,0.144,0.044,0.045,0.068,0.057,0.100,0.073,0.061,0.080,0.044,0.149,0.025,0.036,0.059,0.028,0.105,0.060,0.083,0.070,0.074,0.088,0.035,0.098,0.066,0.071,0.075,0.107,0.075,0.081,0.098,0.138,0.099,0.140,0.085,0.071,0.095,0.073,0.110,0.155,0.058,0.107,0.145,0.112,0.120,0.111,0.056,0.078,0.065,0.073,0.093,0.125,0.051,0.062,0.087,0.044,0.061,0.047,0.107,0.071,0.067,0.062,0.079,0.044,0.038,0.078,0.022,0.062,0.045,0.048,0.025,0.127,0.156,0.044,0.079,0.165,0.042,0.027,0.054,0.092,0.117,0.171,0.014,0.032,0.017,0.048,0.074,0.018,0.082,0.048,0.034,0.026,0.029,0.030,0.043,0.067,0.116,0.056,0.015,0.118,0.051,0.029,0.037,0.073,0.043,0.020,0.050,0.046,0.048,0.078,0.204,0.033,0.053,0.016,0.059,0.085,0.131,0.113,0.298,0.118,0.074,0.040,0.093,0.229,0.169,0.015,0.010,0.050,0.026,0.035,0.070,0.099,0.243,0.205,0.025,0.024,0.073,0.052,0.033,0.024,0.028,0.102,0.031,0.014,0.035,0.074,0.027,0.037,0.119,0.018,0.018,0.044,0.032,0.031,0.038,0.050,0.096,0.060,0.021,0.045,0.018,0.045,0.063,0.015,0.069,0.032,0.092,0.101,0.069,0.051,0.043,0.073,0.053,0.042,0.028,0.042,0.036,0.029,0.087,0.098,0.067,0.057,0.095,0.057,0.126,0.085,0.101,0.044,0.071,0.052,0.204,0.076,0.047,0.126,0.121,0.015,0.085,0.045,0.032,0.039,0.099,0.113,0.106,0.057,0.047,0.063,0.014,0.088,0.144,0.123,0.094,0.095,0.080,0.135,0.074,0.103,0.068,0.107,0.066,0.058,0.041,0.204,0.069,0.095,0.069,0.127,0.050,0.057,0.036,0.242,0.079,0.169,0.070,0.103,0.072,0.155,0.065,0.086,0.132,0.051,0.083,0.094,0.191,0.036,0.026,0.032,0.193,0.019,0.023,0.071,0.032,0.059,0.029,0.063,0.162,0.021,0.036,0.041,0.076,0.050,0.034,0.080,0.050,0.046,0.110,0.256,0.027,0.026,0.039,0.037,0.034,0.079,0.058,0.036,0.035,0.051,0.042,0.061,0.078,0.040,0.051,0.046,0.068,0.044,0.076,0.078,0.016,0.034,0.092,0.031,0.077,0.038,0.017,0.026,0.075,0.037,0.067,0.055,0.209,0.180,0.195,0.060,0.023,0.023,0.029,0.019,0.035,0.037,0.023,0.068,0.108,0.164,0.042,0.075,0.096,0.097,0.114,0.044,0.036,0.048,0.077,0.038,0.060,0.046,0.064,0.085,0.102,0.087,0.077,0.073,0.127,0.099,0.070,0.056,0.065,0.070,0.051,0.054,0.052,0.090,0.018,0.039,0.053,0.080,0.065,0.046,0.045,0.099,0.078,0.072,0.051,0.124,0.080,0.122,0.120,0.069,0.056,0.157,0.058,0.102,0.084,0.081,0.069,0.059,0.070,0.091,0.046,0.033,0.049,0.059,0.084,0.048,0.066,0.037,0.046,0.056,0.038,0.074,0.078,0.074,0.087,0.049,0.075,0.049,0.066,0.051,0.053,0.085,0.057,0.048,0.109,0.073,0.037,0.172,0.038,0.065,0.199,0.071,0.043,0.074,0.102,0.086,0.059,0.051,0.030,0.114,0.062,0.102,0.074,0.105,0.106,0.090,0.052,0.061,0.081,0.043,0.111,0.091,0.061,0.036,0.051,0.085,0.042
LP6005443-DNA_F01,0.030,0.037,0.043,0.106,0.086,0.060,0.073,0.091,0.044,0.066,0.068,0.032,0.067,0.047,0.059,0.069,0.103,0.046,0.109,0.054,0.082,0.093,0.121,0.076,0.081,0.069,0.057,0.129,0.098,0.067,0.084,0.055,0.082,0.060,0.078,0.083,0.086,0.121,0.118,0.096,0.054,0.076,0.045,0.050,0.055,0.047,0.032,0.036,0.062,0.057,0.048,0.036,0.026,0.019,0.024,0.029,0.045,0.028,0.041,0.046,0.035,0.032,0.095,0.044,0.043,0.041,0.064,0.066,0.085,0.076,0.100,0.042,0.072,0.058,0.080,0.069,0.112,0.092,0.103,0.092,0.098,0.102,0.082,0.035,0.049,0.010,0.016,0.059,0.069,0.020,0.120,0.107,0.008,0.006,0.048,0.127,0.038,0.084,0.020,0.022,0.024,0.063,0.081,0.021,0.128,0.024,0.031,0.010,0.013,0.007,0.016,0.098,0.131,0.124,0.015,0.123,0.017,0.028,0.002,0.052,0.005,0.020,0.036,0.010,0.099,0.067,0.064,0.008,0.032,0.102,0.061,0.011,0.063,0.063,0.090,0.105,0.121,0.007,0.098,0.087,0.127,0.001,0.007,0.009,0.020,0.008,0.068,0.064,0.104,0.089,0.005,0.006,0.053,0.019,0.017,0.017,0.004,0.056,0.032,0.013,0.004,0.051,0.019,0.015,0.050,0.008,0.009,0.024,0.002,0.021,0.045,0.009,0.057,0.077,0.009,0.010,0.013,0.019,0.032,0.012,0.145,0.020,0.070,0.056,0.098,0.007,0.025,0.061,0.073,0.027,0.008,0.024,0.026,0.041,0.085,0.111,0.019,0.010,0.049,0.076,0.101,0.112,0.018,0.012,0.078,0.031,0.077,0.107,0.100,0.078,0.052,0.014,0.065,0.059,0.002,0.078,0.044,0.063,0.069,0.032,0.046,0.050,0.005,0.095,0.080,0.043,0.013,0.123,0.022,0.056,0.039,0.101,0.056,0.044,0.067,0.071,0.008,0.041,0.166,0.053,0.076,0.061,0.090,0.038,0.011,0.125,0.108,0.109,0.042,0.068,0.048,0.108,0.049,0.040,0.086,0.002,0.027,0.023,0.081,0.026,0.022,0.085,0.061,0.011,0.019,0.053,0.008,0.042,0.023,0.066,0.098,0.040,0.028,0.006,0.067,0.031,0.038,0.090,0.031,0.021,0.070,0.068,0.005,0.011,0.045,0.039,0.013,0.036,0.001,0.020,0.027,0.032,0.045,0.042,0.072,0.022,0.007,0.006,0.048,0.002,0.057,0.102,0.005,0.020,0.030,0.001,0.112,0.006,0.004,0.022,0.008,0.034,0.079,0.009,0.111,0.073,0.077,0.007,0.006,0.029,0.019,0.023,0.030,0.024,0.054,0.090,0.092,0.038,0.038,0.045,0.031,0.030,0.018,0.062,0.135,0.074,0.078,0.079,0.060,0.098,0.074,0.062,0.082,0.015,0.029,0.082,0.072,0.030,0.102,0.093,0.135,0.118,0.091,0.115,0.094,0.157,0.052,0.068,0.028,0.079,0.053,0.045,0.044,0.042,0.080,0.071,0.048,0.039,0.038,0.073,0.040,0.021,0.033,0.105,0.099,0.081,0.038,0.076,0.098,0.069,0.058,0.108,0.042,0.027,0.090,0.079,0.055,0.120,0.101,0.092,0.036,0.087,0.074,0.103,0.080,0.110,0.088,0.094,0.102,0.086,0.114,0.044,0.069,0.100,0.070,0.010,0.109,0.017,0.011,0.088,0.037,0.069,0.027,0.077,0.082,0.113,0.126,0.115,0.071,0.084,0.059,0.062,0.082,0.050,0.050,0.107,0.059,0.074,0.093,0.108,0.078,0.098,0.067,0.128,0.068,0.075,0.072,0.106,0.058
LP6005443-DNA_F03,0.029,0.019,0.053,0.067,0.052,0.052,0.055,0.064,0.046,0.028,0.013,0.026,0.048,0.078,0.039,0.029,0.058,0.077,0.059,0.118,0.050,0.025,0.033,0.061,0.035,0.029,0.024,0.079,0.079,0.056,0.073,0.013,0.058,0.062,0.044,0.081,0.028,0.045,0.041,0.046,0.065,0.071,0.038,0.074,0.017,0.037,0.046,0.022,0.060,0.033,0.049,0.054,0.043,0.043,0.029,0.040,0.012,0.033,0.038,0.034,0.049,0.040,0.017,0.027,0.053,0.034,0.061,0.047,0.038,0.056,0.039,0.032,0.037,0.046,0.045,0.038,0.038,0.042,0.044,0.022,0.036,0.025,0.037,0.031,0.039,0.020,0.022,0.045,0.101,0.025,0.031,0.072,0.032,0.024,0.047,0.064,0.049,0.120,0.024,0.019,0.020,0.026,0.072,0.020,0.063,0.044,0.033,0.028,0.011,0.041,0.022,0.054,0.076,0.086,0.006,0.062,0.027,0.037,0.007,0.033,0.022,0.032,0.067,0.008,0.042,0.086,0.125,0.015,0.031,0.040,0.056,0.045,0.054,0.101,0.106,0.083,0.044,0.020,0.097,0.098,0.078,0.007,0.013,0.036,0.006,0.040,0.025,0.079,0.094,0.088,0.028,0.018,0.042,0.024,0.022,0.026,0.010,0.055,0.027,0.036,0.011,0.043,0.023,0.020,0.055,0.023,0.010,0.027,0.012,0.023,0.070,0.026,0.032,0.063,0.006,0.028,0.024,0.025,0.030,0.012,0.083,0.019,0.117,0.071,0.067,0.029,0.036,0.056,0.058,0.025,0.016,0.007,0.023,0.039,0.104,0.088,0.033,0.030,0.177,0.022,0.092,0.077,0.180,0.040,0.081,0.048,0.118,0.046,0.032,0.080,0.058,0.045,0.040,0.030,0.028,0.099,0.131,0.079,0.084,0.050,0.038,0.041,0.019,0.070,0.285,0.097,0.150,0.058,0.035,0.093,0.046,0.035,0.051,0.023,0.037,0.148,0.025,0.080,0.067,0.213,0.050,0.116,0.043,0.040,0.018,0.096,0.102,0.202,0.091,0.004,0.035,0.097,0.061,0.145,0.143,0.018,0.024,0.117,0.106,0.035,0.026,0.060,0.078,0.014,0.022,0.027,0.010,0.012,0.015,0.024,0.073,0.026,0.010,0.019,0.055,0.011,0.026,0.082,0.025,0.018,0.035,0.064,0.025,0.020,0.024,0.022,0.038,0.026,0.025,0.021,0.028,0.048,0.053,0.066,0.045,0.006,0.039,0.024,0.045,0.019,0.047,0.059,0.014,0.005,0.043,0.011,0.061,0.023,0.001,0.056,0.036,0.031,0.058,0.026,0.161,0.103,0.079,0.033,0.027,0.015,0.007,0.009,0.025,0.022,0.023,0.094,0.035,0.043,0.058,0.026,0.041,0.037,0.023,0.040,0.064,0.048,0.051,0.031,0.058,0.027,0.031,0.051,0.099,0.027,0.031,0.051,0.057,0.029,0.039,0.039,0.076,0.052,0.059,0.050,0.068,0.081,0.016,0.023,0.018,0.027,0.038,0.062,0.042,0.048,0.049,0.051,0.008,0.029,0.040,0.052,0.046,0.046,0.031,0.076,0.038,0.051,0.059,0.035,0.034,0.036,0.063,0.123,0.071,0.023,0.047,0.125,0.067,0.037,0.033,0.043,0.048,0.068,0.032,0.048,0.044,0.096,0.029,0.027,0.055,0.055,0.037,0.033,0.034,0.040,0.035,0.034,0.041,0.041,0.014,0.058,0.037,0.046,0.087,0.050,0.081,0.076,0.102,0.044,0.042,0.121,0.029,0.085,0.096,0.110,0.158,0.098,0.160,0.132,0.135,0.146,0.108,0.089,0.138,0.082,0.093,0.182,0.088,0.028,0.116
LP6005443-DNA_F04,0.046,0.073,0.025,0.120,0.082,0.083,0.042,0.066,0.024,0.032,0.024,0.008,0.031,0.070,0.021,0.057,0.056,0.075,0.046,0.082,0.044,0.050,0.031,0.077,0.090,0.082,0.035,0.064,0.045,0.050,0.043,0.015,0.089,0.035,0.042,0.046,0.056,0.061,0.043,0.033,0.041,0.061,0.047,0.028,0.090,0.039,0.058,0.059,0.074,0.077,0.035,0.047,0.030,0.047,0.036,0.073,0.035,0.023,0.039,0.040,0.022,0.039,0.116,0.044,0.028,0.106,0.048,0.081,0.105,0.040,0.079,0.073,0.081,0.054,0.081,0.053,0.077,0.094,0.040,0.061,0.093,0.068,0.030,0.077,0.123,0.033,0.032,0.091,0.074,0.046,0.090,0.087,0.017,0.042,0.033,0.095,0.107,0.070,0.037,0.041,0.051,0.104,0.088,0.023,0.105,0.044,0.047,0.020,0.027,0.039,0.019,0.074,0.137,0.111,0.039,0.051,0.024,0.008,0.015,0.024,0.026,0.020,0.069,0.030,0.112,0.079,0.096,0.014,0.039,0.058,0.052,0.019,0.055,0.082,0.059,0.113,0.045,0.014,0.100,0.093,0.094,0.014,0.012,0.024,0.014,0.029,0.030,0.069,0.072,0.114,0.017,0.023,0.090,0.035,0.023,0.021,0.024,0.068,0.017,0.039,0.017,0.038,0.029,0.017,0.069,0.033,0.027,0.046,0.039,0.019,0.038,0.053,0.024,0.046,0.006,0.026,0.031,0.049,0.019,0.045,0.061,0.008,0.091,0.030,0.040,0.021,0.036,0.084,0.042,0.039,0.011,0.071,0.010,0.030,0.124,0.041,0.056,0.092,0.046,0.052,0.173,0.079,0.037,0.013,0.061,0.044,0.072,0.057,0.093,0.051,0.078,0.052,0.068,0.077,0.022,0.044,0.079,0.096,0.062,0.032,0.022,0.083,0.041,0.144,0.100,0.101,0.063,0.134,0.021,0.072,0.031,0.063,0.049,0.025,0.066,0.073,0.025,0.059,0.111,0.047,0.133,0.072,0.107,0.027,0.032,0.064,0.133,0.119,0.044,0.038,0.042,0.055,0.082,0.020,0.115,0.017,0.034,0.072,0.067,0.029,0.023,0.045,0.087,0.030,0.013,0.073,0.006,0.039,0.032,0.074,0.123,0.013,0.020,0.026,0.072,0.049,0.041,0.044,0.032,0.020,0.030,0.084,0.016,0.022,0.074,0.034,0.043,0.018,0.028,0.018,0.013,0.038,0.038,0.148,0.052,0.040,0.019,0.035,0.097,0.028,0.070,0.035,0.030,0.023,0.084,0.017,0.180,0.017,0.005,0.081,0.011,0.024,0.082,0.058,0.070,0.103,0.104,0.027,0.032,0.034,0.028,0.021,0.038,0.021,0.054,0.094,0.119,0.099,0.037,0.054,0.034,0.017,0.025,0.042,0.056,0.032,0.063,0.038,0.027,0.076,0.048,0.092,0.112,0.027,0.024,0.081,0.075,0.018,0.030,0.038,0.088,0.059,0.034,0.038,0.047,0.065,0.040,0.034,0.016,0.030,0.045,0.026,0.029,0.049,0.065,0.099,0.053,0.028,0.026,0.057,0.028,0.029,0.059,0.040,0.092,0.033,0.036,0.050,0.050,0.054,0.025,0.077,0.102,0.029,0.038,0.071,0.049,0.072,0.072,0.067,0.025,0.063,0.068,0.021,0.027,0.059,0.110,0.017,0.049,0.125,0.068,0.045,0.027,0.073,0.027,0.047,0.055,0.029,0.012,0.111,0.023,0.084,0.033,0.029,0.033,0.069,0.073,0.047,0.044,0.059,0.064,0.054,0.061,0.020,0.068,0.078,0.030,0.094,0.115,0.181,0.087,0.063,0.132,0.146,0.066,0.180,0.063,0.107,0.038
LP6005443-DNA_F05,0.067,0.056,0.052,0.029,0.066,0.038,0.068,0.013,0.067,0.076,0.041,0.057,0.050,0.062,0.049,0.042,0.056,0.092,0.076,0.057,0.071,0.081,0.047,0.051,0.076,0.065,0.057,0.091,0.047,0.033,0.053,0.066,0.081,0.077,0.070,0.085,0.031,0.067,0.046,0.079,0.087,0.077,0.094,0.122,0.094,0.094,0.118,0.094,0.082,0.050,0.121,0.077,0.086,0.108,0.073,0.097,0.091,0.063,0.099,0.092,0.067,0.059,0.065,0.082,0.083,0.060,0.065,0.095,0.082,0.052,0.083,0.057,0.048,0.038,0.079,0.036,0.034,0.046,0.052,0.059,0.063,0.050,0.038,0.036,0.066,0.049,0.030,0.098,0.169,0.049,0.083,0.140,0.054,0.069,0.075,0.095,0.084,0.178,0.045,0.035,0.034,0.104,0.089,0.015,0.071,0.072,0.047,0.031,0.036,0.066,0.045,0.067,0.108,0.095,0.042,0.065,0.018,0.020,0.038,0.040,0.040,0.030,0.070,0.065,0.029,0.080,0.185,0.016,0.075,0.087,0.079,0.069,0.061,0.106,0.210,0.057,0.112,0.040,0.059,0.147,0.191,0.006,0.001,0.035,0.050,0.037,0.073,0.078,0.167,0.158,0.018,0.017,0.062,0.047,0.041,0.031,0.030,0.116,0.046,0.051,0.035,0.074,0.022,0.029,0.134,0.042,0.026,0.076,0.056,0.043,0.035,0.066,0.086,0.080,0.013,0.030,0.015,0.055,0.048,0.038,0.083,0.009,0.087,0.073,0.075,0.033,0.047,0.059,0.081,0.047,0.050,0.064,0.014,0.051,0.098,0.057,0.031,0.083,0.184,0.079,0.149,0.078,0.079,0.021,0.088,0.081,0.181,0.087,0.092,0.100,0.055,0.057,0.081,0.102,0.032,0.067,0.073,0.064,0.047,0.081,0.074,0.104,0.021,0.057,0.129,0.111,0.134,0.090,0.072,0.136,0.086,0.048,0.069,0.077,0.080,0.109,0.056,0.108,0.085,0.119,0.078,0.179,0.058,0.063,0.023,0.147,0.081,0.169,0.098,0.034,0.110,0.202,0.060,0.150,0.114,0.019,0.054,0.129,0.133,0.030,0.046,0.108,0.142,0.056,0.027,0.038,0.034,0.071,0.018,0.045,0.164,0.030,0.034,0.060,0.063,0.039,0.089,0.100,0.032,0.050,0.031,0.132,0.036,0.033,0.059,0.024,0.066,0.051,0.038,0.018,0.059,0.048,0.049,0.064,0.057,0.044,0.019,0.053,0.050,0.020,0.085,0.065,0.027,0.015,0.050,0.023,0.120,0.022,0.002,0.036,0.039,0.044,0.045,0.056,0.191,0.212,0.153,0.054,0.054,0.015,0.020,0.011,0.074,0.027,0.051,0.070,0.100,0.085,0.067,0.058,0.069,0.077,0.031,0.081,0.056,0.070,0.045,0.029,0.067,0.027,0.033,0.097,0.094,0.071,0.059,0.082,0.089,0.096,0.064,0.066,0.046,0.076,0.064,0.041,0.064,0.062,0.042,0.041,0.012,0.080,0.046,0.058,0.027,0.058,0.059,0.102,0.084,0.094,0.091,0.069,0.123,0.095,0.058,0.078,0.047,0.074,0.060,0.051,0.032,0.033,0.054,0.101,0.071,0.031,0.098,0.069,0.064,0.060,0.042,0.039,0.063,0.054,0.035,0.034,0.069,0.039,0.051,0.045,0.081,0.037,0.044,0.027,0.057,0.055,0.069,0.049,0.041,0.039,0.021,0.156,0.049,0.063,0.145,0.047,0.064,0.095,0.080,0.042,0.070,0.074,0.096,0.061,0.059,0.073,0.063,0.100,0.097,0.052,0.064,0.044,0.043,0.038,0.050,0.062,0.055,0.047,0.051,0.054,0.067
LP6005443-DNA_F07,0.076,0.063,0.070,0.058,0.079,0.106,0.006,0.051,0.060,0.046,0.035,0.036,0.057,0.032,0.047,0.047,0.053,0.047,0.036,0.037,0.048,0.027,0.043,0.024,0.033,0.046,0.037,0.032,0.040,0.031,0.047,0.043,0.034,0.031,0.005,0.004,0.006,0.004,0.003,0.005,0.068,0.067,0.231,0.234,0.225,0.229,0.196,0.238,0.257,0.223,0.236,0.203,0.194,0.225,0.214,0.198,0.197,0.235,0.200,0.189,0.215,0.213,0.198,0.192,0.233,0.211,0.229,0.082,0.080,0.060,0.068,0.074,0.076,0.053,0.068,0.043,0.070,0.011,0.015,0.018,0.019,0.018,0.021,0.001,0.128,0.001,0.002,0.190,0.002,0.001,0.110,0.005,0.002,0.002,0.002,0.004,0.240,0.003,0.002,0.002,0.001,0.002,0.004,0.001,0.002,0.003,0.005,0.003,0.001,0.002,0.001,0.004,0.008,0.010,0.001,0.004,0.003,0.002,0.001,0.003,0.001,0.002,0.004,0.001,0.006,0.002,0.006,0.001,0.002,0.002,0.003,0.002,0.003,0.003,0.004,0.006,0.004,0.002,0.006,0.005,0.007,0.001,0.001,0.002,0.003,0.001,0.004,0.002,0.003,0.006,0.001,0.001,0.005,0.001,0.002,0.001,0.003,0.002,0.002,0.002,0.003,0.002,0.001,0.002,0.004,0.002,0.003,0.007,0.002,0.003,0.002,0.002,0.003,0.002,0.001,0.001,0.002,0.001,0.001,0.001,0.003,0.001,0.003,0.004,0.003,0.001,0.003,0.006,0.001,0.002,0.002,0.002,0.002,0.004,0.003,0.002,0.003,0.002,0.004,0.005,0.003,0.007,0.003,0.002,0.005,0.237,0.003,0.004,0.005,0.003,0.001,0.001,0.004,0.218,0.002,0.002,0.001,0.003,0.002,0.228,0.230,0.003,0.003,0.006,0.003,0.003,0.002,0.007,0.185,0.239,0.004,0.008,0.002,0.197,0.239,0.003,0.002,0.002,0.007,0.002,0.005,0.003,0.242,0.203,0.000,0.002,0.008,0.006,0.002,0.002,0.240,0.001,0.001,0.002,0.004,0.002,0.192,0.001,0.001,0.005,0.002,0.004,0.002,0.005,0.003,0.002,0.002,0.001,0.004,0.003,0.002,0.002,0.004,0.001,0.002,0.006,0.002,0.004,0.003,0.002,0.003,0.002,0.003,0.004,0.006,0.004,0.002,0.004,0.002,0.001,0.004,0.002,0.003,0.006,0.001,0.003,0.001,0.003,0.003,0.003,0.003,0.003,0.001,0.002,0.004,0.001,0.007,0.002,0.001,0.002,0.002,0.003,0.002,0.002,0.002,0.007,0.002,0.000,0.001,0.007,0.004,0.004,0.005,0.005,0.003,0.070,0.206,0.210,0.200,0.204,0.203,0.207,0.168,0.003,0.003,0.005,0.004,0.004,0.004,0.003,0.003,0.186,0.164,0.176,0.129,0.196,0.116,0.143,0.005,0.003,0.003,0.004,0.004,0.004,0.003,0.003,0.003,0.003,0.005,0.003,0.002,0.002,0.001,0.222,0.110,0.212,0.083,0.202,0.198,0.163,0.194,0.041,0.046,0.038,0.062,0.025,0.024,0.031,0.042,0.029,0.033,0.036,0.052,0.048,0.041,0.037,0.029,0.051,0.054,0.065,0.072,0.009,0.025,0.008,0.020,0.015,0.015,0.004,0.005,0.005,0.003,0.004,0.009,0.003,0.003,0.001,0.003,0.220,0.001,0.005,0.116,0.129,0.002,0.004,0.007,0.003,0.005,0.006,0.005,0.005,0.055,0.138,0.152,0.156,0.162,0.133,0.136,0.177,0.140,0.127,0.125,0.146,0.141,0.135,0.174,0.146,0.131,0.078,0.091
LP6005443-DNA_F08,0.080,0.072,0.079,0.055,0.081,0.092,0.007,0.044,0.057,0.035,0.039,0.036,0.051,0.030,0.057,0.041,0.048,0.040,0.038,0.036,0.054,0.046,0.049,0.020,0.033,0.037,0.038,0.036,0.042,0.039,0.046,0.038,0.038,0.028,0.006,0.004,0.005,0.002,0.004,0.003,0.083,0.080,0.211,0.209,0.198,0.165,0.185,0.207,0.216,0.217,0.229,0.224,0.219,0.208,0.215,0.194,0.196,0.207,0.188,0.189,0.184,0.190,0.159,0.184,0.208,0.220,0.206,0.072,0.086,0.053,0.070,0.064,0.063,0.061,0.057,0.054,0.073,0.015,0.018,0.015,0.020,0.012,0.018,0.001,0.110,0.001,0.001,0.188,0.003,0.001,0.094,0.002,0.001,0.003,0.003,0.010,0.235,0.003,0.003,0.002,0.001,0.004,0.004,0.003,0.002,0.002,0.006,0.001,0.001,0.001,0.001,0.002,0.005,0.002,0.001,0.004,0.002,0.002,0.002,0.004,0.001,0.000,0.006,0.001,0.002,0.003,0.002,0.001,0.002,0.002,0.002,0.002,0.003,0.003,0.004,0.003,0.004,0.001,0.004,0.002,0.003,0.000,0.001,0.002,0.003,0.001,0.005,0.003,0.003,0.002,0.001,0.001,0.001,0.002,0.001,0.001,0.001,0.002,0.003,0.001,0.002,0.002,0.001,0.001,0.002,0.001,0.002,0.007,0.001,0.004,0.002,0.001,0.003,0.002,0.001,0.000,0.002,0.001,0.002,0.000,0.003,0.000,0.002,0.002,0.004,0.001,0.001,0.002,0.003,0.002,0.001,0.002,0.001,0.005,0.002,0.004,0.002,0.001,0.003,0.005,0.002,0.004,0.003,0.002,0.004,0.245,0.003,0.004,0.002,0.004,0.002,0.002,0.005,0.210,0.002,0.002,0.001,0.004,0.006,0.230,0.223,0.004,0.002,0.003,0.003,0.003,0.003,0.003,0.181,0.262,0.007,0.003,0.006,0.194,0.217,0.003,0.002,0.002,0.003,0.002,0.001,0.003,0.208,0.219,0.001,0.001,0.004,0.004,0.001,0.001,0.209,0.002,0.004,0.002,0.003,0.002,0.221,0.002,0.002,0.002,0.002,0.003,0.003,0.002,0.004,0.003,0.002,0.001,0.003,0.004,0.003,0.001,0.003,0.002,0.003,0.003,0.002,0.005,0.003,0.002,0.004,0.002,0.005,0.001,0.002,0.001,0.002,0.003,0.001,0.001,0.003,0.004,0.005,0.003,0.004,0.003,0.001,0.003,0.005,0.001,0.003,0.004,0.001,0.001,0.004,0.001,0.004,0.000,0.001,0.001,0.001,0.003,0.003,0.002,0.002,0.002,0.003,0.001,0.001,0.005,0.005,0.004,0.006,0.003,0.004,0.064,0.179,0.195,0.188,0.183,0.185,0.203,0.156,0.004,0.003,0.005,0.007,0.003,0.006,0.003,0.002,0.171,0.184,0.177,0.131,0.184,0.106,0.170,0.004,0.004,0.002,0.004,0.003,0.003,0.004,0.005,0.002,0.002,0.005,0.004,0.002,0.002,0.003,0.215,0.096,0.187,0.091,0.184,0.220,0.134,0.198,0.033,0.034,0.036,0.068,0.035,0.029,0.043,0.046,0.029,0.041,0.034,0.045,0.046,0.041,0.032,0.033,0.041,0.051,0.058,0.064,0.009,0.022,0.015,0.021,0.017,0.017,0.004,0.010,0.007,0.004,0.004,0.003,0.003,0.002,0.002,0.003,0.184,0.001,0.003,0.123,0.111,0.002,0.005,0.007,0.005,0.004,0.003,0.003,0.006,0.053,0.158,0.126,0.133,0.152,0.142,0.135,0.161,0.135,0.137,0.146,0.144,0.139,0.136,0.160,0.140,0.143,0.069,0.109
LP6005443-DNA_F10,0.047,0.025,0.041,0.038,0.034,0.027,0.103,0.081,0.089,0.066,0.084,0.124,0.041,0.108,0.022,0.096,0.077,0.084,0.066,0.019,0.046,0.099,0.029,0.034,0.031,0.098,0.035,0.030,0.062,0.032,0.062,0.089,0.043,0.088,0.092,0.078,0.041,0.087,0.067,0.086,0.083,0.099,0.090,0.055,0.058,0.018,0.064,0.056,0.074,0.061,0.011,0.012,0.012,0.016,0.031,0.049,0.049,0.037,0.011,0.031,0.031,0.010,0.039,0.044,0.075,0.020,0.029,0.079,0.097,0.103,0.057,0.026,0.063,0.023,0.032,0.023,0.066,0.073,0.058,0.065,0.040,0.055,0.043,0.050,0.031,0.056,0.059,0.018,0.076,0.071,0.017,0.017,0.102,0.061,0.030,0.072,0.031,0.050,0.018,0.053,0.026,0.059,0.037,0.003,0.033,0.051,0.064,0.048,0.048,0.102,0.085,0.057,0.015,0.024,0.026,0.084,0.079,0.073,0.068,0.059,0.033,0.021,0.050,0.025,0.020,0.083,0.062,0.028,0.000,0.036,0.069,0.029,0.051,0.125,0.109,0.018,0.054,0.068,0.094,0.045,0.087,0.096,0.038,0.053,0.053,0.069,0.050,0.066,0.121,0.051,0.010,0.081,0.078,0.042,0.069,0.079,0.030,0.099,0.061,0.059,0.042,0.084,0.130,0.103,0.102,0.038,0.075,0.029,0.069,0.057,0.039,0.093,0.112,0.051,0.049,0.051,0.116,0.058,0.072,0.086,0.102,0.101,0.052,0.057,0.035,0.025,0.068,0.045,0.078,0.031,0.033,0.028,0.062,0.050,0.071,0.051,0.104,0.049,0.034,0.045,0.048,0.048,0.067,0.069,0.093,0.034,0.079,0.023,0.052,0.094,0.028,0.106,0.059,0.033,0.042,0.056,0.055,0.078,0.095,0.015,0.012,0.048,0.024,0.074,0.080,0.054,0.075,0.025,0.011,0.018,0.052,0.059,0.083,0.040,0.064,0.036,0.066,0.089,0.044,0.054,0.103,0.068,0.028,0.031,0.059,0.056,0.085,0.073,0.092,0.057,0.029,0.073,0.050,0.138,0.050,0.027,0.011,0.075,0.097,0.035,0.064,0.035,0.066,0.120,0.017,0.099,0.051,0.015,0.090,0.048,0.035,0.022,0.117,0.157,0.063,0.034,0.084,0.090,0.087,0.038,0.048,0.068,0.031,0.054,0.059,0.028,0.018,0.020,0.069,0.054,0.053,0.104,0.008,0.047,0.077,0.021,0.026,0.134,0.048,0.032,0.048,0.055,0.103,0.020,0.083,0.001,0.028,0.042,0.033,0.091,0.070,0.018,0.050,0.049,0.037,0.052,0.077,0.055,0.067,0.013,0.004,0.015,0.026,0.024,0.039,0.053,0.019,0.021,0.030,0.015,0.026,0.010,0.022,0.031,0.025,0.069,0.040,0.006,0.034,0.065,0.028,0.074,0.028,0.013,0.010,0.076,0.032,0.027,0.051,0.119,0.075,0.097,0.074,0.056,0.086,0.061,0.023,0.038,0.044,0.099,0.069,0.055,0.070,0.015,0.028,0.027,0.034,0.059,0.062,0.045,0.036,0.068,0.082,0.087,0.081,0.058,0.037,0.058,0.066,0.057,0.052,0.094,0.091,0.016,0.083,0.028,0.049,0.020,0.004,0.055,0.043,0.029,0.035,0.108,0.061,0.050,0.050,0.019,0.066,0.030,0.058,0.057,0.042,0.068,0.066,0.075,0.070,0.032,0.016,0.061,0.027,0.060,0.018,0.108,0.075,0.101,0.127,0.062,0.110,0.059,0.070,0.025,0.041,0.038,0.027,0.035,0.049,0.026,0.028,0.013,0.020,0.016,0.044,0.031,0.024,0.036,0.030,0.094,0.028
LP6005443-DNA_F11,0.071,0.053,0.071,0.069,0.025,0.048,0.082,0.043,0.052,0.040,0.037,0.019,0.059,0.042,0.063,0.069,0.048,0.051,0.054,0.051,0.023,0.062,0.084,0.053,0.036,0.062,0.038,0.124,0.028,0.070,0.052,0.047,0.044,0.047,0.045,0.076,0.092,0.074,0.034,0.066,0.085,0.073,0.031,0.105,0.024,0.030,0.064,0.039,0.060,0.032,0.063,0.034,0.051,0.027,0.055,0.048,0.051,0.061,0.047,0.043,0.047,0.041,0.046,0.038,0.057,0.047,0.035,0.076,0.049,0.055,0.043,0.033,0.053,0.043,0.071,0.039,0.085,0.054,0.043,0.061,0.058,0.024,0.025,0.026,0.041,0.048,0.039,0.029,0.203,0.019,0.034,0.181,0.043,0.027,0.092,0.107,0.054,0.214,0.009,0.014,0.012,0.080,0.079,0.013,0.120,0.054,0.026,0.017,0.021,0.042,0.031,0.063,0.070,0.072,0.016,0.119,0.027,0.038,0.017,0.037,0.015,0.021,0.043,0.054,0.085,0.077,0.184,0.021,0.069,0.088,0.088,0.058,0.087,0.057,0.326,0.055,0.051,0.039,0.061,0.214,0.234,0.003,0.005,0.036,0.020,0.043,0.035,0.056,0.235,0.177,0.028,0.012,0.049,0.062,0.035,0.027,0.029,0.119,0.022,0.026,0.027,0.071,0.013,0.040,0.192,0.028,0.022,0.035,0.030,0.028,0.055,0.032,0.061,0.079,0.010,0.014,0.028,0.034,0.034,0.013,0.090,0.021,0.097,0.076,0.080,0.030,0.034,0.062,0.031,0.035,0.052,0.042,0.036,0.024,0.099,0.085,0.052,0.034,0.113,0.079,0.117,0.062,0.071,0.028,0.053,0.039,0.210,0.103,0.091,0.099,0.056,0.016,0.058,0.046,0.040,0.055,0.069,0.073,0.068,0.055,0.037,0.054,0.022,0.097,0.149,0.055,0.128,0.076,0.019,0.055,0.055,0.052,0.070,0.046,0.029,0.103,0.044,0.197,0.157,0.091,0.065,0.139,0.045,0.028,0.018,0.103,0.063,0.143,0.063,0.061,0.025,0.218,0.078,0.083,0.107,0.025,0.050,0.094,0.224,0.022,0.031,0.082,0.159,0.018,0.014,0.035,0.038,0.045,0.015,0.053,0.219,0.050,0.039,0.010,0.048,0.062,0.028,0.080,0.044,0.051,0.098,0.176,0.022,0.040,0.038,0.016,0.035,0.047,0.031,0.016,0.040,0.073,0.049,0.046,0.037,0.043,0.039,0.047,0.036,0.027,0.057,0.070,0.012,0.023,0.047,0.008,0.103,0.019,0.017,0.040,0.054,0.030,0.052,0.039,0.219,0.192,0.210,0.069,0.036,0.011,0.013,0.019,0.035,0.038,0.043,0.076,0.071,0.049,0.052,0.019,0.051,0.063,0.028,0.041,0.089,0.078,0.055,0.042,0.049,0.092,0.070,0.079,0.059,0.054,0.051,0.032,0.051,0.037,0.046,0.066,0.083,0.056,0.036,0.067,0.064,0.124,0.030,0.052,0.046,0.069,0.051,0.041,0.042,0.071,0.034,0.044,0.032,0.055,0.074,0.074,0.084,0.081,0.046,0.080,0.026,0.051,0.065,0.050,0.087,0.040,0.053,0.045,0.044,0.027,0.047,0.027,0.036,0.125,0.032,0.034,0.040,0.060,0.050,0.093,0.067,0.080,0.054,0.056,0.050,0.063,0.068,0.046,0.079,0.099,0.035,0.039,0.062,0.042,0.017,0.161,0.044,0.045,0.167,0.062,0.051,0.059,0.086,0.071,0.051,0.050,0.041,0.033,0.059,0.053,0.055,0.055,0.063,0.031,0.022,0.043,0.035,0.016,0.040,0.026,0.048,0.024,0.045,0.065,0.059
LP6005443-DNA_G01,0.111,0.097,0.103,0.103,0.094,0.079,0.163,0.087,0.067,0.073,0.090,0.163,0.084,0.091,0.074,0.132,0.151,0.104,0.130,0.095,0.093,0.140,0.078,0.078,0.125,0.145,0.096,0.127,0.134,0.063,0.065,0.120,0.095,0.081,0.124,0.141,0.095,0.084,0.104,0.086,0.119,0.109,0.080,0.051,0.089,0.052,0.083,0.074,0.106,0.084,0.065,0.086,0.074,0.066,0.044,0.088,0.074,0.048,0.083,0.081,0.084,0.049,0.112,0.078,0.077,0.073,0.095,0.079,0.128,0.159,0.121,0.088,0.139,0.120,0.114,0.098,0.104,0.102,0.141,0.154,0.100,0.130,0.064,0.037,0.084,0.007,0.035,0.085,0.115,0.020,0.099,0.096,0.017,0.025,0.085,0.147,0.076,0.059,0.053,0.029,0.032,0.107,0.090,0.023,0.110,0.045,0.022,0.024,0.021,0.056,0.050,0.128,0.162,0.139,0.015,0.112,0.033,0.034,0.015,0.085,0.027,0.025,0.078,0.024,0.099,0.100,0.088,0.051,0.019,0.123,0.091,0.015,0.046,0.089,0.114,0.103,0.104,0.014,0.151,0.110,0.093,0.004,0.010,0.037,0.036,0.016,0.045,0.090,0.111,0.088,0.006,0.028,0.109,0.014,0.035,0.039,0.059,0.068,0.031,0.015,0.013,0.064,0.039,0.016,0.116,0.018,0.017,0.030,0.026,0.036,0.145,0.047,0.133,0.086,0.014,0.007,0.035,0.042,0.132,0.016,0.146,0.024,0.052,0.080,0.087,0.006,0.030,0.088,0.080,0.037,0.015,0.045,0.053,0.058,0.147,0.091,0.031,0.046,0.126,0.060,0.095,0.145,0.078,0.029,0.098,0.069,0.077,0.112,0.154,0.084,0.139,0.025,0.116,0.086,0.016,0.083,0.107,0.129,0.095,0.074,0.064,0.050,0.016,0.167,0.094,0.105,0.044,0.150,0.041,0.088,0.077,0.114,0.069,0.061,0.097,0.113,0.023,0.060,0.117,0.077,0.093,0.065,0.131,0.080,0.034,0.058,0.123,0.074,0.060,0.096,0.064,0.093,0.071,0.089,0.087,0.013,0.073,0.096,0.057,0.051,0.034,0.144,0.083,0.058,0.024,0.077,0.033,0.060,0.037,0.115,0.105,0.028,0.023,0.016,0.082,0.031,0.061,0.171,0.037,0.019,0.128,0.109,0.050,0.077,0.056,0.033,0.019,0.028,0.032,0.023,0.029,0.057,0.063,0.088,0.122,0.018,0.035,0.018,0.076,0.054,0.102,0.118,0.025,0.020,0.080,0.037,0.135,0.006,0.014,0.043,0.014,0.025,0.084,0.011,0.065,0.089,0.070,0.020,0.019,0.020,0.027,0.024,0.064,0.020,0.048,0.178,0.122,0.062,0.067,0.066,0.070,0.053,0.026,0.061,0.136,0.173,0.127,0.141,0.125,0.145,0.143,0.102,0.109,0.064,0.037,0.115,0.126,0.058,0.141,0.129,0.164,0.162,0.160,0.172,0.104,0.150,0.077,0.062,0.057,0.137,0.109,0.182,0.109,0.046,0.092,0.110,0.092,0.069,0.045,0.099,0.057,0.093,0.098,0.103,0.137,0.087,0.067,0.097,0.114,0.067,0.128,0.129,0.143,0.071,0.084,0.121,0.107,0.132,0.095,0.137,0.159,0.102,0.090,0.220,0.096,0.133,0.114,0.097,0.108,0.096,0.088,0.149,0.096,0.143,0.106,0.031,0.146,0.055,0.026,0.087,0.059,0.069,0.077,0.173,0.100,0.141,0.132,0.110,0.113,0.056,0.162,0.119,0.121,0.081,0.144,0.168,0.100,0.107,0.196,0.159,0.096,0.109,0.113,0.115,0.093,0.148,0.099,0.144,0.115
LP6005443-DNA_G03,0.047,0.067,0.110,0.075,0.103,0.091,0.055,0.050,0.097,0.078,0.055,0.022,0.063,0.058,0.056,0.048,0.102,0.111,0.087,0.058,0.085,0.055,0.064,0.077,0.026,0.078,0.069,0.088,0.041,0.035,0.057,0.046,0.131,0.085,0.088,0.079,0.054,0.073,0.070,0.079,0.110,0.090,0.056,0.147,0.094,0.126,0.104,0.051,0.108,0.095,0.085,0.089,0.077,0.119,0.082,0.080,0.059,0.071,0.100,0.067,0.079,0.106,0.147,0.082,0.075,0.094,0.072,0.073,0.073,0.091,0.114,0.069,0.112,0.095,0.085,0.087,0.070,0.080,0.074,0.118,0.050,0.064,0.027,0.068,0.091,0.045,0.019,0.123,0.151,0.034,0.063,0.139,0.023,0.046,0.041,0.067,0.115,0.141,0.049,0.024,0.020,0.097,0.103,0.010,0.054,0.046,0.035,0.009,0.017,0.041,0.025,0.080,0.076,0.129,0.026,0.108,0.019,0.037,0.027,0.057,0.016,0.026,0.051,0.022,0.059,0.066,0.155,0.015,0.033,0.042,0.064,0.061,0.093,0.100,0.142,0.090,0.042,0.034,0.104,0.101,0.121,0.007,0.003,0.037,0.023,0.037,0.028,0.104,0.108,0.134,0.013,0.015,0.061,0.049,0.020,0.028,0.014,0.065,0.030,0.030,0.031,0.061,0.046,0.033,0.067,0.036,0.015,0.029,0.028,0.047,0.026,0.023,0.092,0.074,0.004,0.021,0.026,0.028,0.016,0.018,0.061,0.031,0.085,0.093,0.074,0.030,0.038,0.078,0.053,0.025,0.033,0.039,0.015,0.031,0.103,0.073,0.048,0.048,0.115,0.031,0.139,0.104,0.086,0.024,0.082,0.074,0.136,0.060,0.074,0.104,0.063,0.022,0.037,0.109,0.028,0.061,0.059,0.090,0.078,0.049,0.088,0.093,0.016,0.104,0.181,0.126,0.092,0.122,0.056,0.113,0.121,0.085,0.079,0.059,0.086,0.099,0.034,0.110,0.117,0.167,0.098,0.130,0.094,0.071,0.017,0.114,0.074,0.113,0.052,0.081,0.082,0.121,0.063,0.125,0.153,0.010,0.091,0.084,0.097,0.026,0.044,0.069,0.101,0.019,0.018,0.039,0.010,0.046,0.020,0.078,0.091,0.019,0.028,0.037,0.052,0.047,0.048,0.101,0.030,0.036,0.091,0.110,0.025,0.052,0.064,0.043,0.053,0.045,0.043,0.017,0.040,0.046,0.051,0.088,0.048,0.037,0.037,0.028,0.112,0.015,0.078,0.092,0.015,0.008,0.047,0.014,0.159,0.015,0.015,0.021,0.023,0.049,0.055,0.051,0.130,0.120,0.112,0.024,0.027,0.023,0.022,0.020,0.045,0.014,0.026,0.120,0.159,0.159,0.090,0.111,0.075,0.131,0.079,0.044,0.061,0.093,0.057,0.027,0.061,0.056,0.047,0.119,0.127,0.060,0.089,0.160,0.092,0.078,0.102,0.114,0.089,0.077,0.055,0.072,0.063,0.089,0.034,0.053,0.035,0.067,0.088,0.057,0.079,0.113,0.092,0.120,0.090,0.072,0.113,0.105,0.105,0.092,0.057,0.087,0.074,0.069,0.040,0.048,0.029,0.061,0.053,0.087,0.070,0.029,0.072,0.077,0.058,0.047,0.092,0.073,0.094,0.031,0.098,0.040,0.071,0.094,0.086,0.042,0.059,0.045,0.038,0.038,0.041,0.099,0.036,0.064,0.057,0.073,0.019,0.122,0.033,0.107,0.089,0.047,0.077,0.067,0.096,0.036,0.044,0.056,0.077,0.089,0.105,0.105,0.094,0.103,0.078,0.078,0.119,0.111,0.104,0.103,0.092,0.116,0.099,0.127,0.086,0.177,0.109
LP6005443-DNA_G04,0.071,0.041,0.031,0.062,0.057,0.097,0.049,0.106,0.043,0.054,0.079,0.061,0.038,0.091,0.052,0.063,0.044,0.119,0.098,0.048,0.075,0.046,0.062,0.045,0.062,0.063,0.051,0.067,0.079,0.014,0.066,0.052,0.060,0.064,0.099,0.086,0.027,0.068,0.064,0.060,0.114,0.054,0.076,0.090,0.041,0.055,0.032,0.067,0.113,0.068,0.046,0.043,0.036,0.050,0.040,0.050,0.067,0.030,0.043,0.036,0.052,0.049,0.052,0.069,0.094,0.023,0.087,0.080,0.067,0.111,0.055,0.035,0.087,0.058,0.075,0.041,0.075,0.071,0.065,0.028,0.042,0.036,0.061,0.031,0.034,0.128,0.067,0.061,0.087,0.048,0.023,0.059,0.073,0.074,0.054,0.080,0.032,0.052,0.066,0.039,0.036,0.054,0.031,0.056,0.077,0.069,0.060,0.023,0.047,0.167,0.051,0.070,0.090,0.064,0.068,0.046,0.052,0.059,0.074,0.042,0.059,0.046,0.115,0.128,0.075,0.066,0.125,0.018,0.138,0.043,0.061,0.070,0.046,0.059,0.211,0.098,0.073,0.056,0.100,0.074,0.067,0.070,0.007,0.058,0.049,0.096,0.026,0.060,0.074,0.090,0.041,0.024,0.098,0.063,0.043,0.062,0.055,0.054,0.042,0.154,0.006,0.080,0.076,0.109,0.059,0.117,0.023,0.073,0.068,0.043,0.043,0.076,0.067,0.064,0.017,0.029,0.081,0.065,0.024,0.008,0.064,0.066,0.126,0.083,0.080,0.051,0.086,0.117,0.071,0.079,0.081,0.102,0.073,0.064,0.094,0.041,0.046,0.098,0.081,0.087,0.100,0.058,0.133,0.028,0.049,0.067,0.119,0.020,0.040,0.118,0.059,0.073,0.055,0.045,0.055,0.082,0.093,0.097,0.095,0.048,0.063,0.112,0.018,0.093,0.125,0.112,0.132,0.063,0.043,0.034,0.040,0.036,0.131,0.054,0.085,0.089,0.109,0.085,0.071,0.137,0.063,0.137,0.046,0.036,0.042,0.087,0.065,0.102,0.117,0.046,0.053,0.091,0.048,0.132,0.097,0.028,0.044,0.091,0.076,0.022,0.072,0.073,0.057,0.041,0.030,0.058,0.074,0.131,0.027,0.028,0.070,0.041,0.098,0.113,0.096,0.056,0.026,0.062,0.038,0.050,0.058,0.081,0.032,0.016,0.030,0.028,0.066,0.045,0.059,0.029,0.023,0.060,0.028,0.059,0.076,0.038,0.043,0.068,0.035,0.040,0.088,0.063,0.038,0.040,0.042,0.058,0.044,0.065,0.010,0.058,0.093,0.041,0.066,0.097,0.161,0.079,0.092,0.096,0.093,0.037,0.010,0.012,0.018,0.014,0.088,0.069,0.052,0.040,0.055,0.031,0.064,0.040,0.013,0.045,0.057,0.027,0.056,0.049,0.043,0.039,0.030,0.123,0.108,0.055,0.016,0.084,0.063,0.046,0.031,0.062,0.102,0.083,0.038,0.039,0.057,0.048,0.022,0.024,0.043,0.055,0.043,0.022,0.052,0.054,0.052,0.057,0.027,0.085,0.070,0.054,0.085,0.048,0.048,0.089,0.081,0.069,0.029,0.074,0.054,0.037,0.036,0.075,0.039,0.036,0.103,0.056,0.048,0.065,0.047,0.087,0.048,0.057,0.056,0.080,0.092,0.078,0.052,0.053,0.064,0.046,0.059,0.068,0.072,0.057,0.066,0.089,0.072,0.061,0.020,0.102,0.022,0.042,0.119,0.056,0.066,0.051,0.093,0.053,0.110,0.055,0.100,0.046,0.078,0.071,0.096,0.062,0.059,0.042,0.033,0.024,0.067,0.062,0.030,0.058,0.060,0.077,0.049,0.042,0.056
LP6005443-DNA_G05,0.083,0.074,0.073,0.116,0.066,0.060,0.112,0.085,0.036,0.112,0.111,0.080,0.087,0.076,0.078,0.149,0.068,0.164,0.097,0.072,0.067,0.115,0.099,0.059,0.106,0.078,0.056,0.073,0.090,0.043,0.062,0.071,0.128,0.060,0.126,0.125,0.081,0.154,0.091,0.133,0.131,0.055,0.046,0.045,0.025,0.098,0.022,0.032,0.041,0.057,0.040,0.028,0.074,0.077,0.031,0.053,0.044,0.038,0.017,0.050,0.046,0.064,0.040,0.032,0.026,0.025,0.033,0.067,0.102,0.099,0.071,0.133,0.083,0.133,0.066,0.067,0.036,0.092,0.084,0.049,0.076,0.113,0.093,0.010,0.075,0.041,0.038,0.081,0.070,0.013,0.051,0.081,0.014,0.022,0.057,0.064,0.038,0.063,0.022,0.005,0.009,0.094,0.149,0.013,0.055,0.008,0.019,0.004,0.014,0.009,0.058,0.110,0.074,0.055,0.008,0.103,0.026,0.037,0.006,0.057,0.016,0.050,0.039,0.011,0.098,0.056,0.047,0.026,0.012,0.083,0.028,0.018,0.067,0.118,0.089,0.124,0.140,0.011,0.063,0.098,0.086,0.001,0.012,0.007,0.015,0.012,0.087,0.093,0.080,0.067,0.006,0.011,0.039,0.054,0.018,0.012,0.011,0.024,0.033,0.013,0.013,0.082,0.010,0.021,0.078,0.015,0.012,0.010,0.017,0.018,0.102,0.005,0.096,0.034,0.017,0.004,0.029,0.018,0.059,0.020,0.107,0.042,0.151,0.063,0.105,0.012,0.020,0.125,0.069,0.018,0.030,0.052,0.024,0.025,0.118,0.073,0.023,0.021,0.080,0.050,0.061,0.075,0.012,0.011,0.070,0.031,0.080,0.105,0.029,0.052,0.088,0.019,0.074,0.048,0.020,0.089,0.051,0.056,0.054,0.027,0.050,0.100,0.016,0.043,0.072,0.089,0.031,0.134,0.015,0.035,0.084,0.042,0.049,0.036,0.053,0.070,0.017,0.089,0.102,0.005,0.042,0.033,0.046,0.030,0.020,0.063,0.109,0.094,0.038,0.229,0.053,0.079,0.090,0.089,0.103,0.020,0.030,0.032,0.052,0.013,0.094,0.049,0.087,0.027,0.020,0.064,0.031,0.015,0.018,0.089,0.073,0.003,0.016,0.028,0.055,0.054,0.095,0.106,0.052,0.026,0.142,0.119,0.022,0.019,0.016,0.028,0.006,0.054,0.035,0.010,0.081,0.015,0.087,0.005,0.122,0.016,0.021,0.002,0.141,0.009,0.042,0.073,0.019,0.015,0.065,0.009,0.038,0.020,0.016,0.031,0.009,0.051,0.053,0.013,0.044,0.080,0.088,0.010,0.000,0.020,0.024,0.022,0.021,0.014,0.013,0.075,0.033,0.122,0.057,0.081,0.058,0.059,0.086,0.048,0.125,0.062,0.114,0.100,0.078,0.134,0.073,0.030,0.054,0.033,0.032,0.035,0.028,0.052,0.060,0.119,0.126,0.112,0.110,0.073,0.114,0.129,0.065,0.117,0.091,0.089,0.095,0.056,0.049,0.048,0.054,0.076,0.049,0.032,0.025,0.056,0.023,0.156,0.076,0.080,0.076,0.063,0.093,0.126,0.058,0.041,0.077,0.083,0.105,0.040,0.065,0.085,0.112,0.090,0.064,0.112,0.079,0.127,0.082,0.096,0.106,0.082,0.085,0.076,0.044,0.071,0.096,0.065,0.089,0.094,0.067,0.039,0.071,0.041,0.006,0.093,0.021,0.033,0.035,0.137,0.058,0.147,0.105,0.116,0.067,0.106,0.055,0.037,0.061,0.029,0.057,0.050,0.044,0.030,0.039,0.025,0.033,0.034,0.026,0.036,0.036,0.023,0.056,0.087,0.053
LP6005443-DNA_G07,0.064,0.068,0.080,0.058,0.080,0.096,0.008,0.052,0.059,0.042,0.041,0.047,0.046,0.042,0.047,0.042,0.050,0.047,0.037,0.038,0.042,0.041,0.044,0.018,0.033,0.040,0.035,0.037,0.051,0.033,0.043,0.035,0.030,0.030,0.005,0.005,0.003,0.004,0.002,0.003,0.075,0.068,0.194,0.197,0.210,0.193,0.212,0.212,0.227,0.191,0.222,0.212,0.174,0.199,0.220,0.196,0.191,0.214,0.200,0.207,0.177,0.187,0.190,0.176,0.220,0.211,0.235,0.082,0.080,0.061,0.069,0.068,0.064,0.076,0.065,0.059,0.079,0.014,0.015,0.016,0.025,0.013,0.021,0.001,0.113,0.001,0.001,0.190,0.004,0.001,0.091,0.002,0.002,0.002,0.001,0.005,0.237,0.003,0.000,0.002,0.001,0.003,0.003,0.002,0.003,0.003,0.001,0.002,0.000,0.002,0.003,0.002,0.005,0.002,0.002,0.003,0.002,0.003,0.001,0.003,0.001,0.001,0.003,0.001,0.002,0.002,0.002,0.001,0.003,0.002,0.002,0.002,0.003,0.003,0.004,0.004,0.005,0.001,0.003,0.005,0.003,0.000,0.000,0.001,0.004,0.001,0.005,0.003,0.005,0.003,0.001,0.001,0.001,0.001,0.003,0.001,0.002,0.002,0.002,0.000,0.003,0.002,0.002,0.001,0.002,0.001,0.001,0.002,0.002,0.002,0.002,0.001,0.003,0.002,0.000,0.002,0.001,0.001,0.002,0.001,0.002,0.001,0.002,0.003,0.003,0.002,0.001,0.002,0.002,0.001,0.001,0.002,0.002,0.002,0.002,0.002,0.003,0.001,0.002,0.007,0.003,0.003,0.002,0.002,0.003,0.194,0.003,0.003,0.001,0.003,0.002,0.000,0.004,0.229,0.002,0.004,0.001,0.003,0.003,0.202,0.220,0.003,0.003,0.003,0.004,0.002,0.002,0.002,0.189,0.244,0.006,0.002,0.003,0.219,0.243,0.002,0.002,0.002,0.003,0.002,0.002,0.005,0.217,0.187,0.000,0.001,0.003,0.004,0.002,0.002,0.241,0.001,0.002,0.002,0.004,0.001,0.223,0.001,0.002,0.001,0.002,0.003,0.004,0.002,0.002,0.004,0.002,0.003,0.001,0.001,0.002,0.001,0.002,0.003,0.002,0.004,0.004,0.005,0.002,0.003,0.004,0.002,0.005,0.002,0.002,0.002,0.003,0.003,0.001,0.002,0.004,0.003,0.003,0.002,0.002,0.001,0.001,0.003,0.002,0.001,0.003,0.003,0.000,0.001,0.003,0.001,0.004,0.001,0.000,0.002,0.002,0.003,0.002,0.002,0.003,0.003,0.003,0.001,0.001,0.006,0.004,0.005,0.006,0.002,0.002,0.065,0.181,0.209,0.187,0.206,0.216,0.194,0.153,0.004,0.003,0.004,0.003,0.005,0.003,0.002,0.002,0.191,0.179,0.187,0.127,0.197,0.113,0.155,0.002,0.003,0.003,0.004,0.004,0.002,0.003,0.003,0.002,0.003,0.003,0.005,0.002,0.001,0.001,0.221,0.106,0.189,0.092,0.200,0.202,0.146,0.205,0.042,0.034,0.043,0.058,0.032,0.031,0.031,0.036,0.016,0.032,0.029,0.061,0.041,0.050,0.039,0.029,0.043,0.052,0.059,0.056,0.010,0.018,0.007,0.014,0.017,0.013,0.002,0.003,0.004,0.003,0.004,0.007,0.002,0.002,0.001,0.004,0.211,0.001,0.004,0.111,0.119,0.002,0.006,0.005,0.008,0.006,0.005,0.004,0.003,0.067,0.146,0.153,0.157,0.154,0.146,0.127,0.159,0.128,0.129,0.137,0.141,0.131,0.133,0.144,0.140,0.138,0.072,0.084
LP6005443-DNA_G11,0.047,0.101,0.062,0.067,0.023,0.095,0.113,0.015,0.017,0.049,0.055,0.030,0.049,0.062,0.041,0.025,0.049,0.091,0.065,0.061,0.048,0.067,0.063,0.052,0.043,0.065,0.016,0.144,0.066,0.035,0.055,0.032,0.057,0.076,0.103,0.132,0.071,0.131,0.057,0.145,0.072,0.053,0.048,0.090,0.044,0.024,0.051,0.041,0.052,0.034,0.084,0.029,0.037,0.039,0.036,0.033,0.038,0.055,0.053,0.044,0.054,0.032,0.029,0.057,0.086,0.036,0.042,0.095,0.061,0.076,0.066,0.013,0.072,0.037,0.036,0.057,0.072,0.047,0.024,0.047,0.035,0.035,0.048,0.054,0.050,0.027,0.020,0.041,0.237,0.050,0.047,0.252,0.055,0.050,0.107,0.124,0.050,0.245,0.044,0.031,0.025,0.091,0.071,0.026,0.076,0.063,0.033,0.024,0.046,0.072,0.034,0.086,0.112,0.078,0.026,0.124,0.056,0.037,0.032,0.051,0.047,0.026,0.081,0.043,0.061,0.096,0.237,0.006,0.057,0.112,0.112,0.047,0.072,0.100,0.362,0.064,0.082,0.047,0.119,0.215,0.361,0.001,0.013,0.054,0.037,0.063,0.036,0.087,0.219,0.211,0.030,0.019,0.036,0.021,0.037,0.050,0.021,0.136,0.044,0.041,0.024,0.045,0.040,0.057,0.186,0.040,0.025,0.054,0.072,0.052,0.025,0.045,0.074,0.079,0.007,0.031,0.018,0.035,0.028,0.029,0.074,0.026,0.079,0.110,0.118,0.029,0.022,0.032,0.090,0.024,0.031,0.095,0.035,0.069,0.061,0.107,0.042,0.058,0.194,0.055,0.082,0.053,0.111,0.034,0.057,0.036,0.226,0.098,0.135,0.116,0.077,0.027,0.054,0.028,0.022,0.053,0.050,0.082,0.070,0.048,0.043,0.102,0.019,0.080,0.143,0.063,0.091,0.084,0.061,0.062,0.106,0.072,0.094,0.039,0.046,0.120,0.048,0.147,0.162,0.110,0.065,0.225,0.033,0.040,0.029,0.255,0.133,0.177,0.068,0.086,0.034,0.358,0.050,0.116,0.107,0.021,0.028,0.119,0.275,0.041,0.057,0.094,0.184,0.029,0.054,0.058,0.020,0.056,0.019,0.061,0.345,0.020,0.031,0.038,0.072,0.064,0.037,0.080,0.060,0.039,0.147,0.265,0.019,0.041,0.045,0.041,0.071,0.032,0.048,0.020,0.035,0.038,0.061,0.054,0.054,0.040,0.052,0.033,0.066,0.011,0.062,0.079,0.026,0.025,0.086,0.019,0.150,0.005,0.013,0.021,0.040,0.083,0.064,0.077,0.298,0.313,0.259,0.053,0.040,0.032,0.028,0.008,0.043,0.009,0.061,0.080,0.057,0.067,0.047,0.033,0.041,0.042,0.056,0.043,0.092,0.079,0.079,0.047,0.055,0.110,0.049,0.091,0.057,0.049,0.016,0.020,0.069,0.040,0.047,0.090,0.103,0.094,0.037,0.059,0.096,0.156,0.037,0.054,0.046,0.063,0.086,0.037,0.060,0.061,0.050,0.056,0.073,0.035,0.066,0.052,0.092,0.088,0.038,0.156,0.032,0.060,0.053,0.077,0.071,0.034,0.053,0.084,0.076,0.009,0.086,0.061,0.061,0.096,0.044,0.024,0.050,0.057,0.053,0.108,0.056,0.117,0.061,0.035,0.044,0.045,0.058,0.032,0.062,0.093,0.052,0.040,0.079,0.020,0.017,0.197,0.026,0.050,0.141,0.081,0.043,0.092,0.068,0.104,0.068,0.040,0.036,0.059,0.023,0.073,0.049,0.041,0.063,0.059,0.036,0.035,0.028,0.038,0.045,0.029,0.035,0.026,0.041,0.049,0.032
LP6005443-DNA_H01,0.050,0.051,0.064,0.064,0.058,0.055,0.100,0.047,0.045,0.061,0.072,0.084,0.055,0.108,0.030,0.081,0.062,0.088,0.077,0.131,0.057,0.067,0.035,0.065,0.064,0.051,0.089,0.105,0.063,0.053,0.059,0.066,0.087,0.091,0.101,0.141,0.072,0.057,0.092,0.080,0.074,0.086,0.067,0.062,0.022,0.060,0.090,0.078,0.049,0.038,0.051,0.066,0.039,0.032,0.044,0.069,0.042,0.078,0.053,0.047,0.046,0.073,0.022,0.035,0.055,0.039,0.049,0.112,0.095,0.125,0.046,0.064,0.037,0.083,0.055,0.079,0.071,0.131,0.135,0.095,0.089,0.083,0.062,0.043,0.068,0.020,0.021,0.029,0.066,0.027,0.026,0.060,0.014,0.032,0.054,0.142,0.082,0.061,0.015,0.018,0.034,0.090,0.070,0.015,0.141,0.046,0.027,0.003,0.015,0.009,0.047,0.096,0.124,0.072,0.020,0.083,0.029,0.038,0.021,0.082,0.006,0.011,0.054,0.024,0.070,0.070,0.066,0.007,0.051,0.070,0.069,0.047,0.063,0.094,0.086,0.049,0.088,0.013,0.095,0.076,0.053,0.005,0.005,0.024,0.031,0.033,0.069,0.156,0.059,0.070,0.010,0.027,0.030,0.008,0.051,0.020,0.006,0.062,0.038,0.008,0.036,0.081,0.022,0.024,0.041,0.022,0.024,0.023,0.016,0.042,0.077,0.016,0.068,0.053,0.016,0.015,0.032,0.033,0.034,0.012,0.077,0.012,0.091,0.061,0.120,0.039,0.023,0.024,0.044,0.013,0.025,0.031,0.024,0.039,0.152,0.080,0.034,0.024,0.073,0.060,0.134,0.110,0.042,0.034,0.098,0.056,0.077,0.054,0.068,0.076,0.119,0.031,0.078,0.063,0.030,0.088,0.041,0.116,0.166,0.054,0.043,0.058,0.023,0.117,0.075,0.084,0.067,0.109,0.039,0.035,0.124,0.037,0.075,0.064,0.039,0.110,0.027,0.061,0.075,0.065,0.095,0.065,0.034,0.086,0.018,0.089,0.068,0.086,0.045,0.092,0.064,0.049,0.057,0.078,0.067,0.005,0.036,0.066,0.078,0.033,0.048,0.101,0.081,0.064,0.038,0.093,0.030,0.067,0.032,0.086,0.086,0.028,0.020,0.029,0.088,0.076,0.053,0.071,0.026,0.043,0.135,0.080,0.006,0.007,0.078,0.020,0.032,0.023,0.029,0.021,0.026,0.060,0.085,0.046,0.069,0.032,0.015,0.028,0.073,0.003,0.090,0.095,0.015,0.010,0.098,0.001,0.072,0.008,0.012,0.077,0.048,0.018,0.076,0.021,0.071,0.046,0.086,0.022,0.020,0.035,0.044,0.020,0.041,0.037,0.038,0.045,0.038,0.036,0.063,0.049,0.044,0.069,0.039,0.131,0.032,0.059,0.084,0.059,0.040,0.071,0.042,0.065,0.056,0.049,0.030,0.054,0.049,0.043,0.072,0.067,0.127,0.096,0.046,0.070,0.087,0.079,0.067,0.041,0.029,0.120,0.081,0.053,0.076,0.046,0.045,0.054,0.038,0.054,0.050,0.042,0.054,0.087,0.070,0.092,0.060,0.099,0.047,0.058,0.060,0.047,0.033,0.086,0.097,0.032,0.084,0.099,0.071,0.060,0.047,0.081,0.049,0.059,0.063,0.080,0.035,0.077,0.102,0.032,0.079,0.060,0.063,0.054,0.049,0.110,0.075,0.015,0.094,0.028,0.001,0.068,0.053,0.077,0.037,0.083,0.076,0.086,0.150,0.069,0.080,0.057,0.058,0.021,0.039,0.044,0.061,0.020,0.064,0.047,0.023,0.088,0.059,0.050,0.069,0.051,0.032,0.072,0.058,0.032,0.050
LP6005443-DNA_H02,0.074,0.063,0.146,0.052,0.033,0.063,0.065,0.092,0.121,0.104,0.100,0.064,0.047,0.088,0.077,0.081,0.062,0.094,0.078,0.099,0.103,0.088,0.060,0.133,0.046,0.044,0.080,0.081,0.035,0.022,0.056,0.063,0.103,0.089,0.127,0.130,0.061,0.053,0.052,0.136,0.079,0.136,0.069,0.108,0.065,0.048,0.061,0.106,0.093,0.095,0.078,0.040,0.075,0.066,0.080,0.087,0.071,0.080,0.062,0.058,0.066,0.073,0.038,0.086,0.073,0.053,0.061,0.101,0.086,0.111,0.136,0.103,0.100,0.060,0.105,0.105,0.096,0.119,0.094,0.110,0.048,0.103,0.083,0.038,0.061,0.056,0.029,0.078,0.165,0.037,0.081,0.109,0.063,0.046,0.085,0.124,0.075,0.160,0.030,0.018,0.020,0.082,0.074,0.014,0.030,0.063,0.032,0.022,0.011,0.073,0.053,0.143,0.061,0.059,0.010,0.096,0.041,0.061,0.032,0.071,0.023,0.042,0.041,0.014,0.035,0.085,0.164,0.015,0.034,0.072,0.071,0.040,0.096,0.080,0.148,0.110,0.085,0.050,0.089,0.175,0.110,0.033,0.023,0.055,0.036,0.039,0.033,0.052,0.170,0.125,0.023,0.033,0.060,0.042,0.044,0.036,0.013,0.070,0.050,0.062,0.050,0.105,0.051,0.040,0.114,0.060,0.020,0.020,0.032,0.049,0.070,0.020,0.143,0.036,0.007,0.041,0.054,0.036,0.052,0.034,0.117,0.059,0.075,0.090,0.082,0.032,0.063,0.052,0.062,0.017,0.028,0.031,0.038,0.065,0.100,0.055,0.055,0.042,0.150,0.039,0.075,0.094,0.113,0.033,0.115,0.041,0.094,0.085,0.075,0.114,0.044,0.053,0.115,0.059,0.022,0.068,0.101,0.078,0.062,0.048,0.053,0.065,0.013,0.054,0.165,0.078,0.141,0.118,0.056,0.093,0.082,0.116,0.112,0.078,0.084,0.110,0.041,0.073,0.058,0.151,0.022,0.169,0.052,0.044,0.050,0.095,0.102,0.165,0.086,0.104,0.063,0.116,0.078,0.165,0.128,0.019,0.065,0.099,0.143,0.026,0.063,0.100,0.163,0.087,0.040,0.048,0.015,0.050,0.019,0.024,0.109,0.060,0.071,0.027,0.102,0.032,0.074,0.100,0.060,0.041,0.080,0.134,0.033,0.049,0.083,0.031,0.072,0.083,0.049,0.029,0.077,0.040,0.042,0.028,0.044,0.048,0.038,0.053,0.088,0.012,0.078,0.112,0.021,0.013,0.050,0.012,0.045,0.029,0.017,0.037,0.043,0.065,0.074,0.032,0.163,0.117,0.146,0.020,0.045,0.017,0.015,0.012,0.057,0.023,0.040,0.075,0.089,0.126,0.063,0.053,0.058,0.077,0.065,0.038,0.071,0.084,0.078,0.018,0.034,0.055,0.056,0.078,0.126,0.048,0.073,0.061,0.101,0.099,0.095,0.150,0.159,0.085,0.098,0.095,0.081,0.097,0.068,0.072,0.033,0.148,0.057,0.085,0.092,0.078,0.101,0.076,0.055,0.082,0.076,0.108,0.132,0.120,0.067,0.123,0.106,0.119,0.044,0.091,0.070,0.076,0.103,0.121,0.076,0.014,0.157,0.052,0.060,0.059,0.084,0.072,0.110,0.078,0.157,0.060,0.074,0.087,0.060,0.033,0.076,0.048,0.053,0.040,0.053,0.126,0.071,0.069,0.102,0.081,0.031,0.146,0.059,0.064,0.124,0.069,0.113,0.114,0.083,0.050,0.109,0.095,0.095,0.106,0.121,0.122,0.143,0.133,0.115,0.103,0.084,0.067,0.094,0.073,0.108,0.079,0.073,0.094,0.064,0.051,0.076
LP6005443-DNA_H03,0.047,0.050,0.115,0.035,0.052,0.076,0.066,0.050,0.083,0.065,0.066,0.038,0.088,0.063,0.060,0.072,0.057,0.106,0.079,0.052,0.109,0.089,0.105,0.072,0.065,0.030,0.054,0.115,0.069,0.060,0.067,0.042,0.112,0.071,0.072,0.054,0.075,0.071,0.056,0.102,0.099,0.103,0.084,0.076,0.061,0.095,0.076,0.095,0.072,0.108,0.065,0.091,0.095,0.096,0.068,0.091,0.052,0.069,0.098,0.086,0.079,0.111,0.030,0.074,0.053,0.044,0.107,0.071,0.073,0.070,0.114,0.045,0.065,0.107,0.078,0.090,0.092,0.094,0.048,0.054,0.071,0.096,0.048,0.050,0.056,0.043,0.016,0.109,0.128,0.044,0.089,0.104,0.033,0.056,0.070,0.152,0.079,0.149,0.038,0.029,0.020,0.087,0.110,0.026,0.104,0.060,0.056,0.037,0.028,0.051,0.031,0.096,0.097,0.067,0.043,0.097,0.016,0.047,0.025,0.072,0.033,0.047,0.081,0.047,0.065,0.126,0.103,0.016,0.053,0.102,0.100,0.037,0.143,0.097,0.147,0.163,0.079,0.031,0.130,0.122,0.104,0.017,0.007,0.030,0.017,0.033,0.034,0.116,0.135,0.073,0.020,0.013,0.051,0.071,0.032,0.034,0.026,0.046,0.052,0.045,0.026,0.088,0.031,0.029,0.071,0.028,0.007,0.070,0.027,0.028,0.050,0.028,0.053,0.092,0.002,0.030,0.031,0.041,0.046,0.025,0.080,0.031,0.160,0.112,0.102,0.026,0.043,0.105,0.084,0.055,0.047,0.043,0.022,0.062,0.160,0.095,0.036,0.058,0.136,0.055,0.155,0.069,0.111,0.020,0.081,0.064,0.135,0.112,0.053,0.193,0.089,0.057,0.094,0.046,0.019,0.095,0.089,0.101,0.105,0.060,0.045,0.141,0.016,0.115,0.220,0.209,0.110,0.149,0.065,0.047,0.064,0.079,0.094,0.079,0.050,0.087,0.031,0.106,0.109,0.139,0.118,0.107,0.078,0.064,0.017,0.106,0.086,0.186,0.068,0.091,0.080,0.092,0.059,0.109,0.259,0.009,0.066,0.072,0.085,0.032,0.061,0.079,0.104,0.026,0.035,0.061,0.027,0.050,0.016,0.043,0.153,0.036,0.031,0.060,0.074,0.037,0.093,0.097,0.049,0.034,0.066,0.101,0.031,0.021,0.038,0.036,0.054,0.041,0.031,0.020,0.057,0.057,0.060,0.121,0.044,0.041,0.049,0.024,0.187,0.015,0.059,0.084,0.042,0.019,0.123,0.010,0.115,0.030,0.009,0.048,0.027,0.053,0.091,0.061,0.109,0.112,0.127,0.039,0.041,0.027,0.027,0.029,0.049,0.032,0.078,0.084,0.071,0.134,0.043,0.058,0.072,0.081,0.073,0.041,0.108,0.079,0.074,0.074,0.069,0.110,0.047,0.066,0.069,0.032,0.068,0.072,0.107,0.080,0.084,0.061,0.117,0.078,0.081,0.076,0.062,0.104,0.037,0.076,0.030,0.097,0.051,0.030,0.043,0.099,0.085,0.077,0.046,0.061,0.050,0.073,0.094,0.088,0.055,0.098,0.069,0.081,0.048,0.055,0.069,0.049,0.063,0.069,0.056,0.034,0.080,0.074,0.053,0.099,0.076,0.093,0.053,0.103,0.079,0.076,0.057,0.074,0.059,0.055,0.069,0.069,0.100,0.082,0.055,0.090,0.048,0.051,0.123,0.059,0.015,0.093,0.038,0.090,0.099,0.043,0.066,0.079,0.071,0.083,0.070,0.065,0.050,0.083,0.059,0.088,0.063,0.081,0.090,0.058,0.052,0.056,0.068,0.065,0.088,0.075,0.033,0.058,0.036,0.073,0.089
LP6005443-DNA_H05,0.091,0.047,0.070,0.107,0.015,0.028,0.043,0.063,0.077,0.062,0.067,0.051,0.082,0.013,0.084,0.092,0.071,0.081,0.050,0.047,0.018,0.018,0.030,0.072,0.010,0.054,0.011,0.096,0.040,0.059,0.037,0.054,0.046,0.031,0.010,0.037,0.025,0.015,0.014,0.008,0.046,0.072,0.086,0.093,0.101,0.083,0.084,0.120,0.081,0.080,0.072,0.077,0.039,0.074,0.092,0.154,0.129,0.113,0.064,0.083,0.071,0.082,0.077,0.132,0.069,0.141,0.066,0.098,0.041,0.069,0.043,0.076,0.112,0.042,0.113,0.055,0.075,0.020,0.016,0.038,0.004,0.003,0.019,0.009,0.041,0.047,0.041,0.059,0.087,0.024,0.053,0.049,0.053,0.081,0.027,0.037,0.116,0.078,0.031,0.068,0.015,0.018,0.017,0.067,0.025,0.067,0.066,0.036,0.038,0.073,0.052,0.042,0.025,0.028,0.036,0.030,0.086,0.073,0.028,0.061,0.063,0.038,0.047,0.054,0.053,0.065,0.100,0.036,0.021,0.004,0.006,0.040,0.030,0.087,0.070,0.030,0.019,0.070,0.023,0.104,0.059,0.027,0.041,0.058,0.182,0.029,0.021,0.021,0.103,0.076,0.032,0.009,0.052,0.037,0.021,0.088,0.042,0.042,0.070,0.011,0.056,0.069,0.057,0.045,0.092,0.026,0.066,0.057,0.046,0.042,0.015,0.041,0.036,0.002,0.009,0.085,0.033,0.035,0.009,0.016,0.035,0.072,0.049,0.082,0.025,0.046,0.095,0.038,0.025,0.020,0.178,0.020,0.061,0.059,0.029,0.008,0.088,0.048,0.044,0.196,0.018,0.025,0.056,0.068,0.042,0.090,0.036,0.006,0.071,0.024,0.039,0.027,0.035,0.111,0.081,0.039,0.073,0.059,0.002,0.063,0.073,0.070,0.026,0.046,0.055,0.060,0.030,0.080,0.068,0.078,0.003,0.001,0.081,0.031,0.108,0.006,0.033,0.110,0.008,0.049,0.037,0.036,0.093,0.066,0.033,0.074,0.035,0.049,0.056,0.053,0.089,0.058,0.007,0.055,0.021,0.000,0.100,0.031,0.075,0.027,0.039,0.033,0.112,0.045,0.035,0.017,0.049,0.052,0.018,0.017,0.073,0.033,0.032,0.022,0.015,0.056,0.030,0.067,0.075,0.033,0.040,0.088,0.042,0.057,0.039,0.056,0.079,0.062,0.098,0.021,0.028,0.056,0.020,0.038,0.037,0.021,0.014,0.297,0.024,0.070,0.055,0.035,0.010,0.054,0.048,0.082,0.040,0.010,0.053,0.045,0.050,0.044,0.060,0.091,0.068,0.108,0.129,0.023,0.006,0.061,0.045,0.069,0.092,0.035,0.049,0.067,0.095,0.058,0.076,0.033,0.129,0.086,0.078,0.041,0.050,0.030,0.041,0.048,0.049,0.017,0.104,0.097,0.113,0.091,0.102,0.096,0.067,0.047,0.009,0.088,0.031,0.092,0.057,0.020,0.036,0.041,0.019,0.003,0.060,0.041,0.001,0.010,0.006,0.157,0.058,0.119,0.038,0.106,0.106,0.096,0.085,0.019,0.018,0.035,0.028,0.066,0.026,0.041,0.053,0.036,0.043,0.011,0.003,0.037,0.022,0.022,0.055,0.049,0.038,0.048,0.058,0.030,0.047,0.020,0.039,0.023,0.031,0.064,0.036,0.062,0.047,0.027,0.029,0.032,0.026,0.066,0.033,0.094,0.057,0.099,0.043,0.061,0.071,0.037,0.033,0.037,0.059,0.024,0.003,0.073,0.038,0.135,0.097,0.080,0.095,0.080,0.116,0.090,0.061,0.043,0.106,0.060,0.039,0.025,0.135,0.108,0.120,0.058,0.024
LP6005443-DNA_H07,0.070,0.087,0.091,0.064,0.094,0.086,0.007,0.050,0.064,0.039,0.046,0.042,0.037,0.033,0.041,0.046,0.043,0.050,0.040,0.046,0.045,0.042,0.044,0.029,0.027,0.042,0.037,0.034,0.042,0.035,0.050,0.045,0.038,0.032,0.002,0.005,0.003,0.003,0.003,0.002,0.071,0.077,0.192,0.180,0.183,0.172,0.192,0.216,0.214,0.197,0.180,0.188,0.177,0.232,0.203,0.191,0.200,0.218,0.211,0.213,0.183,0.196,0.203,0.192,0.219,0.210,0.221,0.093,0.071,0.074,0.067,0.067,0.080,0.079,0.074,0.058,0.078,0.016,0.018,0.018,0.026,0.016,0.019,0.001,0.112,0.001,0.001,0.212,0.003,0.001,0.094,0.001,0.001,0.002,0.002,0.006,0.223,0.002,0.001,0.001,0.002,0.003,0.002,0.001,0.002,0.001,0.002,0.001,0.000,0.002,0.002,0.002,0.004,0.002,0.001,0.003,0.002,0.004,0.000,0.004,0.001,0.001,0.004,0.001,0.003,0.003,0.002,0.001,0.001,0.001,0.002,0.001,0.005,0.002,0.004,0.004,0.003,0.001,0.003,0.003,0.002,0.001,0.000,0.001,0.003,0.001,0.005,0.002,0.003,0.001,0.001,0.001,0.001,0.002,0.001,0.001,0.000,0.001,0.002,0.001,0.002,0.003,0.002,0.001,0.003,0.002,0.002,0.005,0.001,0.003,0.002,0.001,0.004,0.002,0.001,0.001,0.002,0.001,0.003,0.001,0.003,0.002,0.003,0.004,0.003,0.001,0.002,0.001,0.002,0.002,0.001,0.003,0.002,0.003,0.002,0.002,0.003,0.001,0.003,0.005,0.002,0.005,0.002,0.001,0.003,0.172,0.002,0.003,0.001,0.002,0.003,0.000,0.005,0.216,0.002,0.003,0.000,0.003,0.002,0.213,0.258,0.005,0.002,0.002,0.003,0.003,0.002,0.003,0.219,0.232,0.002,0.003,0.003,0.223,0.216,0.003,0.001,0.003,0.002,0.001,0.002,0.002,0.175,0.196,0.000,0.002,0.003,0.005,0.001,0.001,0.224,0.001,0.001,0.003,0.003,0.001,0.267,0.001,0.002,0.002,0.001,0.003,0.002,0.001,0.001,0.002,0.001,0.001,0.002,0.002,0.002,0.001,0.003,0.004,0.002,0.005,0.004,0.006,0.002,0.005,0.008,0.002,0.005,0.003,0.002,0.002,0.002,0.002,0.001,0.001,0.002,0.001,0.002,0.002,0.003,0.002,0.001,0.002,0.002,0.001,0.003,0.004,0.000,0.001,0.003,0.000,0.003,0.001,0.001,0.001,0.002,0.002,0.002,0.003,0.002,0.002,0.004,0.001,0.002,0.002,0.006,0.003,0.006,0.002,0.002,0.074,0.208,0.208,0.186,0.205,0.195,0.229,0.156,0.004,0.004,0.006,0.003,0.004,0.003,0.003,0.003,0.176,0.180,0.164,0.134,0.201,0.122,0.165,0.004,0.005,0.002,0.002,0.003,0.003,0.003,0.003,0.002,0.002,0.004,0.004,0.002,0.004,0.001,0.229,0.123,0.190,0.091,0.198,0.198,0.125,0.212,0.052,0.025,0.036,0.056,0.042,0.033,0.043,0.033,0.033,0.044,0.027,0.051,0.048,0.046,0.039,0.032,0.054,0.045,0.060,0.074,0.011,0.019,0.008,0.022,0.013,0.016,0.002,0.003,0.005,0.003,0.003,0.008,0.003,0.002,0.001,0.004,0.293,0.001,0.003,0.105,0.112,0.002,0.006,0.006,0.007,0.005,0.004,0.003,0.005,0.061,0.137,0.134,0.150,0.156,0.119,0.134,0.145,0.129,0.129,0.134,0.141,0.134,0.123,0.143,0.138,0.148,0.093,0.105
LP6005443-DNA_H11,0.073,0.099,0.103,0.040,0.027,0.032,0.072,0.027,0.041,0.064,0.047,0.078,0.036,0.107,0.065,0.047,0.099,0.064,0.088,0.069,0.042,0.099,0.065,0.079,0.059,0.062,0.058,0.056,0.087,0.040,0.067,0.044,0.105,0.078,0.090,0.102,0.030,0.075,0.064,0.082,0.062,0.069,0.044,0.113,0.083,0.064,0.099,0.082,0.097,0.043,0.079,0.085,0.077,0.056,0.055,0.106,0.054,0.063,0.056,0.052,0.072,0.055,0.049,0.024,0.052,0.065,0.052,0.092,0.092,0.117,0.071,0.060,0.072,0.030,0.040,0.043,0.061,0.076,0.047,0.079,0.100,0.065,0.042,0.061,0.089,0.050,0.067,0.062,0.271,0.033,0.046,0.092,0.071,0.049,0.053,0.088,0.106,0.172,0.041,0.030,0.059,0.085,0.089,0.021,0.067,0.068,0.044,0.029,0.022,0.063,0.044,0.087,0.086,0.073,0.005,0.049,0.035,0.033,0.038,0.047,0.032,0.034,0.101,0.033,0.012,0.073,0.202,0.050,0.051,0.022,0.071,0.058,0.071,0.094,0.222,0.096,0.032,0.042,0.101,0.174,0.150,0.012,0.014,0.033,0.017,0.033,0.033,0.107,0.147,0.220,0.040,0.032,0.118,0.053,0.051,0.030,0.067,0.158,0.030,0.051,0.032,0.050,0.071,0.026,0.166,0.022,0.004,0.068,0.040,0.032,0.064,0.082,0.089,0.060,0.024,0.029,0.031,0.037,0.083,0.021,0.055,0.061,0.073,0.094,0.068,0.031,0.047,0.051,0.115,0.049,0.033,0.039,0.022,0.049,0.112,0.092,0.069,0.074,0.174,0.059,0.131,0.051,0.041,0.061,0.048,0.081,0.213,0.048,0.096,0.070,0.106,0.030,0.065,0.062,0.022,0.061,0.093,0.146,0.064,0.054,0.055,0.054,0.024,0.128,0.123,0.127,0.144,0.072,0.041,0.073,0.048,0.032,0.066,0.033,0.044,0.106,0.052,0.120,0.044,0.177,0.118,0.190,0.030,0.060,0.039,0.149,0.123,0.162,0.104,0.047,0.043,0.159,0.092,0.130,0.115,0.020,0.034,0.145,0.181,0.056,0.026,0.079,0.193,0.043,0.034,0.072,0.026,0.076,0.022,0.059,0.157,0.037,0.047,0.033,0.082,0.014,0.042,0.079,0.017,0.037,0.049,0.201,0.045,0.085,0.060,0.030,0.067,0.056,0.055,0.034,0.032,0.050,0.027,0.082,0.058,0.034,0.032,0.041,0.024,0.059,0.071,0.079,0.016,0.018,0.094,0.049,0.065,0.025,0.005,0.042,0.056,0.029,0.069,0.041,0.225,0.192,0.230,0.061,0.052,0.019,0.020,0.005,0.050,0.042,0.026,0.087,0.086,0.060,0.044,0.027,0.031,0.058,0.054,0.022,0.091,0.111,0.053,0.058,0.076,0.095,0.114,0.063,0.057,0.054,0.034,0.080,0.073,0.045,0.091,0.078,0.098,0.093,0.089,0.086,0.043,0.063,0.049,0.024,0.035,0.091,0.077,0.114,0.098,0.068,0.038,0.075,0.071,0.045,0.082,0.050,0.089,0.088,0.080,0.069,0.071,0.061,0.018,0.054,0.079,0.033,0.117,0.083,0.121,0.027,0.078,0.050,0.017,0.032,0.049,0.066,0.124,0.051,0.033,0.126,0.061,0.098,0.093,0.080,0.052,0.064,0.031,0.080,0.060,0.062,0.067,0.062,0.101,0.031,0.024,0.174,0.052,0.081,0.167,0.087,0.049,0.082,0.115,0.023,0.054,0.056,0.090,0.013,0.107,0.046,0.114,0.052,0.066,0.066,0.069,0.076,0.059,0.043,0.072,0.055,0.036,0.145,0.054,0.096,0.056
LP6005519-DNA_A03,0.031,0.053,0.078,0.042,0.017,0.041,0.060,0.049,0.028,0.027,0.037,0.019,0.016,0.042,0.022,0.024,0.035,0.046,0.033,0.047,0.031,0.061,0.062,0.046,0.053,0.035,0.022,0.078,0.024,0.015,0.033,0.024,0.061,0.043,0.033,0.065,0.057,0.041,0.029,0.088,0.050,0.040,0.034,0.067,0.041,0.026,0.062,0.064,0.045,0.053,0.047,0.026,0.028,0.037,0.035,0.066,0.033,0.056,0.053,0.037,0.043,0.043,0.028,0.054,0.040,0.030,0.040,0.085,0.045,0.029,0.098,0.032,0.029,0.015,0.064,0.053,0.059,0.046,0.017,0.050,0.025,0.041,0.037,0.021,0.051,0.021,0.040,0.035,0.150,0.031,0.038,0.118,0.041,0.019,0.058,0.095,0.058,0.143,0.012,0.021,0.025,0.066,0.031,0.015,0.035,0.045,0.020,0.023,0.006,0.020,0.019,0.069,0.051,0.040,0.002,0.101,0.017,0.025,0.009,0.054,0.026,0.019,0.037,0.051,0.027,0.070,0.144,0.014,0.062,0.045,0.049,0.039,0.069,0.127,0.249,0.064,0.043,0.019,0.069,0.193,0.147,0.009,0.008,0.024,0.022,0.014,0.023,0.043,0.226,0.186,0.019,0.024,0.042,0.060,0.027,0.023,0.027,0.102,0.023,0.027,0.021,0.060,0.027,0.007,0.121,0.014,0.007,0.032,0.024,0.021,0.027,0.042,0.070,0.040,0.010,0.038,0.016,0.030,0.033,0.009,0.063,0.015,0.088,0.066,0.080,0.018,0.032,0.059,0.038,0.035,0.037,0.038,0.010,0.030,0.046,0.055,0.044,0.039,0.089,0.027,0.071,0.028,0.099,0.047,0.059,0.032,0.176,0.062,0.085,0.114,0.029,0.020,0.089,0.026,0.033,0.037,0.094,0.084,0.059,0.028,0.021,0.049,0.018,0.069,0.109,0.063,0.091,0.075,0.040,0.032,0.077,0.055,0.069,0.051,0.031,0.065,0.054,0.148,0.091,0.104,0.056,0.121,0.022,0.041,0.036,0.207,0.054,0.120,0.060,0.040,0.029,0.195,0.059,0.132,0.078,0.029,0.037,0.113,0.102,0.017,0.024,0.039,0.163,0.018,0.019,0.064,0.038,0.034,0.016,0.041,0.249,0.062,0.037,0.030,0.059,0.018,0.026,0.059,0.043,0.031,0.060,0.130,0.011,0.023,0.055,0.029,0.038,0.047,0.026,0.010,0.032,0.033,0.027,0.052,0.033,0.036,0.020,0.047,0.046,0.016,0.049,0.111,0.013,0.006,0.074,0.008,0.104,0.023,0.006,0.062,0.053,0.022,0.048,0.015,0.228,0.139,0.204,0.063,0.033,0.011,0.010,0.004,0.022,0.028,0.021,0.063,0.053,0.072,0.025,0.029,0.036,0.037,0.057,0.016,0.040,0.043,0.019,0.017,0.036,0.040,0.047,0.056,0.040,0.032,0.034,0.023,0.063,0.058,0.051,0.058,0.060,0.039,0.043,0.056,0.063,0.074,0.021,0.030,0.024,0.046,0.039,0.021,0.029,0.054,0.057,0.030,0.036,0.034,0.048,0.062,0.076,0.046,0.046,0.095,0.037,0.075,0.034,0.045,0.066,0.021,0.045,0.054,0.054,0.007,0.073,0.036,0.048,0.049,0.021,0.024,0.031,0.038,0.055,0.060,0.044,0.057,0.035,0.029,0.040,0.035,0.037,0.024,0.023,0.060,0.045,0.027,0.069,0.033,0.021,0.104,0.022,0.057,0.121,0.043,0.039,0.074,0.058,0.058,0.084,0.042,0.029,0.049,0.051,0.061,0.054,0.048,0.047,0.057,0.016,0.055,0.041,0.029,0.071,0.049,0.013,0.033,0.025,0.035,0.039
LP6005519-DNA_A04,0.017,0.031,0.025,0.014,0.012,0.063,0.037,0.016,0.023,0.017,0.021,0.024,0.041,0.048,0.035,0.017,0.030,0.029,0.024,0.024,0.025,0.031,0.017,0.031,0.035,0.026,0.021,0.029,0.021,0.026,0.012,0.015,0.029,0.039,0.025,0.029,0.014,0.029,0.042,0.024,0.025,0.034,0.096,0.039,0.035,0.053,0.038,0.055,0.086,0.047,0.075,0.052,0.047,0.056,0.044,0.052,0.028,0.035,0.028,0.041,0.053,0.078,0.044,0.024,0.068,0.044,0.051,0.048,0.019,0.042,0.023,0.029,0.041,0.020,0.070,0.023,0.024,0.023,0.021,0.018,0.037,0.006,0.012,0.013,0.043,0.004,0.021,0.045,0.025,0.017,0.116,0.020,0.018,0.018,0.016,0.027,0.039,0.027,0.030,0.027,0.018,0.007,0.019,0.017,0.021,0.010,0.019,0.033,0.014,0.028,0.023,0.034,0.023,0.013,0.010,0.018,0.023,0.030,0.028,0.016,0.016,0.042,0.027,0.016,0.011,0.030,0.031,0.029,0.035,0.017,0.033,0.025,0.016,0.013,0.020,0.018,0.044,0.010,0.017,0.028,0.018,0.001,0.021,0.013,0.020,0.007,0.021,0.022,0.025,0.017,0.004,0.024,0.021,0.032,0.016,0.010,0.017,0.016,0.034,0.023,0.041,0.015,0.006,0.017,0.030,0.016,0.023,0.107,0.011,0.032,0.019,0.008,0.017,0.013,0.017,0.032,0.041,0.008,0.026,0.021,0.024,0.032,0.033,0.016,0.022,0.017,0.018,0.025,0.019,0.009,0.006,0.015,0.030,0.036,0.021,0.017,0.028,0.024,0.034,0.027,0.022,0.015,0.018,0.022,0.023,0.115,0.024,0.032,0.023,0.010,0.024,0.024,0.016,0.051,0.022,0.019,0.034,0.032,0.008,0.052,0.035,0.028,0.021,0.017,0.023,0.016,0.009,0.027,0.037,0.073,0.023,0.015,0.021,0.031,0.026,0.007,0.011,0.024,0.027,0.026,0.023,0.022,0.074,0.036,0.009,0.017,0.038,0.023,0.011,0.010,0.021,0.028,0.023,0.017,0.024,0.011,0.027,0.027,0.017,0.028,0.024,0.024,0.015,0.044,0.029,0.020,0.008,0.013,0.050,0.020,0.019,0.004,0.013,0.036,0.031,0.034,0.025,0.021,0.024,0.045,0.023,0.024,0.033,0.087,0.030,0.073,0.018,0.023,0.016,0.010,0.020,0.041,0.018,0.029,0.035,0.023,0.036,0.017,0.014,0.047,0.031,0.018,0.018,0.018,0.016,0.014,0.019,0.006,0.006,0.008,0.012,0.011,0.016,0.020,0.028,0.037,0.021,0.013,0.016,0.032,0.048,0.005,0.021,0.043,0.038,0.027,0.082,0.082,0.049,0.089,0.053,0.105,0.051,0.033,0.032,0.022,0.016,0.016,0.009,0.015,0.024,0.041,0.024,0.030,0.030,0.033,0.022,0.043,0.025,0.034,0.038,0.047,0.028,0.032,0.019,0.013,0.021,0.013,0.003,0.021,0.014,0.024,0.013,0.041,0.039,0.034,0.018,0.049,0.043,0.023,0.026,0.019,0.021,0.023,0.018,0.034,0.026,0.017,0.023,0.013,0.016,0.015,0.011,0.014,0.027,0.032,0.033,0.026,0.032,0.030,0.039,0.029,0.024,0.018,0.019,0.012,0.021,0.033,0.019,0.020,0.017,0.019,0.029,0.017,0.023,0.014,0.014,0.032,0.013,0.011,0.028,0.041,0.023,0.020,0.018,0.016,0.022,0.011,0.019,0.021,0.030,0.037,0.068,0.062,0.050,0.039,0.029,0.056,0.048,0.044,0.063,0.060,0.045,0.072,0.060,0.058,0.053,0.058,0.032
LP6005519-DNA_A05,0.041,0.033,0.018,0.012,0.034,0.024,0.042,0.035,0.019,0.047,0.038,0.052,0.030,0.044,0.051,0.039,0.020,0.055,0.039,0.033,0.046,0.032,0.023,0.025,0.028,0.059,0.037,0.056,0.023,0.018,0.033,0.046,0.046,0.032,0.038,0.044,0.015,0.028,0.028,0.045,0.037,0.041,0.036,0.021,0.033,0.049,0.040,0.030,0.033,0.045,0.022,0.033,0.062,0.057,0.028,0.038,0.024,0.043,0.028,0.044,0.038,0.033,0.029,0.024,0.023,0.052,0.048,0.031,0.033,0.044,0.043,0.034,0.029,0.036,0.023,0.021,0.023,0.037,0.028,0.018,0.019,0.043,0.009,0.012,0.016,0.023,0.006,0.042,0.016,0.017,0.021,0.030,0.011,0.036,0.018,0.045,0.039,0.018,0.051,0.025,0.012,0.023,0.034,0.014,0.018,0.020,0.076,0.021,0.022,0.033,0.018,0.020,0.023,0.017,0.023,0.041,0.016,0.019,0.013,0.015,0.034,0.041,0.037,0.050,0.024,0.020,0.028,0.013,0.062,0.035,0.052,0.036,0.031,0.033,0.031,0.025,0.035,0.024,0.026,0.033,0.009,0.007,0.009,0.012,0.044,0.018,0.021,0.020,0.028,0.024,0.003,0.018,0.022,0.123,0.005,0.041,0.013,0.024,0.012,0.023,0.068,0.028,0.009,0.017,0.022,0.030,0.017,0.051,0.018,0.035,0.019,0.017,0.027,0.017,0.002,0.011,0.014,0.016,0.031,0.009,0.041,0.018,0.053,0.033,0.039,0.014,0.007,0.052,0.030,0.016,0.013,0.022,0.018,0.070,0.051,0.025,0.006,0.035,0.041,0.053,0.019,0.028,0.026,0.014,0.042,0.066,0.022,0.025,0.020,0.034,0.014,0.025,0.031,0.036,0.025,0.030,0.018,0.017,0.015,0.028,0.033,0.054,0.018,0.027,0.032,0.052,0.036,0.031,0.025,0.020,0.027,0.010,0.038,0.056,0.028,0.032,0.022,0.016,0.021,0.020,0.018,0.033,0.035,0.034,0.016,0.021,0.022,0.037,0.038,0.061,0.033,0.039,0.030,0.040,0.046,0.012,0.022,0.013,0.022,0.023,0.012,0.017,0.036,0.059,0.031,0.031,0.025,0.057,0.028,0.031,0.021,0.015,0.038,0.060,0.020,0.088,0.064,0.023,0.015,0.048,0.039,0.030,0.051,0.033,0.065,0.052,0.027,0.037,0.028,0.012,0.093,0.029,0.019,0.022,0.058,0.012,0.017,0.013,0.060,0.014,0.020,0.037,0.030,0.010,0.030,0.015,0.024,0.007,0.020,0.017,0.029,0.018,0.012,0.027,0.036,0.033,0.036,0.023,0.019,0.032,0.080,0.014,0.020,0.027,0.037,0.047,0.031,0.085,0.030,0.043,0.021,0.026,0.032,0.012,0.046,0.039,0.020,0.031,0.031,0.044,0.004,0.027,0.037,0.041,0.030,0.044,0.022,0.020,0.012,0.032,0.032,0.061,0.034,0.018,0.025,0.043,0.030,0.017,0.015,0.045,0.043,0.020,0.026,0.044,0.025,0.051,0.030,0.040,0.035,0.034,0.032,0.074,0.034,0.033,0.034,0.046,0.032,0.022,0.023,0.017,0.033,0.034,0.020,0.020,0.051,0.030,0.023,0.013,0.015,0.019,0.019,0.023,0.027,0.018,0.024,0.029,0.026,0.016,0.022,0.043,0.016,0.032,0.034,0.018,0.027,0.027,0.056,0.027,0.009,0.029,0.017,0.038,0.026,0.058,0.019,0.022,0.055,0.025,0.020,0.050,0.042,0.024,0.038,0.058,0.032,0.041,0.033,0.034,0.046,0.033,0.034,0.027,0.046,0.026,0.032,0.033,0.023,0.020,0.016
LP6005519-DNA_A06,0.047,0.056,0.094,0.039,0.019,0.024,0.081,0.029,0.077,0.046,0.069,0.064,0.060,0.052,0.062,0.075,0.080,0.062,0.057,0.071,0.094,0.063,0.071,0.095,0.063,0.087,0.076,0.091,0.075,0.036,0.043,0.047,0.097,0.062,0.105,0.147,0.050,0.071,0.064,0.063,0.067,0.116,0.060,0.034,0.036,0.027,0.049,0.045,0.038,0.040,0.034,0.046,0.045,0.034,0.037,0.058,0.045,0.047,0.071,0.045,0.052,0.032,0.037,0.042,0.047,0.041,0.051,0.059,0.062,0.113,0.069,0.075,0.114,0.078,0.059,0.078,0.106,0.074,0.103,0.124,0.074,0.067,0.067,0.021,0.041,0.017,0.024,0.048,0.074,0.024,0.054,0.074,0.009,0.032,0.062,0.113,0.034,0.061,0.038,0.019,0.015,0.052,0.055,0.006,0.071,0.045,0.030,0.012,0.027,0.059,0.024,0.092,0.097,0.056,0.041,0.057,0.023,0.031,0.016,0.064,0.021,0.017,0.047,0.048,0.034,0.064,0.043,0.022,0.051,0.052,0.061,0.025,0.031,0.062,0.062,0.053,0.074,0.030,0.049,0.078,0.047,0.002,0.002,0.032,0.034,0.029,0.054,0.095,0.074,0.050,0.002,0.011,0.039,0.017,0.026,0.019,0.042,0.053,0.023,0.041,0.018,0.056,0.027,0.039,0.069,0.025,0.015,0.035,0.027,0.011,0.093,0.033,0.081,0.076,0.014,0.014,0.025,0.027,0.062,0.020,0.053,0.028,0.084,0.065,0.074,0.017,0.041,0.028,0.040,0.021,0.030,0.052,0.032,0.037,0.084,0.071,0.023,0.059,0.093,0.037,0.058,0.118,0.041,0.010,0.049,0.047,0.058,0.073,0.067,0.040,0.070,0.031,0.060,0.039,0.024,0.058,0.060,0.075,0.119,0.075,0.046,0.046,0.003,0.076,0.066,0.082,0.070,0.067,0.034,0.055,0.043,0.075,0.042,0.023,0.037,0.046,0.030,0.022,0.075,0.046,0.037,0.081,0.068,0.045,0.009,0.065,0.100,0.076,0.041,0.039,0.046,0.063,0.072,0.062,0.064,0.010,0.055,0.040,0.035,0.025,0.018,0.037,0.043,0.040,0.020,0.021,0.019,0.064,0.018,0.076,0.041,0.027,0.013,0.025,0.059,0.042,0.042,0.104,0.023,0.024,0.119,0.061,0.042,0.039,0.020,0.020,0.024,0.017,0.025,0.005,0.035,0.029,0.047,0.045,0.058,0.020,0.017,0.012,0.070,0.042,0.092,0.083,0.025,0.007,0.051,0.028,0.065,0.006,0.007,0.027,0.011,0.010,0.035,0.049,0.097,0.039,0.055,0.026,0.025,0.012,0.019,0.019,0.049,0.016,0.014,0.080,0.052,0.029,0.048,0.036,0.049,0.053,0.021,0.076,0.115,0.104,0.084,0.089,0.079,0.092,0.080,0.048,0.055,0.041,0.044,0.061,0.052,0.036,0.104,0.136,0.132,0.106,0.098,0.107,0.026,0.143,0.057,0.070,0.042,0.107,0.046,0.108,0.066,0.039,0.084,0.044,0.039,0.051,0.027,0.057,0.046,0.060,0.033,0.064,0.064,0.097,0.056,0.070,0.109,0.080,0.098,0.056,0.044,0.041,0.041,0.088,0.051,0.092,0.084,0.058,0.113,0.083,0.102,0.135,0.123,0.116,0.084,0.061,0.068,0.046,0.050,0.059,0.066,0.103,0.051,0.028,0.096,0.049,0.008,0.065,0.024,0.039,0.078,0.089,0.086,0.125,0.073,0.079,0.033,0.080,0.080,0.062,0.057,0.056,0.063,0.087,0.040,0.068,0.066,0.062,0.028,0.043,0.047,0.046,0.040,0.051,0.071,0.046,0.056
LP6005519-DNA_B03,0.056,0.087,0.152,0.096,0.031,0.052,0.064,0.084,0.092,0.061,0.071,0.047,0.055,0.104,0.046,0.083,0.060,0.117,0.067,0.109,0.086,0.065,0.079,0.121,0.095,0.052,0.035,0.086,0.023,0.058,0.069,0.043,0.163,0.083,0.055,0.068,0.058,0.040,0.057,0.082,0.085,0.066,0.077,0.091,0.086,0.092,0.125,0.147,0.093,0.085,0.090,0.088,0.102,0.100,0.102,0.170,0.069,0.098,0.084,0.098,0.096,0.089,0.053,0.110,0.073,0.141,0.084,0.156,0.086,0.100,0.100,0.091,0.055,0.101,0.120,0.089,0.073,0.088,0.068,0.053,0.104,0.071,0.034,0.027,0.141,0.045,0.015,0.105,0.163,0.037,0.086,0.140,0.061,0.042,0.075,0.130,0.153,0.160,0.034,0.038,0.069,0.123,0.102,0.029,0.078,0.051,0.037,0.040,0.029,0.041,0.041,0.141,0.075,0.062,0.011,0.098,0.063,0.064,0.028,0.083,0.051,0.048,0.069,0.032,0.055,0.085,0.215,0.023,0.056,0.108,0.065,0.051,0.119,0.133,0.292,0.137,0.080,0.045,0.091,0.267,0.200,0.009,0.011,0.058,0.043,0.028,0.043,0.079,0.211,0.239,0.015,0.028,0.064,0.053,0.025,0.040,0.036,0.131,0.053,0.015,0.042,0.108,0.030,0.021,0.212,0.014,0.017,0.042,0.017,0.045,0.035,0.065,0.119,0.079,0.014,0.051,0.025,0.032,0.066,0.021,0.125,0.049,0.121,0.095,0.096,0.029,0.049,0.100,0.067,0.039,0.025,0.018,0.045,0.048,0.121,0.090,0.061,0.052,0.147,0.087,0.143,0.071,0.092,0.051,0.056,0.053,0.142,0.107,0.110,0.124,0.094,0.037,0.142,0.063,0.042,0.089,0.071,0.183,0.074,0.065,0.046,0.096,0.007,0.134,0.145,0.105,0.058,0.130,0.061,0.109,0.085,0.081,0.078,0.082,0.104,0.086,0.060,0.196,0.098,0.097,0.111,0.168,0.051,0.059,0.028,0.204,0.102,0.155,0.046,0.106,0.100,0.198,0.089,0.184,0.136,0.052,0.053,0.156,0.238,0.026,0.068,0.070,0.187,0.043,0.028,0.111,0.042,0.064,0.019,0.054,0.230,0.040,0.030,0.026,0.111,0.035,0.086,0.086,0.046,0.047,0.094,0.238,0.017,0.040,0.063,0.063,0.052,0.093,0.052,0.032,0.088,0.072,0.031,0.081,0.080,0.032,0.024,0.038,0.115,0.027,0.098,0.092,0.026,0.024,0.127,0.025,0.106,0.035,0.016,0.077,0.074,0.062,0.068,0.023,0.249,0.214,0.246,0.037,0.020,0.032,0.025,0.033,0.068,0.028,0.045,0.102,0.114,0.175,0.063,0.069,0.060,0.078,0.103,0.043,0.075,0.078,0.050,0.026,0.073,0.066,0.066,0.076,0.093,0.065,0.083,0.061,0.124,0.094,0.060,0.070,0.118,0.064,0.078,0.056,0.079,0.057,0.027,0.046,0.029,0.102,0.055,0.023,0.033,0.113,0.078,0.105,0.071,0.107,0.090,0.101,0.140,0.150,0.091,0.119,0.052,0.092,0.063,0.066,0.122,0.041,0.090,0.065,0.103,0.040,0.073,0.088,0.093,0.042,0.065,0.040,0.051,0.065,0.039,0.056,0.063,0.054,0.100,0.081,0.061,0.105,0.052,0.050,0.063,0.082,0.080,0.066,0.091,0.075,0.045,0.211,0.049,0.117,0.209,0.054,0.057,0.114,0.137,0.051,0.067,0.053,0.072,0.117,0.112,0.109,0.131,0.100,0.097,0.134,0.083,0.150,0.110,0.045,0.153,0.109,0.071,0.131,0.110,0.076,0.040
LP6005519-DNA_B04,0.047,0.045,0.037,0.036,0.035,0.038,0.055,0.052,0.041,0.055,0.037,0.079,0.047,0.051,0.016,0.047,0.051,0.053,0.032,0.031,0.030,0.037,0.024,0.010,0.035,0.065,0.040,0.057,0.032,0.020,0.021,0.050,0.030,0.057,0.044,0.026,0.056,0.022,0.039,0.034,0.039,0.029,0.071,0.037,0.052,0.034,0.036,0.056,0.050,0.069,0.031,0.060,0.036,0.038,0.036,0.031,0.028,0.047,0.052,0.040,0.033,0.079,0.035,0.011,0.030,0.031,0.028,0.054,0.065,0.051,0.039,0.034,0.035,0.017,0.041,0.009,0.042,0.036,0.045,0.045,0.026,0.066,0.008,0.006,0.036,0.006,0.007,0.030,0.037,0.014,0.026,0.030,0.015,0.017,0.028,0.045,0.068,0.044,0.023,0.014,0.011,0.033,0.020,0.008,0.014,0.010,0.015,0.023,0.013,0.020,0.036,0.019,0.044,0.052,0.019,0.007,0.011,0.039,0.010,0.020,0.010,0.031,0.011,0.027,0.033,0.026,0.047,0.027,0.036,0.025,0.024,0.016,0.024,0.021,0.054,0.035,0.035,0.007,0.028,0.040,0.075,0.009,0.028,0.014,0.034,0.007,0.032,0.007,0.053,0.041,0.005,0.019,0.047,0.034,0.010,0.025,0.007,0.035,0.021,0.008,0.061,0.018,0.015,0.009,0.041,0.015,0.017,0.025,0.003,0.042,0.023,0.009,0.024,0.018,0.004,0.024,0.018,0.024,0.025,0.035,0.044,0.015,0.022,0.021,0.012,0.019,0.017,0.026,0.011,0.006,0.008,0.009,0.027,0.040,0.028,0.009,0.021,0.018,0.019,0.049,0.022,0.026,0.026,0.013,0.048,0.071,0.021,0.016,0.042,0.033,0.024,0.017,0.028,0.057,0.035,0.032,0.029,0.012,0.005,0.041,0.052,0.016,0.019,0.035,0.023,0.037,0.025,0.030,0.038,0.055,0.031,0.015,0.025,0.042,0.048,0.039,0.007,0.013,0.013,0.012,0.025,0.043,0.077,0.038,0.030,0.015,0.043,0.020,0.024,0.019,0.043,0.020,0.045,0.062,0.021,0.011,0.023,0.022,0.016,0.045,0.064,0.042,0.027,0.055,0.083,0.045,0.022,0.057,0.091,0.031,0.023,0.025,0.044,0.043,0.026,0.062,0.060,0.043,0.022,0.053,0.037,0.038,0.061,0.023,0.118,0.053,0.019,0.034,0.017,0.006,0.030,0.023,0.017,0.018,0.035,0.020,0.018,0.011,0.030,0.023,0.013,0.010,0.015,0.004,0.019,0.017,0.037,0.013,0.015,0.032,0.022,0.017,0.022,0.044,0.020,0.033,0.027,0.006,0.010,0.064,0.050,0.015,0.030,0.066,0.068,0.037,0.063,0.051,0.047,0.043,0.047,0.035,0.021,0.034,0.021,0.062,0.019,0.017,0.029,0.044,0.023,0.052,0.055,0.059,0.033,0.051,0.039,0.057,0.013,0.034,0.038,0.049,0.041,0.018,0.042,0.056,0.028,0.003,0.015,0.072,0.027,0.032,0.030,0.032,0.027,0.049,0.064,0.043,0.030,0.034,0.048,0.045,0.037,0.045,0.036,0.040,0.023,0.019,0.042,0.016,0.061,0.051,0.054,0.031,0.043,0.021,0.028,0.024,0.020,0.061,0.054,0.029,0.034,0.029,0.010,0.043,0.032,0.020,0.021,0.025,0.036,0.025,0.051,0.031,0.032,0.004,0.048,0.062,0.005,0.037,0.023,0.054,0.017,0.053,0.034,0.038,0.056,0.023,0.032,0.031,0.078,0.034,0.040,0.056,0.046,0.065,0.034,0.053,0.073,0.047,0.030,0.040,0.055,0.061,0.037,0.057,0.034,0.046,0.033
LP6005519-DNA_B05,0.047,0.047,0.026,0.026,0.018,0.056,0.019,0.024,0.038,0.035,0.026,0.036,0.031,0.040,0.055,0.021,0.029,0.042,0.054,0.036,0.057,0.016,0.012,0.027,0.016,0.028,0.114,0.050,0.023,0.015,0.032,0.034,0.033,0.046,0.018,0.016,0.007,0.017,0.020,0.032,0.026,0.056,0.031,0.061,0.045,0.060,0.025,0.027,0.039,0.035,0.024,0.037,0.104,0.040,0.063,0.037,0.025,0.058,0.039,0.016,0.085,0.050,0.011,0.060,0.058,0.086,0.067,0.023,0.044,0.037,0.063,0.023,0.047,0.009,0.029,0.018,0.054,0.042,0.017,0.008,0.042,0.027,0.021,0.021,0.017,0.003,0.010,0.024,0.012,0.012,0.031,0.021,0.017,0.009,0.018,0.059,0.020,0.022,0.038,0.015,0.011,0.020,0.024,0.047,0.030,0.007,0.047,0.011,0.057,0.015,0.017,0.034,0.036,0.021,0.026,0.019,0.020,0.021,0.010,0.020,0.020,0.015,0.033,0.016,0.020,0.024,0.037,0.008,0.025,0.035,0.033,0.024,0.038,0.019,0.015,0.022,0.022,0.014,0.025,0.016,0.023,0.003,0.007,0.017,0.066,0.018,0.055,0.016,0.024,0.020,0.006,0.010,0.016,0.051,0.011,0.015,0.006,0.011,0.012,0.014,0.087,0.013,0.005,0.029,0.016,0.009,0.018,0.054,0.009,0.009,0.009,0.011,0.013,0.010,0.006,0.010,0.009,0.008,0.013,0.014,0.036,0.017,0.026,0.036,0.023,0.009,0.014,0.014,0.025,0.013,0.009,0.008,0.011,0.081,0.032,0.020,0.015,0.014,0.020,0.021,0.018,0.012,0.029,0.003,0.054,0.073,0.019,0.016,0.024,0.026,0.023,0.027,0.016,0.027,0.004,0.022,0.014,0.029,0.014,0.059,0.050,0.050,0.012,0.019,0.018,0.022,0.004,0.026,0.048,0.047,0.041,0.032,0.028,0.016,0.059,0.030,0.009,0.014,0.017,0.017,0.010,0.020,0.045,0.061,0.004,0.010,0.021,0.016,0.013,0.014,0.028,0.037,0.027,0.028,0.026,0.008,0.013,0.016,0.016,0.029,0.033,0.019,0.016,0.078,0.132,0.027,0.028,0.058,0.068,0.007,0.021,0.015,0.071,0.023,0.018,0.058,0.046,0.028,0.010,0.042,0.025,0.020,0.039,0.079,0.078,0.036,0.026,0.021,0.011,0.018,0.014,0.006,0.019,0.008,0.023,0.003,0.017,0.007,0.062,0.015,0.012,0.052,0.014,0.013,0.020,0.008,0.023,0.012,0.007,0.022,0.036,0.022,0.020,0.027,0.022,0.017,0.034,0.005,0.007,0.044,0.046,0.024,0.029,0.023,0.043,0.024,0.079,0.090,0.021,0.022,0.023,0.042,0.019,0.023,0.024,0.030,0.022,0.017,0.015,0.028,0.018,0.040,0.038,0.040,0.050,0.021,0.028,0.047,0.019,0.025,0.045,0.042,0.020,0.019,0.017,0.031,0.026,0.016,0.015,0.057,0.029,0.026,0.017,0.032,0.020,0.047,0.022,0.058,0.056,0.013,0.041,0.008,0.012,0.046,0.011,0.032,0.014,0.018,0.023,0.033,0.012,0.019,0.014,0.026,0.052,0.032,0.015,0.023,0.057,0.020,0.037,0.022,0.012,0.036,0.032,0.025,0.036,0.021,0.035,0.024,0.019,0.030,0.041,0.021,0.016,0.007,0.032,0.057,0.010,0.011,0.044,0.066,0.017,0.012,0.019,0.020,0.036,0.026,0.030,0.015,0.032,0.045,0.023,0.027,0.051,0.029,0.032,0.060,0.013,0.028,0.070,0.035,0.023,0.022,0.027,0.026,0.021,0.016,0.018
LP6005519-DNA_B06,0.075,0.076,0.069,0.120,0.095,0.090,0.131,0.063,0.082,0.094,0.098,0.076,0.078,0.103,0.036,0.101,0.066,0.098,0.128,0.110,0.123,0.110,0.082,0.121,0.149,0.093,0.106,0.124,0.073,0.054,0.070,0.084,0.111,0.122,0.066,0.094,0.062,0.059,0.082,0.099,0.073,0.100,0.071,0.069,0.104,0.072,0.084,0.070,0.063,0.060,0.067,0.073,0.068,0.069,0.068,0.087,0.060,0.076,0.078,0.119,0.064,0.043,0.075,0.049,0.059,0.076,0.097,0.130,0.107,0.098,0.101,0.083,0.072,0.076,0.080,0.066,0.087,0.111,0.089,0.065,0.115,0.072,0.064,0.032,0.056,0.024,0.021,0.074,0.034,0.053,0.058,0.039,0.017,0.019,0.075,0.170,0.076,0.029,0.016,0.041,0.060,0.099,0.064,0.046,0.119,0.022,0.009,0.022,0.020,0.029,0.062,0.109,0.142,0.069,0.027,0.081,0.042,0.054,0.022,0.103,0.012,0.016,0.090,0.019,0.123,0.078,0.048,0.014,0.042,0.074,0.052,0.031,0.064,0.097,0.092,0.086,0.123,0.016,0.101,0.072,0.066,0.011,0.027,0.023,0.025,0.015,0.055,0.067,0.071,0.047,0.024,0.018,0.035,0.022,0.014,0.032,0.007,0.058,0.036,0.011,0.014,0.076,0.042,0.015,0.042,0.025,0.027,0.018,0.029,0.025,0.077,0.025,0.100,0.052,0.013,0.023,0.025,0.039,0.058,0.035,0.148,0.034,0.083,0.073,0.133,0.003,0.053,0.058,0.066,0.039,0.009,0.036,0.047,0.044,0.097,0.092,0.046,0.033,0.065,0.085,0.117,0.108,0.038,0.009,0.118,0.099,0.035,0.073,0.050,0.086,0.105,0.014,0.113,0.070,0.025,0.101,0.025,0.153,0.096,0.052,0.068,0.087,0.049,0.102,0.055,0.064,0.017,0.114,0.076,0.047,0.049,0.046,0.074,0.065,0.082,0.082,0.021,0.064,0.087,0.037,0.090,0.048,0.046,0.063,0.039,0.042,0.108,0.049,0.062,0.079,0.098,0.063,0.104,0.054,0.073,0.008,0.058,0.048,0.082,0.031,0.058,0.033,0.099,0.087,0.047,0.065,0.042,0.083,0.040,0.062,0.070,0.016,0.052,0.043,0.105,0.049,0.067,0.102,0.055,0.049,0.109,0.092,0.006,0.075,0.030,0.037,0.014,0.023,0.025,0.032,0.054,0.034,0.078,0.044,0.096,0.013,0.012,0.018,0.104,0.007,0.093,0.073,0.023,0.038,0.117,0.010,0.070,0.028,0.014,0.098,0.033,0.044,0.089,0.020,0.063,0.035,0.088,0.016,0.018,0.053,0.034,0.041,0.070,0.020,0.052,0.085,0.045,0.069,0.047,0.043,0.064,0.060,0.051,0.069,0.082,0.091,0.094,0.054,0.043,0.087,0.071,0.098,0.066,0.069,0.053,0.080,0.091,0.045,0.072,0.106,0.135,0.090,0.094,0.066,0.096,0.063,0.050,0.064,0.037,0.094,0.089,0.023,0.058,0.071,0.059,0.071,0.077,0.079,0.039,0.073,0.069,0.061,0.075,0.113,0.107,0.121,0.064,0.104,0.105,0.087,0.047,0.076,0.079,0.050,0.094,0.084,0.124,0.101,0.055,0.114,0.075,0.135,0.085,0.068,0.038,0.083,0.076,0.049,0.104,0.121,0.109,0.072,0.106,0.106,0.104,0.020,0.147,0.076,0.013,0.065,0.041,0.125,0.023,0.107,0.100,0.174,0.142,0.096,0.128,0.085,0.057,0.074,0.065,0.089,0.070,0.078,0.091,0.092,0.074,0.096,0.061,0.073,0.103,0.091,0.048,0.088,0.070,0.064,0.057
LP6005519-DNA_C03,0.086,0.020,0.037,0.096,0.067,0.064,0.087,0.061,0.087,0.099,0.056,0.099,0.074,0.064,0.066,0.093,0.061,0.112,0.062,0.026,0.035,0.028,0.058,0.092,0.076,0.120,0.040,0.102,0.050,0.048,0.040,0.071,0.034,0.065,0.052,0.054,0.031,0.033,0.032,0.048,0.100,0.084,0.092,0.074,0.133,0.115,0.104,0.103,0.064,0.068,0.078,0.059,0.065,0.095,0.066,0.079,0.048,0.052,0.048,0.076,0.080,0.050,0.054,0.076,0.051,0.089,0.056,0.066,0.079,0.074,0.076,0.053,0.046,0.074,0.043,0.065,0.070,0.062,0.050,0.024,0.030,0.052,0.058,0.036,0.050,0.004,0.095,0.063,0.026,0.021,0.055,0.040,0.041,0.071,0.037,0.051,0.087,0.032,0.065,0.034,0.019,0.060,0.037,0.075,0.033,0.004,0.023,0.042,0.041,0.041,0.070,0.043,0.041,0.031,0.052,0.035,0.036,0.106,0.009,0.051,0.049,0.023,0.046,0.080,0.043,0.048,0.065,0.023,0.074,0.029,0.037,0.031,0.045,0.077,0.145,0.022,0.088,0.022,0.047,0.089,0.042,0.007,0.033,0.025,0.039,0.019,0.048,0.042,0.121,0.032,0.005,0.027,0.071,0.057,0.025,0.043,0.026,0.040,0.029,0.010,0.015,0.030,0.020,0.027,0.074,0.022,0.021,0.028,0.005,0.050,0.035,0.071,0.066,0.045,0.023,0.029,0.021,0.039,0.022,0.037,0.071,0.025,0.101,0.012,0.048,0.015,0.024,0.075,0.072,0.031,0.066,0.020,0.016,0.022,0.058,0.047,0.007,0.041,0.047,0.067,0.028,0.065,0.065,0.048,0.049,0.064,0.066,0.043,0.026,0.078,0.060,0.065,0.048,0.074,0.061,0.038,0.034,0.051,0.053,0.073,0.098,0.064,0.015,0.037,0.043,0.021,0.081,0.045,0.065,0.081,0.050,0.024,0.061,0.091,0.064,0.046,0.071,0.050,0.021,0.019,0.012,0.060,0.062,0.084,0.030,0.073,0.062,0.023,0.108,0.051,0.064,0.034,0.049,0.027,0.051,0.044,0.043,0.033,0.069,0.019,0.066,0.047,0.065,0.051,0.067,0.063,0.003,0.092,0.029,0.075,0.043,0.042,0.036,0.047,0.062,0.044,0.068,0.068,0.030,0.030,0.054,0.041,0.017,0.093,0.046,0.052,0.018,0.038,0.027,0.001,0.033,0.074,0.016,0.029,0.071,0.027,0.059,0.036,0.028,0.027,0.020,0.053,0.036,0.014,0.042,0.012,0.055,0.059,0.026,0.073,0.068,0.045,0.063,0.051,0.038,0.052,0.042,0.061,0.017,0.037,0.022,0.021,0.045,0.020,0.037,0.090,0.070,0.060,0.039,0.067,0.088,0.073,0.032,0.040,0.037,0.048,0.055,0.023,0.031,0.069,0.016,0.084,0.071,0.069,0.018,0.056,0.041,0.097,0.063,0.053,0.042,0.065,0.067,0.013,0.048,0.033,0.023,0.062,0.063,0.077,0.066,0.015,0.062,0.049,0.058,0.080,0.046,0.104,0.072,0.127,0.068,0.100,0.049,0.036,0.027,0.054,0.051,0.056,0.056,0.047,0.048,0.053,0.057,0.047,0.025,0.054,0.072,0.030,0.037,0.049,0.038,0.058,0.064,0.058,0.024,0.079,0.050,0.051,0.025,0.023,0.024,0.033,0.041,0.030,0.086,0.012,0.030,0.038,0.013,0.056,0.049,0.068,0.092,0.057,0.053,0.086,0.078,0.071,0.052,0.072,0.063,0.081,0.112,0.116,0.070,0.068,0.087,0.040,0.096,0.071,0.063,0.087,0.133,0.115,0.089,0.073,0.073,0.057,0.062
LP6005519-DNA_C04,0.027,0.036,0.033,0.048,0.031,0.049,0.052,0.065,0.043,0.067,0.029,0.078,0.037,0.060,0.031,0.063,0.047,0.065,0.049,0.074,0.053,0.035,0.071,0.035,0.031,0.039,0.066,0.083,0.054,0.018,0.032,0.038,0.038,0.064,0.042,0.048,0.018,0.014,0.026,0.067,0.012,0.036,0.026,0.013,0.037,0.035,0.033,0.023,0.020,0.039,0.044,0.017,0.025,0.036,0.028,0.020,0.013,0.026,0.029,0.048,0.034,0.026,0.026,0.004,0.029,0.040,0.022,0.060,0.037,0.080,0.038,0.039,0.046,0.030,0.045,0.048,0.023,0.070,0.053,0.025,0.076,0.040,0.023,0.027,0.028,0.025,0.013,0.038,0.038,0.052,0.004,0.047,0.013,0.051,0.020,0.040,0.045,0.035,0.030,0.038,0.003,0.029,0.011,0.041,0.046,0.030,0.072,0.011,0.025,0.054,0.028,0.042,0.066,0.022,0.049,0.039,0.022,0.029,0.035,0.034,0.026,0.018,0.037,0.074,0.043,0.031,0.034,0.022,0.108,0.055,0.069,0.047,0.053,0.034,0.089,0.029,0.056,0.036,0.043,0.037,0.027,0.003,0.004,0.022,0.063,0.027,0.024,0.027,0.040,0.031,0.002,0.011,0.029,0.036,0.014,0.028,0.037,0.014,0.024,0.047,0.061,0.029,0.023,0.031,0.038,0.040,0.015,0.040,0.023,0.018,0.021,0.045,0.037,0.013,0.013,0.013,0.010,0.007,0.016,0.007,0.052,0.009,0.037,0.025,0.026,0.023,0.042,0.039,0.029,0.046,0.032,0.041,0.008,0.065,0.066,0.024,0.030,0.049,0.041,0.050,0.049,0.041,0.054,0.013,0.053,0.039,0.053,0.013,0.038,0.052,0.060,0.027,0.007,0.021,0.034,0.042,0.043,0.070,0.043,0.031,0.046,0.089,0.004,0.045,0.058,0.087,0.066,0.033,0.021,0.038,0.063,0.016,0.032,0.037,0.046,0.033,0.047,0.041,0.040,0.014,0.033,0.051,0.029,0.022,0.003,0.029,0.039,0.046,0.074,0.012,0.050,0.036,0.052,0.038,0.043,0.020,0.015,0.033,0.023,0.013,0.068,0.056,0.041,0.053,0.071,0.057,0.038,0.178,0.029,0.026,0.029,0.029,0.050,0.099,0.042,0.073,0.064,0.070,0.022,0.067,0.051,0.062,0.035,0.041,0.074,0.083,0.046,0.038,0.032,0.025,0.032,0.012,0.020,0.027,0.027,0.028,0.018,0.024,0.046,0.036,0.044,0.031,0.024,0.018,0.031,0.034,0.027,0.021,0.011,0.048,0.054,0.006,0.048,0.057,0.041,0.022,0.052,0.042,0.025,0.068,0.028,0.033,0.056,0.067,0.079,0.047,0.029,0.023,0.024,0.037,0.031,0.027,0.009,0.030,0.054,0.060,0.055,0.041,0.030,0.050,0.049,0.046,0.047,0.027,0.029,0.035,0.016,0.028,0.035,0.017,0.063,0.082,0.038,0.032,0.027,0.057,0.031,0.024,0.014,0.094,0.058,0.045,0.056,0.022,0.031,0.034,0.031,0.040,0.021,0.047,0.026,0.016,0.031,0.057,0.054,0.083,0.031,0.051,0.022,0.056,0.050,0.034,0.038,0.029,0.079,0.019,0.047,0.051,0.028,0.056,0.055,0.046,0.047,0.036,0.012,0.069,0.049,0.036,0.045,0.037,0.041,0.056,0.038,0.037,0.050,0.028,0.072,0.031,0.012,0.049,0.024,0.044,0.061,0.031,0.036,0.052,0.053,0.054,0.045,0.034,0.077,0.047,0.044,0.032,0.032,0.058,0.039,0.033,0.051,0.019,0.027,0.066,0.040,0.032,0.031,0.050,0.014,0.017,0.035
LP6005519-DNA_C05,0.038,0.015,0.018,0.037,0.040,0.058,0.032,0.029,0.019,0.034,0.051,0.063,0.024,0.015,0.021,0.019,0.048,0.010,0.014,0.011,0.025,0.015,0.035,0.018,0.025,0.074,0.008,0.034,0.014,0.051,0.042,0.014,0.072,0.032,0.014,0.012,0.029,0.015,0.020,0.009,0.017,0.021,0.075,0.012,0.079,0.024,0.019,0.036,0.036,0.064,0.030,0.037,0.072,0.039,0.016,0.019,0.069,0.082,0.026,0.032,0.027,0.045,0.059,0.015,0.018,0.052,0.041,0.027,0.055,0.035,0.047,0.015,0.028,0.011,0.040,0.012,0.044,0.014,0.020,0.029,0.008,0.025,0.005,0.007,0.027,0.000,0.017,0.062,0.005,0.007,0.040,0.026,0.013,0.019,0.013,0.026,0.048,0.013,0.023,0.018,0.011,0.035,0.007,0.003,0.008,0.019,0.012,0.018,0.048,0.040,0.027,0.006,0.023,0.037,0.002,0.009,0.016,0.008,0.021,0.015,0.005,0.017,0.030,0.027,0.029,0.019,0.029,0.003,0.023,0.004,0.043,0.023,0.010,0.017,0.020,0.053,0.019,0.002,0.027,0.009,0.027,0.004,0.005,0.012,0.025,0.013,0.058,0.012,0.010,0.031,0.004,0.020,0.039,0.047,0.013,0.013,0.004,0.011,0.036,0.015,0.045,0.006,0.006,0.005,0.018,0.007,0.026,0.032,0.012,0.026,0.009,0.013,0.017,0.003,0.020,0.029,0.056,0.014,0.014,0.014,0.017,0.031,0.030,0.013,0.008,0.009,0.014,0.048,0.015,0.008,0.010,0.009,0.025,0.010,0.007,0.009,0.013,0.012,0.027,0.028,0.015,0.030,0.010,0.008,0.025,0.045,0.005,0.010,0.028,0.012,0.015,0.027,0.015,0.040,0.014,0.007,0.015,0.015,0.005,0.038,0.053,0.008,0.026,0.032,0.009,0.003,0.009,0.028,0.013,0.031,0.027,0.024,0.016,0.044,0.034,0.010,0.007,0.017,0.029,0.013,0.025,0.011,0.075,0.044,0.019,0.012,0.032,0.021,0.018,0.012,0.015,0.012,0.020,0.013,0.012,0.004,0.037,0.010,0.013,0.049,0.032,0.018,0.012,0.090,0.069,0.022,0.010,0.021,0.106,0.065,0.005,0.002,0.037,0.048,0.010,0.065,0.049,0.006,0.018,0.028,0.008,0.013,0.021,0.068,0.090,0.066,0.019,0.029,0.011,0.013,0.035,0.027,0.003,0.045,0.016,0.004,0.010,0.017,0.045,0.008,0.012,0.042,0.020,0.008,0.012,0.010,0.022,0.002,0.006,0.006,0.007,0.016,0.009,0.013,0.012,0.043,0.012,0.013,0.010,0.046,0.070,0.010,0.012,0.017,0.042,0.037,0.063,0.050,0.038,0.048,0.044,0.053,0.028,0.023,0.008,0.011,0.012,0.013,0.015,0.029,0.009,0.043,0.047,0.060,0.015,0.063,0.048,0.034,0.003,0.015,0.012,0.011,0.008,0.016,0.010,0.010,0.013,0.014,0.009,0.023,0.008,0.005,0.011,0.026,0.052,0.096,0.037,0.038,0.018,0.100,0.019,0.030,0.033,0.014,0.036,0.014,0.010,0.017,0.013,0.011,0.004,0.032,0.029,0.014,0.043,0.020,0.017,0.003,0.031,0.029,0.013,0.012,0.025,0.011,0.015,0.028,0.025,0.016,0.017,0.046,0.010,0.009,0.007,0.030,0.010,0.009,0.014,0.026,0.012,0.012,0.008,0.028,0.008,0.020,0.014,0.019,0.017,0.012,0.015,0.013,0.034,0.062,0.039,0.060,0.030,0.050,0.025,0.041,0.054,0.089,0.035,0.040,0.035,0.054,0.039,0.046,0.043,0.048,0.019
LP6005519-DNA_C06,0.055,0.095,0.018,0.082,0.066,0.044,0.084,0.054,0.046,0.027,0.050,0.077,0.038,0.057,0.049,0.086,0.051,0.059,0.076,0.069,0.056,0.052,0.050,0.068,0.073,0.109,0.062,0.078,0.043,0.044,0.063,0.060,0.101,0.052,0.071,0.099,0.051,0.087,0.060,0.046,0.074,0.060,0.055,0.026,0.034,0.035,0.052,0.053,0.039,0.038,0.019,0.038,0.035,0.027,0.018,0.041,0.060,0.031,0.033,0.040,0.036,0.017,0.039,0.036,0.041,0.042,0.025,0.061,0.046,0.062,0.069,0.043,0.086,0.055,0.045,0.065,0.046,0.085,0.092,0.056,0.117,0.124,0.060,0.015,0.068,0.003,0.014,0.067,0.031,0.007,0.072,0.038,0.003,0.009,0.046,0.062,0.047,0.018,0.035,0.014,0.031,0.143,0.060,0.007,0.046,0.009,0.016,0.000,0.016,0.009,0.028,0.052,0.064,0.056,0.011,0.077,0.013,0.023,0.009,0.090,0.008,0.008,0.021,0.013,0.030,0.017,0.032,0.014,0.011,0.021,0.015,0.018,0.028,0.032,0.025,0.083,0.027,0.007,0.036,0.041,0.047,0.002,0.003,0.016,0.019,0.009,0.049,0.058,0.036,0.058,0.004,0.013,0.025,0.014,0.008,0.014,0.015,0.036,0.005,0.012,0.008,0.023,0.002,0.006,0.043,0.016,0.012,0.005,0.005,0.029,0.082,0.009,0.046,0.026,0.004,0.010,0.010,0.015,0.050,0.013,0.054,0.004,0.038,0.030,0.033,0.006,0.012,0.038,0.038,0.008,0.012,0.041,0.016,0.011,0.022,0.051,0.019,0.014,0.024,0.015,0.056,0.062,0.015,0.004,0.058,0.038,0.042,0.065,0.036,0.042,0.035,0.011,0.061,0.028,0.015,0.041,0.023,0.062,0.055,0.045,0.055,0.023,0.007,0.058,0.044,0.022,0.018,0.056,0.029,0.024,0.079,0.027,0.027,0.040,0.034,0.049,0.016,0.039,0.057,0.017,0.053,0.027,0.042,0.051,0.010,0.040,0.077,0.059,0.018,0.059,0.017,0.039,0.052,0.016,0.027,0.005,0.038,0.025,0.043,0.017,0.028,0.058,0.035,0.025,0.006,0.036,0.024,0.025,0.044,0.076,0.044,0.009,0.013,0.009,0.083,0.037,0.014,0.099,0.018,0.015,0.093,0.059,0.016,0.051,0.026,0.020,0.008,0.012,0.010,0.015,0.017,0.019,0.045,0.028,0.037,0.003,0.012,0.016,0.029,0.014,0.035,0.051,0.016,0.004,0.061,0.008,0.068,0.005,0.015,0.028,0.005,0.014,0.018,0.013,0.046,0.045,0.050,0.008,0.004,0.015,0.019,0.014,0.019,0.013,0.018,0.055,0.049,0.035,0.032,0.041,0.056,0.070,0.023,0.058,0.058,0.072,0.076,0.070,0.083,0.085,0.051,0.046,0.027,0.044,0.031,0.034,0.047,0.032,0.075,0.105,0.091,0.090,0.054,0.076,0.077,0.118,0.045,0.028,0.045,0.082,0.074,0.047,0.056,0.024,0.078,0.074,0.042,0.049,0.017,0.084,0.020,0.035,0.052,0.059,0.064,0.034,0.064,0.043,0.056,0.041,0.061,0.024,0.085,0.047,0.051,0.090,0.047,0.031,0.035,0.087,0.070,0.056,0.058,0.069,0.065,0.076,0.077,0.076,0.040,0.103,0.048,0.068,0.037,0.053,0.067,0.013,0.067,0.023,0.006,0.048,0.064,0.061,0.020,0.090,0.050,0.076,0.096,0.090,0.048,0.039,0.042,0.055,0.074,0.043,0.046,0.042,0.027,0.041,0.083,0.079,0.044,0.049,0.085,0.059,0.025,0.069,0.041,0.077,0.029
LP6005519-DNA_D01,0.060,0.088,0.077,0.082,0.044,0.043,0.063,0.041,0.033,0.043,0.063,0.007,0.076,0.080,0.039,0.074,0.038,0.075,0.072,0.089,0.055,0.082,0.063,0.075,0.072,0.052,0.052,0.110,0.056,0.055,0.050,0.065,0.069,0.049,0.079,0.101,0.105,0.095,0.061,0.089,0.095,0.065,0.055,0.058,0.044,0.026,0.093,0.098,0.054,0.051,0.087,0.057,0.055,0.070,0.052,0.081,0.063,0.072,0.077,0.066,0.058,0.058,0.023,0.067,0.080,0.065,0.082,0.102,0.076,0.053,0.074,0.056,0.069,0.047,0.077,0.062,0.053,0.088,0.033,0.070,0.089,0.032,0.039,0.054,0.095,0.031,0.021,0.066,0.258,0.049,0.068,0.176,0.052,0.022,0.129,0.130,0.078,0.236,0.033,0.038,0.046,0.146,0.049,0.030,0.107,0.058,0.038,0.030,0.014,0.051,0.032,0.124,0.119,0.058,0.015,0.102,0.036,0.033,0.008,0.050,0.030,0.027,0.043,0.027,0.086,0.087,0.167,0.018,0.036,0.140,0.101,0.010,0.076,0.159,0.297,0.083,0.099,0.023,0.094,0.190,0.262,0.003,0.003,0.030,0.034,0.038,0.035,0.059,0.156,0.243,0.039,0.019,0.037,0.035,0.054,0.016,0.031,0.075,0.057,0.033,0.030,0.061,0.033,0.038,0.191,0.021,0.023,0.055,0.072,0.067,0.040,0.035,0.054,0.084,0.013,0.020,0.020,0.028,0.026,0.020,0.092,0.032,0.067,0.077,0.113,0.016,0.046,0.047,0.073,0.037,0.018,0.066,0.027,0.048,0.085,0.068,0.055,0.054,0.086,0.065,0.135,0.049,0.082,0.020,0.069,0.053,0.238,0.127,0.140,0.129,0.068,0.015,0.097,0.052,0.018,0.044,0.069,0.080,0.050,0.058,0.021,0.106,0.021,0.094,0.149,0.063,0.087,0.131,0.057,0.072,0.095,0.064,0.085,0.059,0.041,0.150,0.026,0.139,0.150,0.078,0.140,0.179,0.052,0.058,0.012,0.238,0.137,0.121,0.050,0.069,0.051,0.331,0.091,0.099,0.158,0.030,0.054,0.114,0.319,0.028,0.034,0.051,0.214,0.030,0.028,0.066,0.024,0.028,0.007,0.069,0.298,0.043,0.043,0.016,0.097,0.047,0.044,0.080,0.072,0.022,0.097,0.211,0.011,0.026,0.077,0.038,0.040,0.063,0.029,0.009,0.026,0.020,0.050,0.065,0.042,0.067,0.026,0.017,0.057,0.016,0.072,0.062,0.008,0.028,0.069,0.016,0.154,0.009,0.018,0.058,0.034,0.052,0.069,0.052,0.206,0.251,0.250,0.061,0.032,0.018,0.017,0.022,0.048,0.027,0.068,0.079,0.088,0.064,0.044,0.026,0.046,0.051,0.043,0.039,0.063,0.076,0.077,0.046,0.050,0.062,0.076,0.069,0.054,0.039,0.050,0.047,0.091,0.076,0.062,0.076,0.115,0.081,0.050,0.075,0.091,0.102,0.020,0.027,0.035,0.078,0.065,0.048,0.035,0.083,0.039,0.056,0.067,0.065,0.058,0.073,0.116,0.073,0.061,0.107,0.039,0.072,0.061,0.063,0.080,0.036,0.061,0.074,0.075,0.017,0.090,0.083,0.055,0.122,0.041,0.051,0.049,0.102,0.047,0.053,0.061,0.068,0.095,0.055,0.070,0.102,0.093,0.055,0.049,0.117,0.057,0.039,0.088,0.033,0.021,0.185,0.036,0.100,0.089,0.071,0.060,0.117,0.087,0.109,0.065,0.067,0.038,0.051,0.078,0.069,0.099,0.064,0.075,0.059,0.036,0.077,0.076,0.051,0.083,0.075,0.028,0.066,0.074,0.045,0.072
LP6005519-DNA_D03,0.036,0.053,0.036,0.055,0.046,0.045,0.042,0.116,0.071,0.063,0.048,0.080,0.083,0.045,0.028,0.035,0.028,0.026,0.035,0.076,0.036,0.034,0.023,0.038,0.006,0.006,0.056,0.101,0.024,0.036,0.054,0.034,0.023,0.063,0.051,0.015,0.064,0.022,0.034,0.092,0.065,0.034,0.088,0.090,0.031,0.087,0.051,0.045,0.052,0.043,0.057,0.067,0.025,0.006,0.071,0.044,0.097,0.047,0.091,0.086,0.042,0.071,0.038,0.114,0.073,0.015,0.048,0.031,0.051,0.063,0.058,0.124,0.041,0.068,0.095,0.041,0.046,0.075,0.005,0.089,0.044,0.092,0.026,0.013,0.035,0.037,0.063,0.085,0.063,0.016,0.110,0.043,0.037,0.015,0.026,0.105,0.081,0.071,0.003,0.023,0.055,0.065,0.049,0.054,0.012,0.082,0.017,0.024,0.009,0.024,0.031,0.038,0.051,0.034,0.000,0.033,0.008,0.024,0.005,0.041,0.018,0.014,0.010,0.084,0.008,0.060,0.054,0.004,0.082,0.067,0.089,0.017,0.066,0.033,0.125,0.021,0.077,0.013,0.059,0.090,0.052,0.027,0.010,0.023,0.064,0.022,0.016,0.034,0.098,0.026,0.029,0.010,0.044,0.086,0.061,0.023,0.078,0.019,0.058,0.052,0.071,0.043,0.038,0.013,0.061,0.031,0.004,0.049,0.030,0.027,0.028,0.027,0.033,0.049,0.003,0.021,0.063,0.012,0.039,0.014,0.149,0.016,0.090,0.094,0.047,0.144,0.042,0.053,0.032,0.051,0.067,0.049,0.033,0.089,0.066,0.034,0.061,0.043,0.058,0.034,0.022,0.043,0.110,0.020,0.082,0.040,0.103,0.094,0.057,0.122,0.032,0.012,0.045,0.051,0.016,0.035,0.035,0.020,0.040,0.058,0.039,0.044,0.067,0.021,0.084,0.110,0.057,0.046,0.112,0.046,0.048,0.082,0.048,0.058,0.056,0.092,0.042,0.024,0.088,0.043,0.029,0.048,0.080,0.050,0.011,0.091,0.051,0.041,0.043,0.005,0.071,0.034,0.052,0.108,0.072,0.019,0.047,0.044,0.090,0.011,0.051,0.063,0.052,0.071,0.046,0.023,0.032,0.066,0.004,0.024,0.085,0.011,0.090,0.021,0.046,0.062,0.052,0.056,0.042,0.056,0.045,0.034,0.035,0.003,0.119,0.048,0.021,0.042,0.045,0.026,0.029,0.023,0.030,0.053,0.006,0.062,0.038,0.059,0.041,0.012,0.036,0.062,0.021,0.009,0.040,0.014,0.054,0.015,0.014,0.076,0.102,0.019,0.055,0.032,0.053,0.023,0.028,0.068,0.036,0.027,0.014,0.018,0.027,0.089,0.035,0.059,0.111,0.072,0.047,0.030,0.074,0.069,0.034,0.012,0.066,0.097,0.051,0.037,0.040,0.006,0.100,0.027,0.037,0.070,0.085,0.083,0.088,0.067,0.042,0.028,0.098,0.091,0.041,0.079,0.052,0.095,0.047,0.022,0.015,0.105,0.048,0.062,0.048,0.075,0.061,0.048,0.059,0.036,0.031,0.097,0.064,0.018,0.043,0.082,0.014,0.094,0.008,0.024,0.063,0.031,0.066,0.067,0.010,0.033,0.083,0.015,0.030,0.041,0.027,0.050,0.021,0.070,0.025,0.050,0.049,0.033,0.070,0.027,0.027,0.057,0.052,0.032,0.040,0.076,0.032,0.035,0.075,0.055,0.030,0.047,0.067,0.107,0.053,0.026,0.040,0.037,0.075,0.052,0.058,0.026,0.072,0.027,0.107,0.075,0.067,0.132,0.059,0.085,0.096,0.051,0.081,0.094,0.058,0.105,0.078,0.094,0.068,0.021,0.091
LP6005519-DNA_D04,0.044,0.048,0.029,0.040,0.039,0.045,0.023,0.053,0.027,0.051,0.069,0.052,0.040,0.063,0.041,0.027,0.031,0.066,0.019,0.057,0.031,0.026,0.026,0.034,0.024,0.034,0.036,0.069,0.028,0.024,0.038,0.021,0.029,0.032,0.044,0.022,0.029,0.023,0.017,0.035,0.082,0.033,0.060,0.059,0.034,0.035,0.036,0.049,0.069,0.062,0.044,0.029,0.056,0.060,0.024,0.034,0.101,0.052,0.038,0.048,0.049,0.048,0.053,0.057,0.057,0.048,0.083,0.030,0.042,0.037,0.023,0.043,0.047,0.021,0.054,0.021,0.055,0.025,0.018,0.021,0.028,0.039,0.026,0.005,0.018,0.046,0.025,0.071,0.021,0.010,0.027,0.010,0.042,0.007,0.020,0.039,0.057,0.017,0.023,0.016,0.009,0.020,0.028,0.030,0.012,0.023,0.018,0.008,0.029,0.066,0.008,0.029,0.019,0.025,0.005,0.014,0.017,0.029,0.035,0.019,0.006,0.024,0.021,0.020,0.011,0.017,0.028,0.011,0.091,0.024,0.030,0.016,0.035,0.018,0.031,0.013,0.033,0.025,0.021,0.032,0.018,0.065,0.007,0.029,0.048,0.034,0.021,0.005,0.018,0.011,0.018,0.014,0.011,0.032,0.028,0.010,0.015,0.024,0.016,0.043,0.070,0.045,0.040,0.054,0.027,0.021,0.014,0.028,0.031,0.023,0.022,0.009,0.033,0.010,0.005,0.020,0.039,0.014,0.012,0.012,0.040,0.028,0.020,0.020,0.023,0.010,0.039,0.021,0.013,0.018,0.007,0.022,0.035,0.066,0.025,0.014,0.016,0.026,0.014,0.026,0.017,0.016,0.024,0.004,0.024,0.081,0.022,0.022,0.021,0.035,0.011,0.013,0.020,0.026,0.008,0.010,0.015,0.027,0.041,0.026,0.054,0.019,0.019,0.017,0.023,0.028,0.009,0.014,0.028,0.030,0.024,0.032,0.043,0.060,0.057,0.030,0.027,0.021,0.025,0.007,0.016,0.020,0.068,0.037,0.026,0.030,0.016,0.021,0.044,0.010,0.033,0.017,0.011,0.045,0.022,0.008,0.049,0.022,0.022,0.012,0.037,0.010,0.016,0.038,0.066,0.030,0.014,0.043,0.033,0.017,0.026,0.027,0.099,0.109,0.039,0.023,0.058,0.019,0.027,0.036,0.019,0.011,0.031,0.036,0.093,0.029,0.013,0.036,0.010,0.008,0.031,0.037,0.008,0.020,0.008,0.021,0.007,0.030,0.017,0.012,0.014,0.016,0.011,0.012,0.022,0.005,0.007,0.011,0.007,0.019,0.056,0.014,0.027,0.030,0.016,0.009,0.006,0.021,0.053,0.015,0.021,0.013,0.029,0.041,0.039,0.026,0.042,0.049,0.036,0.042,0.055,0.054,0.042,0.017,0.022,0.027,0.009,0.021,0.033,0.012,0.021,0.070,0.032,0.059,0.051,0.086,0.058,0.062,0.015,0.018,0.053,0.058,0.011,0.035,0.020,0.029,0.021,0.012,0.008,0.036,0.032,0.023,0.027,0.054,0.042,0.046,0.034,0.084,0.068,0.076,0.063,0.033,0.044,0.032,0.037,0.039,0.013,0.032,0.023,0.027,0.033,0.039,0.011,0.020,0.080,0.015,0.043,0.014,0.043,0.022,0.027,0.027,0.035,0.056,0.053,0.015,0.020,0.023,0.017,0.021,0.025,0.022,0.026,0.018,0.021,0.032,0.028,0.049,0.017,0.032,0.034,0.043,0.007,0.028,0.027,0.022,0.040,0.033,0.050,0.028,0.063,0.026,0.026,0.029,0.036,0.065,0.035,0.024,0.055,0.025,0.032,0.049,0.027,0.039,0.055,0.029,0.037,0.026,0.030
LP6005519-DNA_D05,0.010,0.019,0.008,0.011,0.015,0.036,0.016,0.016,0.019,0.014,0.022,0.022,0.016,0.022,0.009,0.018,0.025,0.021,0.004,0.022,0.011,0.019,0.005,0.017,0.013,0.016,0.011,0.011,0.010,0.010,0.009,0.013,0.007,0.022,0.014,0.010,0.016,0.005,0.006,0.009,0.021,0.011,0.016,0.037,0.012,0.022,0.043,0.041,0.030,0.012,0.017,0.042,0.012,0.021,0.019,0.021,0.045,0.015,0.023,0.030,0.044,0.017,0.032,0.021,0.023,0.015,0.039,0.004,0.014,0.035,0.018,0.021,0.013,0.013,0.015,0.009,0.011,0.016,0.007,0.013,0.007,0.019,0.014,0.007,0.031,0.013,0.006,0.018,0.011,0.015,0.020,0.015,0.019,0.023,0.013,0.014,0.022,0.004,0.023,0.010,0.011,0.012,0.009,0.005,0.009,0.020,0.025,0.008,0.022,0.024,0.017,0.011,0.005,0.007,0.033,0.004,0.002,0.028,0.019,0.009,0.023,0.015,0.014,0.042,0.006,0.008,0.017,0.012,0.112,0.003,0.024,0.018,0.009,0.011,0.027,0.007,0.011,0.025,0.008,0.012,0.010,0.011,0.003,0.004,0.041,0.021,0.010,0.008,0.014,0.008,0.004,0.013,0.021,0.049,0.005,0.020,0.016,0.012,0.011,0.024,0.023,0.007,0.011,0.017,0.009,0.025,0.006,0.032,0.012,0.013,0.017,0.019,0.023,0.009,0.003,0.015,0.006,0.014,0.010,0.003,0.016,0.026,0.015,0.005,0.013,0.016,0.006,0.027,0.008,0.021,0.019,0.027,0.008,0.030,0.007,0.006,0.007,0.035,0.016,0.043,0.019,0.011,0.026,0.006,0.011,0.009,0.019,0.007,0.008,0.018,0.005,0.014,0.005,0.009,0.017,0.006,0.024,0.009,0.000,0.014,0.016,0.042,0.004,0.006,0.020,0.036,0.024,0.008,0.010,0.028,0.021,0.003,0.019,0.030,0.035,0.004,0.018,0.017,0.004,0.010,0.012,0.028,0.011,0.016,0.024,0.005,0.005,0.024,0.037,0.011,0.028,0.016,0.012,0.012,0.029,0.006,0.042,0.010,0.013,0.022,0.037,0.014,0.010,0.025,0.014,0.017,0.012,0.059,0.031,0.007,0.008,0.007,0.065,0.172,0.014,0.041,0.014,0.009,0.005,0.023,0.006,0.015,0.032,0.034,0.056,0.035,0.014,0.012,0.019,0.003,0.028,0.007,0.005,0.019,0.011,0.015,0.011,0.004,0.004,0.010,0.010,0.003,0.023,0.005,0.010,0.023,0.010,0.013,0.006,0.004,0.013,0.010,0.004,0.031,0.021,0.007,0.016,0.020,0.016,0.023,0.039,0.004,0.003,0.020,0.038,0.023,0.026,0.028,0.013,0.010,0.035,0.040,0.008,0.004,0.013,0.005,0.001,0.002,0.008,0.010,0.007,0.012,0.041,0.019,0.046,0.031,0.010,0.014,0.005,0.011,0.010,0.011,0.009,0.010,0.013,0.007,0.010,0.011,0.013,0.014,0.006,0.007,0.006,0.065,0.021,0.009,0.027,0.039,0.017,0.035,0.014,0.011,0.018,0.017,0.012,0.014,0.023,0.013,0.018,0.004,0.019,0.021,0.011,0.007,0.007,0.009,0.026,0.007,0.015,0.016,0.012,0.010,0.019,0.007,0.019,0.009,0.004,0.017,0.010,0.013,0.006,0.018,0.012,0.010,0.010,0.017,0.008,0.037,0.007,0.020,0.013,0.044,0.021,0.010,0.009,0.013,0.021,0.008,0.011,0.015,0.006,0.028,0.017,0.029,0.018,0.048,0.032,0.011,0.034,0.052,0.027,0.038,0.019,0.031,0.074,0.017,0.051,0.038,0.012
LP6005519-DNA_D06,0.029,0.074,0.090,0.079,0.062,0.078,0.071,0.060,0.095,0.070,0.115,0.085,0.051,0.107,0.065,0.086,0.032,0.101,0.071,0.091,0.067,0.075,0.060,0.130,0.111,0.073,0.075,0.094,0.062,0.021,0.041,0.068,0.097,0.086,0.100,0.086,0.051,0.046,0.060,0.085,0.100,0.122,0.074,0.040,0.046,0.054,0.104,0.087,0.063,0.067,0.057,0.053,0.076,0.053,0.052,0.052,0.043,0.043,0.048,0.045,0.029,0.038,0.031,0.081,0.085,0.082,0.084,0.080,0.072,0.083,0.075,0.084,0.098,0.056,0.067,0.096,0.097,0.100,0.105,0.076,0.086,0.073,0.074,0.024,0.072,0.026,0.006,0.062,0.135,0.033,0.052,0.058,0.031,0.013,0.078,0.116,0.040,0.059,0.020,0.028,0.033,0.099,0.047,0.027,0.069,0.026,0.034,0.022,0.012,0.051,0.031,0.118,0.057,0.050,0.011,0.061,0.028,0.026,0.035,0.061,0.009,0.018,0.033,0.010,0.060,0.048,0.058,0.016,0.036,0.062,0.046,0.028,0.075,0.046,0.092,0.041,0.086,0.016,0.100,0.096,0.046,0.043,0.003,0.025,0.052,0.032,0.046,0.038,0.058,0.072,0.009,0.026,0.019,0.020,0.037,0.022,0.018,0.039,0.038,0.043,0.023,0.075,0.037,0.039,0.055,0.017,0.014,0.033,0.015,0.037,0.071,0.018,0.099,0.038,0.006,0.027,0.033,0.013,0.046,0.023,0.109,0.031,0.045,0.044,0.045,0.019,0.053,0.045,0.033,0.031,0.004,0.018,0.054,0.041,0.059,0.024,0.032,0.032,0.046,0.044,0.085,0.085,0.025,0.021,0.075,0.045,0.069,0.092,0.036,0.092,0.075,0.008,0.076,0.059,0.022,0.071,0.026,0.082,0.084,0.081,0.054,0.074,0.018,0.070,0.076,0.033,0.011,0.084,0.060,0.032,0.052,0.080,0.076,0.046,0.071,0.060,0.032,0.057,0.071,0.042,0.071,0.047,0.033,0.054,0.021,0.043,0.068,0.051,0.060,0.043,0.052,0.051,0.073,0.072,0.062,0.009,0.053,0.045,0.063,0.036,0.027,0.050,0.090,0.031,0.019,0.086,0.035,0.049,0.014,0.101,0.080,0.018,0.059,0.033,0.110,0.029,0.040,0.084,0.052,0.026,0.073,0.078,0.009,0.021,0.049,0.043,0.025,0.042,0.002,0.018,0.025,0.039,0.056,0.053,0.096,0.030,0.017,0.028,0.048,0.011,0.067,0.053,0.018,0.019,0.071,0.005,0.082,0.016,0.008,0.058,0.056,0.027,0.053,0.015,0.091,0.043,0.069,0.017,0.028,0.039,0.019,0.026,0.047,0.024,0.027,0.062,0.054,0.069,0.057,0.051,0.045,0.072,0.029,0.034,0.074,0.075,0.081,0.078,0.036,0.055,0.046,0.067,0.041,0.037,0.037,0.089,0.050,0.054,0.074,0.097,0.150,0.092,0.071,0.069,0.085,0.098,0.070,0.064,0.034,0.103,0.047,0.059,0.066,0.084,0.060,0.088,0.041,0.091,0.053,0.074,0.091,0.046,0.076,0.072,0.070,0.112,0.080,0.069,0.085,0.079,0.108,0.045,0.078,0.033,0.125,0.079,0.082,0.078,0.060,0.096,0.089,0.100,0.130,0.095,0.074,0.102,0.066,0.074,0.082,0.091,0.068,0.062,0.073,0.109,0.066,0.031,0.077,0.024,0.023,0.070,0.037,0.096,0.058,0.073,0.094,0.128,0.121,0.082,0.094,0.084,0.062,0.038,0.070,0.067,0.068,0.045,0.051,0.082,0.066,0.090,0.048,0.036,0.055,0.067,0.074,0.127,0.088,0.032,0.064
LP6005519-DNA_E04,0.036,0.050,0.037,0.069,0.041,0.073,0.045,0.062,0.066,0.048,0.027,0.037,0.039,0.054,0.028,0.050,0.025,0.023,0.043,0.086,0.051,0.029,0.025,0.034,0.054,0.069,0.065,0.075,0.027,0.045,0.022,0.045,0.021,0.048,0.024,0.038,0.047,0.038,0.031,0.032,0.066,0.048,0.051,0.048,0.060,0.048,0.073,0.086,0.081,0.070,0.065,0.090,0.033,0.044,0.082,0.060,0.029,0.094,0.063,0.063,0.058,0.052,0.091,0.061,0.068,0.054,0.049,0.064,0.069,0.068,0.056,0.038,0.056,0.034,0.053,0.041,0.034,0.045,0.017,0.029,0.039,0.040,0.041,0.016,0.056,0.017,0.008,0.051,0.034,0.021,0.030,0.044,0.006,0.032,0.008,0.047,0.083,0.027,0.013,0.027,0.009,0.028,0.015,0.008,0.032,0.019,0.053,0.008,0.020,0.029,0.019,0.029,0.062,0.024,0.032,0.037,0.019,0.044,0.009,0.019,0.010,0.021,0.022,0.020,0.028,0.019,0.026,0.006,0.045,0.039,0.046,0.023,0.023,0.018,0.034,0.027,0.034,0.016,0.036,0.022,0.051,0.006,0.002,0.017,0.072,0.023,0.014,0.013,0.036,0.045,0.004,0.016,0.023,0.076,0.014,0.020,0.016,0.013,0.014,0.014,0.063,0.021,0.020,0.033,0.024,0.034,0.029,0.025,0.027,0.023,0.012,0.014,0.020,0.017,0.009,0.010,0.017,0.008,0.020,0.012,0.039,0.008,0.026,0.024,0.019,0.026,0.030,0.016,0.020,0.017,0.015,0.041,0.015,0.043,0.036,0.031,0.026,0.034,0.034,0.054,0.033,0.027,0.022,0.012,0.051,0.082,0.043,0.022,0.021,0.026,0.013,0.012,0.020,0.061,0.031,0.020,0.011,0.024,0.012,0.054,0.047,0.037,0.026,0.036,0.030,0.040,0.029,0.025,0.047,0.069,0.045,0.020,0.018,0.055,0.059,0.048,0.024,0.027,0.028,0.008,0.034,0.025,0.086,0.049,0.007,0.043,0.023,0.042,0.027,0.035,0.066,0.037,0.046,0.022,0.025,0.012,0.079,0.006,0.016,0.030,0.083,0.036,0.018,0.052,0.049,0.024,0.016,0.056,0.059,0.036,0.033,0.018,0.024,0.062,0.020,0.012,0.038,0.027,0.027,0.047,0.061,0.048,0.052,0.017,0.050,0.029,0.018,0.025,0.033,0.012,0.043,0.016,0.031,0.039,0.022,0.018,0.012,0.015,0.021,0.008,0.024,0.027,0.016,0.014,0.028,0.009,0.022,0.011,0.010,0.030,0.034,0.017,0.022,0.028,0.044,0.041,0.042,0.013,0.012,0.027,0.113,0.012,0.029,0.033,0.030,0.056,0.069,0.061,0.048,0.040,0.060,0.055,0.040,0.030,0.028,0.048,0.026,0.025,0.014,0.048,0.022,0.057,0.100,0.065,0.066,0.083,0.052,0.039,0.013,0.021,0.054,0.059,0.018,0.009,0.045,0.066,0.019,0.031,0.027,0.051,0.045,0.015,0.020,0.070,0.053,0.051,0.072,0.072,0.046,0.051,0.054,0.044,0.013,0.048,0.039,0.046,0.042,0.040,0.046,0.038,0.021,0.028,0.030,0.015,0.047,0.043,0.038,0.043,0.034,0.030,0.041,0.027,0.028,0.013,0.030,0.038,0.039,0.021,0.027,0.029,0.045,0.024,0.036,0.051,0.022,0.018,0.029,0.107,0.005,0.056,0.040,0.083,0.026,0.023,0.044,0.040,0.059,0.046,0.025,0.044,0.038,0.057,0.067,0.076,0.053,0.059,0.098,0.069,0.070,0.130,0.076,0.076,0.062,0.080,0.106,0.068,0.088,0.077,0.027
LP6005519-DNA_E05,0.040,0.042,0.062,0.027,0.057,0.042,0.047,0.044,0.044,0.048,0.030,0.055,0.018,0.067,0.022,0.052,0.039,0.057,0.047,0.055,0.069,0.030,0.035,0.048,0.058,0.054,0.040,0.057,0.029,0.020,0.039,0.040,0.050,0.038,0.050,0.024,0.055,0.026,0.028,0.050,0.069,0.118,0.060,0.051,0.053,0.047,0.039,0.027,0.029,0.042,0.031,0.052,0.061,0.052,0.032,0.035,0.037,0.043,0.037,0.059,0.036,0.050,0.041,0.039,0.028,0.041,0.063,0.053,0.048,0.034,0.040,0.045,0.030,0.060,0.046,0.039,0.029,0.046,0.035,0.020,0.039,0.028,0.016,0.021,0.024,0.013,0.020,0.076,0.025,0.025,0.042,0.025,0.010,0.011,0.016,0.050,0.035,0.030,0.022,0.032,0.024,0.038,0.054,0.020,0.034,0.017,0.012,0.021,0.011,0.024,0.017,0.067,0.053,0.020,0.009,0.031,0.012,0.011,0.008,0.029,0.009,0.020,0.029,0.006,0.030,0.033,0.028,0.008,0.018,0.047,0.043,0.014,0.036,0.046,0.039,0.027,0.041,0.006,0.037,0.029,0.032,0.006,0.000,0.021,0.027,0.006,0.034,0.030,0.040,0.018,0.009,0.013,0.019,0.033,0.015,0.019,0.004,0.018,0.037,0.004,0.040,0.035,0.016,0.011,0.024,0.005,0.011,0.038,0.011,0.013,0.030,0.011,0.040,0.018,0.012,0.019,0.013,0.009,0.032,0.020,0.051,0.017,0.055,0.043,0.039,0.002,0.039,0.031,0.032,0.024,0.007,0.011,0.013,0.042,0.053,0.028,0.020,0.023,0.042,0.038,0.036,0.038,0.017,0.004,0.044,0.036,0.025,0.043,0.035,0.030,0.026,0.028,0.026,0.042,0.008,0.044,0.009,0.034,0.032,0.044,0.031,0.080,0.017,0.029,0.044,0.040,0.007,0.044,0.027,0.034,0.036,0.028,0.035,0.044,0.026,0.028,0.018,0.020,0.036,0.017,0.030,0.049,0.032,0.024,0.020,0.015,0.042,0.028,0.015,0.052,0.052,0.020,0.032,0.034,0.062,0.006,0.053,0.020,0.020,0.022,0.047,0.036,0.037,0.044,0.037,0.041,0.022,0.047,0.049,0.012,0.029,0.012,0.059,0.024,0.033,0.033,0.031,0.048,0.026,0.044,0.032,0.015,0.020,0.038,0.059,0.033,0.014,0.025,0.020,0.016,0.055,0.021,0.037,0.026,0.019,0.006,0.014,0.018,0.044,0.004,0.037,0.033,0.010,0.021,0.020,0.007,0.022,0.012,0.006,0.026,0.022,0.021,0.023,0.015,0.021,0.035,0.031,0.009,0.010,0.031,0.024,0.024,0.046,0.026,0.025,0.043,0.033,0.068,0.034,0.039,0.059,0.032,0.035,0.037,0.044,0.039,0.032,0.039,0.045,0.037,0.026,0.058,0.032,0.015,0.044,0.047,0.037,0.026,0.017,0.034,0.049,0.048,0.057,0.029,0.024,0.052,0.027,0.045,0.013,0.058,0.034,0.023,0.031,0.053,0.037,0.065,0.034,0.028,0.018,0.016,0.056,0.041,0.027,0.032,0.051,0.049,0.051,0.033,0.048,0.038,0.021,0.035,0.011,0.028,0.053,0.047,0.041,0.096,0.048,0.042,0.026,0.049,0.031,0.027,0.044,0.029,0.031,0.043,0.045,0.029,0.055,0.028,0.037,0.050,0.033,0.015,0.050,0.053,0.005,0.015,0.023,0.086,0.023,0.040,0.052,0.074,0.074,0.056,0.054,0.046,0.029,0.043,0.041,0.053,0.032,0.042,0.041,0.037,0.030,0.048,0.024,0.056,0.032,0.037,0.050,0.045,0.036,0.023,0.031
LP6005519-DNA_E06,0.110,0.089,0.132,0.069,0.085,0.126,0.131,0.087,0.105,0.072,0.044,0.113,0.116,0.112,0.105,0.141,0.114,0.091,0.135,0.099,0.122,0.097,0.105,0.084,0.082,0.088,0.061,0.094,0.121,0.066,0.076,0.070,0.100,0.126,0.093,0.095,0.039,0.078,0.120,0.087,0.171,0.119,0.083,0.101,0.070,0.083,0.115,0.081,0.079,0.070,0.086,0.086,0.094,0.099,0.107,0.074,0.116,0.074,0.088,0.093,0.076,0.118,0.077,0.070,0.106,0.094,0.103,0.092,0.096,0.148,0.130,0.097,0.109,0.090,0.097,0.121,0.159,0.096,0.110,0.104,0.097,0.079,0.099,0.020,0.115,0.016,0.005,0.090,0.091,0.032,0.073,0.043,0.009,0.027,0.050,0.080,0.087,0.074,0.035,0.032,0.020,0.122,0.087,0.018,0.095,0.031,0.017,0.013,0.022,0.046,0.037,0.131,0.095,0.103,0.021,0.083,0.031,0.025,0.012,0.078,0.011,0.033,0.059,0.018,0.080,0.081,0.075,0.028,0.025,0.061,0.043,0.028,0.057,0.087,0.065,0.082,0.098,0.018,0.079,0.080,0.060,0.012,0.011,0.034,0.028,0.030,0.071,0.096,0.090,0.046,0.006,0.003,0.049,0.022,0.013,0.025,0.027,0.035,0.024,0.015,0.027,0.069,0.022,0.028,0.077,0.011,0.031,0.022,0.004,0.037,0.099,0.026,0.081,0.089,0.006,0.015,0.025,0.019,0.059,0.013,0.114,0.022,0.079,0.073,0.062,0.014,0.036,0.049,0.069,0.021,0.013,0.026,0.036,0.034,0.114,0.059,0.035,0.017,0.081,0.031,0.058,0.077,0.050,0.010,0.089,0.070,0.049,0.095,0.087,0.053,0.093,0.017,0.091,0.071,0.015,0.076,0.054,0.085,0.099,0.075,0.110,0.068,0.011,0.092,0.070,0.085,0.048,0.079,0.088,0.070,0.079,0.079,0.068,0.098,0.097,0.099,0.017,0.050,0.080,0.061,0.033,0.069,0.064,0.075,0.021,0.060,0.135,0.087,0.031,0.076,0.083,0.050,0.046,0.063,0.072,0.016,0.095,0.036,0.041,0.019,0.023,0.095,0.050,0.040,0.025,0.057,0.028,0.070,0.006,0.107,0.059,0.022,0.022,0.014,0.076,0.029,0.060,0.167,0.037,0.018,0.173,0.077,0.038,0.070,0.038,0.013,0.027,0.029,0.030,0.015,0.025,0.034,0.076,0.029,0.056,0.013,0.018,0.017,0.091,0.029,0.084,0.116,0.008,0.020,0.057,0.019,0.129,0.009,0.010,0.061,0.015,0.031,0.060,0.018,0.054,0.038,0.054,0.007,0.012,0.028,0.034,0.034,0.054,0.019,0.031,0.117,0.086,0.076,0.104,0.100,0.116,0.103,0.060,0.074,0.108,0.154,0.099,0.082,0.109,0.074,0.114,0.104,0.114,0.078,0.082,0.095,0.066,0.095,0.102,0.135,0.106,0.138,0.164,0.101,0.110,0.101,0.105,0.096,0.039,0.107,0.136,0.137,0.157,0.100,0.152,0.072,0.070,0.084,0.082,0.076,0.121,0.068,0.086,0.136,0.086,0.077,0.106,0.093,0.107,0.081,0.090,0.050,0.099,0.061,0.085,0.119,0.095,0.118,0.073,0.182,0.137,0.142,0.073,0.127,0.086,0.114,0.066,0.115,0.071,0.095,0.096,0.086,0.077,0.109,0.084,0.030,0.076,0.098,0.015,0.075,0.061,0.103,0.052,0.120,0.106,0.122,0.202,0.092,0.092,0.068,0.115,0.121,0.131,0.105,0.110,0.131,0.100,0.100,0.130,0.060,0.079,0.070,0.089,0.055,0.098,0.082,0.121,0.116,0.111
LP6005519-DNA_F03,0.075,0.109,0.066,0.133,0.088,0.089,0.139,0.074,0.078,0.093,0.078,0.064,0.042,0.089,0.056,0.111,0.052,0.113,0.103,0.122,0.107,0.075,0.038,0.077,0.089,0.067,0.070,0.124,0.048,0.059,0.068,0.055,0.138,0.084,0.112,0.105,0.096,0.116,0.071,0.137,0.099,0.128,0.147,0.129,0.118,0.089,0.084,0.108,0.086,0.107,0.065,0.108,0.062,0.087,0.076,0.118,0.126,0.084,0.101,0.100,0.069,0.082,0.066,0.126,0.093,0.076,0.128,0.139,0.128,0.085,0.095,0.123,0.150,0.092,0.131,0.057,0.086,0.066,0.052,0.072,0.066,0.035,0.027,0.054,0.060,0.045,0.043,0.069,0.121,0.084,0.095,0.107,0.048,0.062,0.013,0.113,0.091,0.148,0.087,0.090,0.032,0.083,0.055,0.120,0.081,0.136,0.027,0.069,0.008,0.194,0.064,0.114,0.108,0.044,0.038,0.143,0.071,0.151,0.056,0.092,0.048,0.033,0.079,0.052,0.068,0.111,0.108,0.048,0.063,0.072,0.080,0.022,0.047,0.105,0.157,0.029,0.131,0.074,0.098,0.074,0.138,0.073,0.033,0.043,0.051,0.040,0.026,0.063,0.121,0.070,0.124,0.035,0.091,0.093,0.087,0.037,0.036,0.056,0.132,0.144,0.063,0.122,0.080,0.072,0.110,0.017,0.068,0.035,0.055,0.070,0.027,0.135,0.097,0.036,0.035,0.041,0.064,0.021,0.042,0.135,0.126,0.177,0.083,0.064,0.050,0.022,0.114,0.035,0.091,0.071,0.036,0.079,0.080,0.090,0.081,0.079,0.079,0.128,0.092,0.211,0.083,0.067,0.133,0.154,0.102,0.102,0.143,0.126,0.076,0.081,0.099,0.046,0.065,0.093,0.055,0.080,0.051,0.075,0.074,0.087,0.081,0.112,0.070,0.041,0.088,0.059,0.030,0.097,0.063,0.077,0.098,0.068,0.110,0.049,0.097,0.071,0.054,0.087,0.082,0.048,0.078,0.067,0.139,0.113,0.055,0.093,0.084,0.069,0.051,0.111,0.088,0.116,0.055,0.104,0.102,0.055,0.102,0.022,0.093,0.068,0.046,0.058,0.074,0.061,0.029,0.096,0.037,0.058,0.048,0.055,0.162,0.036,0.075,0.023,0.109,0.092,0.073,0.104,0.187,0.126,0.115,0.138,0.030,0.161,0.034,0.050,0.039,0.070,0.057,0.047,0.084,0.080,0.039,0.045,0.078,0.082,0.085,0.105,0.078,0.107,0.112,0.075,0.041,0.050,0.029,0.030,0.043,0.059,0.023,0.188,0.075,0.054,0.083,0.041,0.086,0.143,0.111,0.045,0.057,0.088,0.041,0.063,0.107,0.166,0.185,0.093,0.110,0.061,0.069,0.034,0.099,0.090,0.043,0.069,0.097,0.094,0.146,0.070,0.074,0.087,0.100,0.145,0.079,0.079,0.095,0.138,0.094,0.077,0.064,0.093,0.146,0.207,0.102,0.044,0.121,0.157,0.021,0.058,0.072,0.099,0.111,0.035,0.035,0.119,0.058,0.168,0.068,0.098,0.098,0.056,0.121,0.019,0.040,0.102,0.099,0.099,0.083,0.113,0.101,0.103,0.060,0.061,0.034,0.048,0.101,0.068,0.144,0.140,0.041,0.074,0.056,0.077,0.060,0.080,0.091,0.076,0.086,0.051,0.105,0.098,0.140,0.070,0.090,0.142,0.075,0.054,0.082,0.101,0.043,0.118,0.053,0.109,0.042,0.105,0.089,0.144,0.084,0.174,0.124,0.097,0.065,0.098,0.079,0.069,0.085,0.103,0.102,0.065,0.075,0.087,0.040,0.079,0.034,0.053,0.102,0.069,0.082,0.059,0.067
LP6005519-DNA_F04,0.026,0.086,0.055,0.026,0.092,0.016,0.031,0.026,0.025,0.038,0.044,0.025,0.042,0.031,0.020,0.073,0.023,0.080,0.027,0.051,0.021,0.033,0.024,0.031,0.023,0.031,0.028,0.040,0.023,0.041,0.036,0.008,0.047,0.055,0.023,0.022,0.016,0.029,0.020,0.034,0.099,0.038,0.057,0.050,0.031,0.042,0.031,0.015,0.029,0.044,0.018,0.035,0.022,0.054,0.039,0.039,0.036,0.049,0.039,0.039,0.024,0.044,0.034,0.035,0.034,0.019,0.037,0.032,0.055,0.083,0.042,0.040,0.012,0.033,0.032,0.026,0.025,0.038,0.020,0.018,0.026,0.049,0.039,0.019,0.040,0.017,0.008,0.054,0.022,0.024,0.038,0.035,0.018,0.037,0.019,0.050,0.066,0.013,0.028,0.023,0.028,0.019,0.017,0.042,0.022,0.050,0.030,0.018,0.028,0.053,0.010,0.015,0.045,0.018,0.034,0.035,0.027,0.043,0.022,0.025,0.028,0.029,0.031,0.048,0.042,0.019,0.027,0.013,0.066,0.020,0.051,0.052,0.023,0.036,0.115,0.033,0.022,0.024,0.019,0.049,0.078,0.008,0.004,0.012,0.035,0.041,0.016,0.017,0.036,0.024,0.027,0.025,0.020,0.036,0.024,0.013,0.022,0.059,0.006,0.053,0.038,0.029,0.008,0.042,0.060,0.031,0.032,0.119,0.030,0.030,0.009,0.051,0.021,0.018,0.010,0.015,0.026,0.012,0.015,0.042,0.035,0.023,0.024,0.048,0.028,0.037,0.014,0.021,0.014,0.024,0.017,0.057,0.014,0.050,0.036,0.026,0.023,0.065,0.023,0.126,0.046,0.016,0.058,0.042,0.046,0.037,0.032,0.031,0.008,0.051,0.033,0.012,0.022,0.028,0.046,0.010,0.034,0.027,0.019,0.041,0.037,0.124,0.036,0.017,0.028,0.050,0.066,0.017,0.032,0.022,0.045,0.013,0.017,0.051,0.028,0.041,0.048,0.034,0.021,0.015,0.017,0.041,0.037,0.031,0.010,0.045,0.015,0.041,0.028,0.019,0.053,0.029,0.033,0.034,0.030,0.012,0.098,0.021,0.027,0.052,0.054,0.025,0.033,0.057,0.048,0.036,0.014,0.061,0.028,0.019,0.017,0.022,0.047,0.040,0.023,0.059,0.070,0.022,0.049,0.009,0.028,0.041,0.045,0.074,0.068,0.073,0.033,0.043,0.015,0.018,0.041,0.018,0.026,0.052,0.019,0.032,0.005,0.027,0.020,0.050,0.015,0.053,0.022,0.006,0.045,0.029,0.015,0.018,0.008,0.047,0.056,0.026,0.035,0.057,0.036,0.019,0.068,0.030,0.021,0.019,0.054,0.013,0.015,0.070,0.043,0.029,0.042,0.047,0.062,0.027,0.054,0.047,0.023,0.021,0.019,0.037,0.019,0.043,0.025,0.022,0.015,0.036,0.035,0.042,0.034,0.085,0.045,0.019,0.018,0.029,0.033,0.031,0.016,0.010,0.030,0.031,0.040,0.018,0.006,0.039,0.044,0.026,0.018,0.109,0.035,0.034,0.027,0.047,0.036,0.027,0.042,0.034,0.031,0.054,0.023,0.043,0.025,0.029,0.014,0.036,0.035,0.031,0.030,0.019,0.037,0.027,0.021,0.017,0.032,0.023,0.020,0.046,0.016,0.021,0.027,0.020,0.022,0.014,0.018,0.023,0.033,0.015,0.052,0.022,0.018,0.014,0.035,0.133,0.016,0.040,0.027,0.051,0.028,0.018,0.023,0.018,0.039,0.023,0.019,0.023,0.051,0.021,0.027,0.030,0.031,0.031,0.053,0.037,0.030,0.043,0.045,0.035,0.026,0.034,0.043,0.043,0.027,0.018,0.039
LP6005519-DNA_F06,0.058,0.079,0.113,0.060,0.053,0.085,0.090,0.063,0.070,0.065,0.072,0.070,0.046,0.083,0.055,0.068,0.055,0.071,0.063,0.088,0.072,0.072,0.079,0.093,0.066,0.092,0.075,0.100,0.044,0.045,0.050,0.064,0.090,0.073,0.107,0.123,0.053,0.081,0.087,0.065,0.124,0.073,0.063,0.020,0.070,0.061,0.060,0.082,0.060,0.059,0.057,0.049,0.088,0.074,0.086,0.094,0.087,0.083,0.096,0.089,0.066,0.059,0.084,0.043,0.048,0.105,0.092,0.114,0.071,0.118,0.122,0.071,0.174,0.086,0.065,0.088,0.131,0.076,0.110,0.087,0.106,0.057,0.047,0.016,0.047,0.008,0.010,0.077,0.056,0.009,0.041,0.049,0.007,0.009,0.054,0.070,0.079,0.050,0.015,0.006,0.009,0.068,0.028,0.008,0.077,0.013,0.013,0.001,0.012,0.014,0.032,0.076,0.097,0.033,0.009,0.126,0.023,0.027,0.004,0.097,0.005,0.020,0.030,0.005,0.045,0.029,0.048,0.004,0.032,0.049,0.028,0.013,0.047,0.053,0.058,0.059,0.080,0.010,0.046,0.044,0.072,0.001,0.003,0.021,0.032,0.010,0.024,0.074,0.051,0.047,0.004,0.008,0.023,0.005,0.015,0.016,0.011,0.019,0.008,0.006,0.020,0.059,0.010,0.013,0.045,0.010,0.007,0.018,0.007,0.011,0.050,0.007,0.057,0.050,0.005,0.005,0.015,0.022,0.051,0.005,0.098,0.013,0.062,0.045,0.061,0.012,0.023,0.024,0.053,0.006,0.010,0.034,0.028,0.025,0.072,0.091,0.020,0.020,0.044,0.032,0.038,0.079,0.027,0.009,0.073,0.071,0.074,0.079,0.040,0.055,0.045,0.006,0.077,0.079,0.011,0.078,0.018,0.056,0.113,0.089,0.122,0.029,0.007,0.092,0.051,0.042,0.035,0.059,0.086,0.055,0.053,0.040,0.033,0.094,0.069,0.084,0.015,0.055,0.051,0.022,0.019,0.022,0.047,0.055,0.011,0.061,0.093,0.068,0.029,0.082,0.057,0.077,0.090,0.049,0.042,0.009,0.105,0.020,0.049,0.019,0.038,0.105,0.044,0.036,0.022,0.051,0.024,0.038,0.009,0.095,0.061,0.016,0.021,0.010,0.050,0.059,0.034,0.151,0.030,0.023,0.157,0.084,0.007,0.026,0.038,0.028,0.011,0.017,0.011,0.004,0.017,0.037,0.054,0.024,0.058,0.007,0.012,0.004,0.062,0.004,0.055,0.054,0.008,0.011,0.060,0.000,0.058,0.005,0.010,0.022,0.020,0.006,0.033,0.011,0.066,0.075,0.064,0.008,0.009,0.015,0.007,0.020,0.033,0.013,0.010,0.115,0.065,0.044,0.061,0.069,0.061,0.070,0.030,0.063,0.063,0.064,0.053,0.054,0.066,0.085,0.051,0.062,0.103,0.049,0.045,0.117,0.073,0.034,0.082,0.090,0.122,0.104,0.068,0.061,0.102,0.189,0.082,0.076,0.070,0.088,0.134,0.077,0.107,0.070,0.085,0.051,0.046,0.089,0.053,0.076,0.102,0.077,0.043,0.119,0.056,0.094,0.079,0.091,0.086,0.055,0.115,0.082,0.039,0.066,0.083,0.083,0.109,0.103,0.071,0.190,0.090,0.102,0.069,0.119,0.103,0.097,0.091,0.062,0.056,0.104,0.075,0.047,0.040,0.118,0.078,0.015,0.065,0.084,0.009,0.053,0.047,0.044,0.029,0.124,0.084,0.107,0.179,0.115,0.058,0.084,0.080,0.130,0.063,0.110,0.087,0.100,0.048,0.081,0.040,0.091,0.054,0.032,0.062,0.091,0.067,0.047,0.086,0.055,0.052
LP6005519-DNA_G02,0.083,0.148,0.157,0.129,0.041,0.090,0.138,0.061,0.056,0.067,0.077,0.089,0.088,0.121,0.060,0.072,0.096,0.151,0.095,0.091,0.044,0.103,0.086,0.075,0.104,0.073,0.041,0.149,0.073,0.074,0.056,0.052,0.118,0.108,0.123,0.151,0.103,0.137,0.061,0.150,0.101,0.062,0.061,0.106,0.068,0.054,0.109,0.146,0.096,0.064,0.110,0.092,0.085,0.063,0.113,0.158,0.073,0.094,0.089,0.075,0.094,0.061,0.052,0.078,0.077,0.087,0.067,0.182,0.109,0.136,0.087,0.067,0.111,0.040,0.095,0.068,0.073,0.074,0.081,0.102,0.071,0.093,0.046,0.050,0.099,0.044,0.024,0.068,0.305,0.061,0.071,0.264,0.064,0.072,0.073,0.138,0.132,0.260,0.046,0.015,0.057,0.147,0.065,0.018,0.083,0.078,0.070,0.020,0.065,0.105,0.045,0.128,0.161,0.094,0.048,0.145,0.060,0.046,0.035,0.098,0.045,0.039,0.116,0.069,0.069,0.098,0.208,0.049,0.104,0.051,0.108,0.048,0.111,0.132,0.295,0.131,0.111,0.044,0.116,0.271,0.287,0.003,0.020,0.046,0.052,0.078,0.069,0.084,0.302,0.280,0.035,0.013,0.073,0.031,0.037,0.031,0.064,0.123,0.030,0.055,0.029,0.072,0.023,0.075,0.210,0.054,0.022,0.099,0.062,0.057,0.062,0.071,0.143,0.079,0.017,0.024,0.027,0.039,0.092,0.035,0.115,0.029,0.086,0.128,0.079,0.039,0.036,0.058,0.084,0.034,0.045,0.120,0.055,0.058,0.103,0.125,0.035,0.080,0.177,0.081,0.163,0.091,0.118,0.042,0.076,0.062,0.266,0.124,0.101,0.171,0.143,0.029,0.122,0.076,0.044,0.050,0.139,0.184,0.107,0.052,0.063,0.116,0.020,0.147,0.153,0.137,0.119,0.151,0.090,0.093,0.112,0.105,0.089,0.074,0.098,0.080,0.052,0.278,0.115,0.088,0.122,0.175,0.050,0.059,0.030,0.234,0.146,0.184,0.079,0.153,0.069,0.311,0.101,0.153,0.140,0.047,0.053,0.173,0.208,0.040,0.055,0.097,0.259,0.065,0.037,0.112,0.031,0.117,0.022,0.111,0.268,0.024,0.021,0.047,0.126,0.094,0.028,0.135,0.081,0.066,0.179,0.264,0.076,0.039,0.047,0.041,0.058,0.063,0.070,0.024,0.053,0.063,0.083,0.078,0.120,0.055,0.051,0.017,0.069,0.069,0.084,0.138,0.036,0.023,0.116,0.055,0.101,0.029,0.009,0.062,0.059,0.107,0.094,0.101,0.259,0.229,0.298,0.078,0.033,0.027,0.038,0.045,0.065,0.029,0.067,0.115,0.111,0.094,0.059,0.040,0.067,0.086,0.076,0.046,0.105,0.137,0.149,0.075,0.137,0.118,0.136,0.091,0.098,0.075,0.061,0.058,0.122,0.096,0.113,0.099,0.171,0.127,0.093,0.083,0.125,0.165,0.051,0.061,0.077,0.125,0.097,0.091,0.076,0.097,0.041,0.076,0.112,0.087,0.114,0.108,0.133,0.083,0.084,0.181,0.065,0.102,0.079,0.105,0.105,0.054,0.141,0.078,0.118,0.031,0.091,0.091,0.118,0.105,0.071,0.050,0.116,0.073,0.054,0.130,0.075,0.122,0.141,0.116,0.056,0.125,0.105,0.055,0.092,0.138,0.087,0.057,0.148,0.059,0.034,0.294,0.043,0.094,0.206,0.134,0.060,0.134,0.143,0.142,0.079,0.053,0.108,0.105,0.121,0.103,0.117,0.132,0.120,0.109,0.076,0.100,0.101,0.049,0.135,0.072,0.054,0.119,0.082,0.079,0.042
LP6005519-DNA_G03,0.068,0.085,0.038,0.030,0.017,0.053,0.026,0.036,0.045,0.008,0.011,0.058,0.025,0.025,0.062,0.030,0.033,0.021,0.048,0.054,0.039,0.024,0.005,0.011,0.012,0.027,0.033,0.012,0.030,0.016,0.015,0.039,0.026,0.025,0.027,0.035,0.008,0.020,0.014,0.009,0.036,0.051,0.027,0.046,0.028,0.047,0.091,0.080,0.064,0.051,0.091,0.137,0.070,0.062,0.082,0.037,0.026,0.063,0.041,0.071,0.131,0.079,0.086,0.091,0.058,0.127,0.085,0.014,0.055,0.062,0.054,0.019,0.049,0.020,0.021,0.011,0.040,0.012,0.017,0.043,0.005,0.032,0.026,0.008,0.048,0.020,0.001,0.055,0.041,0.017,0.035,0.029,0.010,0.037,0.019,0.009,0.072,0.018,0.031,0.007,0.001,0.005,0.008,0.021,0.006,0.022,0.068,0.023,0.019,0.053,0.017,0.014,0.030,0.030,0.037,0.017,0.027,0.074,0.015,0.008,0.020,0.030,0.066,0.036,0.018,0.027,0.010,0.036,0.067,0.019,0.022,0.029,0.021,0.014,0.027,0.004,0.024,0.025,0.008,0.018,0.013,0.001,0.015,0.007,0.059,0.020,0.008,0.001,0.011,0.011,0.005,0.019,0.033,0.027,0.031,0.016,0.038,0.031,0.019,0.029,0.030,0.018,0.006,0.025,0.074,0.053,0.018,0.064,0.011,0.007,0.027,0.034,0.018,0.003,0.026,0.011,0.015,0.004,0.039,0.009,0.018,0.012,0.027,0.021,0.022,0.017,0.009,0.008,0.014,0.017,0.025,0.024,0.017,0.041,0.032,0.007,0.048,0.027,0.043,0.046,0.015,0.001,0.028,0.012,0.029,0.067,0.024,0.014,0.027,0.009,0.029,0.020,0.020,0.095,0.033,0.004,0.051,0.031,0.004,0.034,0.048,0.041,0.010,0.035,0.031,0.059,0.044,0.021,0.055,0.066,0.016,0.022,0.014,0.034,0.100,0.002,0.012,0.023,0.007,0.021,0.017,0.034,0.061,0.088,0.009,0.021,0.047,0.033,0.022,0.020,0.113,0.017,0.005,0.031,0.031,0.014,0.119,0.030,0.011,0.041,0.067,0.050,0.012,0.075,0.043,0.004,0.008,0.053,0.023,0.025,0.010,0.013,0.038,0.065,0.008,0.068,0.041,0.050,0.013,0.053,0.012,0.059,0.005,0.062,0.027,0.064,0.018,0.044,0.026,0.003,0.032,0.012,0.010,0.021,0.025,0.025,0.025,0.005,0.007,0.034,0.026,0.039,0.026,0.008,0.028,0.027,0.021,0.006,0.008,0.034,0.018,0.022,0.005,0.056,0.029,0.024,0.037,0.040,0.016,0.031,0.088,0.014,0.018,0.020,0.040,0.056,0.089,0.122,0.046,0.028,0.071,0.082,0.023,0.007,0.051,0.059,0.020,0.037,0.046,0.044,0.060,0.034,0.110,0.094,0.066,0.082,0.035,0.037,0.027,0.026,0.033,0.048,0.055,0.027,0.004,0.025,0.021,0.004,0.016,0.022,0.023,0.050,0.022,0.073,0.029,0.062,0.067,0.127,0.074,0.079,0.046,0.004,0.020,0.006,0.028,0.013,0.013,0.021,0.053,0.026,0.058,0.010,0.017,0.041,0.027,0.007,0.005,0.016,0.026,0.013,0.071,0.029,0.010,0.052,0.074,0.035,0.007,0.036,0.027,0.033,0.003,0.023,0.017,0.016,0.017,0.022,0.036,0.143,0.028,0.027,0.014,0.085,0.046,0.021,0.025,0.036,0.021,0.009,0.021,0.026,0.064,0.051,0.093,0.059,0.109,0.080,0.075,0.059,0.057,0.077,0.074,0.012,0.036,0.012,0.064,0.052,0.057,0.064,0.021
LP6005519-DNA_G04,0.047,0.054,0.026,0.040,0.033,0.032,0.057,0.033,0.039,0.031,0.027,0.049,0.019,0.039,0.042,0.035,0.031,0.040,0.054,0.041,0.058,0.048,0.019,0.036,0.039,0.058,0.022,0.029,0.036,0.026,0.022,0.032,0.064,0.047,0.031,0.041,0.006,0.031,0.025,0.012,0.040,0.024,0.070,0.022,0.039,0.046,0.053,0.032,0.071,0.042,0.062,0.045,0.030,0.036,0.045,0.039,0.023,0.055,0.029,0.046,0.046,0.037,0.030,0.059,0.018,0.057,0.047,0.028,0.029,0.042,0.043,0.048,0.048,0.035,0.079,0.027,0.024,0.038,0.016,0.042,0.030,0.033,0.023,0.016,0.027,0.008,0.020,0.036,0.028,0.020,0.057,0.025,0.019,0.035,0.012,0.026,0.038,0.011,0.049,0.024,0.019,0.044,0.040,0.026,0.027,0.021,0.019,0.020,0.036,0.054,0.026,0.019,0.021,0.017,0.022,0.028,0.026,0.065,0.008,0.033,0.022,0.014,0.034,0.024,0.031,0.015,0.026,0.022,0.012,0.005,0.019,0.033,0.011,0.024,0.052,0.030,0.017,0.022,0.011,0.011,0.028,0.012,0.006,0.015,0.021,0.012,0.045,0.026,0.013,0.022,0.032,0.007,0.034,0.026,0.003,0.016,0.014,0.039,0.021,0.031,0.024,0.023,0.013,0.009,0.040,0.011,0.018,0.062,0.015,0.029,0.028,0.041,0.045,0.014,0.009,0.013,0.017,0.003,0.030,0.030,0.031,0.036,0.016,0.027,0.007,0.008,0.030,0.015,0.039,0.008,0.007,0.015,0.015,0.030,0.016,0.021,0.021,0.028,0.027,0.065,0.021,0.004,0.027,0.041,0.033,0.111,0.013,0.025,0.029,0.007,0.021,0.014,0.016,0.047,0.027,0.005,0.022,0.044,0.016,0.066,0.031,0.044,0.020,0.019,0.008,0.017,0.024,0.021,0.036,0.069,0.043,0.004,0.012,0.016,0.028,0.027,0.017,0.017,0.009,0.013,0.014,0.021,0.051,0.019,0.012,0.031,0.050,0.041,0.007,0.013,0.026,0.025,0.004,0.030,0.014,0.013,0.050,0.034,0.017,0.066,0.028,0.031,0.022,0.018,0.066,0.042,0.036,0.037,0.059,0.053,0.017,0.001,0.039,0.042,0.012,0.017,0.033,0.064,0.055,0.062,0.029,0.020,0.042,0.029,0.023,0.047,0.019,0.020,0.021,0.017,0.030,0.031,0.013,0.017,0.018,0.006,0.010,0.020,0.044,0.067,0.035,0.064,0.009,0.021,0.019,0.015,0.023,0.007,0.011,0.036,0.028,0.012,0.013,0.013,0.014,0.030,0.043,0.000,0.009,0.052,0.049,0.015,0.035,0.039,0.033,0.034,0.063,0.062,0.034,0.070,0.066,0.103,0.045,0.011,0.042,0.041,0.025,0.023,0.014,0.023,0.044,0.050,0.045,0.031,0.045,0.040,0.043,0.025,0.031,0.068,0.028,0.053,0.037,0.022,0.016,0.018,0.029,0.016,0.016,0.036,0.064,0.031,0.050,0.059,0.022,0.038,0.040,0.050,0.025,0.025,0.031,0.016,0.026,0.015,0.033,0.021,0.032,0.040,0.040,0.042,0.041,0.017,0.028,0.033,0.025,0.039,0.029,0.023,0.016,0.011,0.048,0.028,0.020,0.042,0.023,0.026,0.011,0.026,0.023,0.038,0.017,0.031,0.039,0.013,0.015,0.019,0.031,0.041,0.008,0.020,0.048,0.046,0.021,0.035,0.023,0.037,0.023,0.020,0.012,0.034,0.032,0.042,0.086,0.075,0.055,0.058,0.045,0.059,0.063,0.033,0.036,0.045,0.037,0.064,0.048,0.047,0.029,0.064,0.024
LP6005519-DNA_H03,0.023,0.038,0.030,0.053,0.069,0.048,0.059,0.074,0.038,0.052,0.046,0.053,0.033,0.059,0.033,0.029,0.058,0.056,0.020,0.075,0.025,0.025,0.028,0.016,0.017,0.067,0.067,0.056,0.009,0.035,0.012,0.051,0.031,0.040,0.040,0.021,0.031,0.013,0.030,0.047,0.062,0.036,0.044,0.039,0.064,0.034,0.049,0.029,0.065,0.086,0.030,0.023,0.026,0.029,0.020,0.025,0.036,0.039,0.031,0.032,0.020,0.027,0.076,0.033,0.022,0.062,0.027,0.031,0.073,0.052,0.061,0.041,0.056,0.023,0.097,0.027,0.053,0.038,0.034,0.059,0.046,0.080,0.019,0.026,0.089,0.010,0.011,0.054,0.047,0.022,0.048,0.069,0.016,0.028,0.024,0.060,0.074,0.045,0.026,0.030,0.017,0.033,0.012,0.026,0.014,0.025,0.019,0.020,0.021,0.016,0.018,0.021,0.093,0.095,0.007,0.034,0.017,0.018,0.010,0.017,0.018,0.029,0.017,0.023,0.048,0.024,0.095,0.014,0.048,0.036,0.060,0.027,0.041,0.020,0.050,0.039,0.032,0.009,0.061,0.059,0.067,0.001,0.004,0.020,0.063,0.018,0.024,0.017,0.059,0.060,0.006,0.034,0.059,0.044,0.022,0.024,0.017,0.020,0.021,0.016,0.072,0.025,0.014,0.021,0.026,0.027,0.035,0.025,0.019,0.050,0.015,0.017,0.026,0.003,0.014,0.026,0.029,0.015,0.014,0.011,0.054,0.023,0.038,0.034,0.026,0.014,0.016,0.071,0.023,0.015,0.003,0.027,0.007,0.062,0.040,0.015,0.038,0.031,0.022,0.042,0.023,0.050,0.034,0.023,0.046,0.049,0.037,0.030,0.062,0.044,0.022,0.009,0.024,0.056,0.033,0.022,0.017,0.025,0.025,0.045,0.038,0.032,0.028,0.048,0.033,0.047,0.024,0.061,0.037,0.055,0.060,0.061,0.033,0.041,0.057,0.049,0.028,0.024,0.052,0.018,0.056,0.042,0.091,0.038,0.014,0.029,0.057,0.062,0.016,0.010,0.042,0.029,0.051,0.056,0.029,0.012,0.036,0.028,0.038,0.029,0.067,0.020,0.037,0.110,0.072,0.017,0.018,0.064,0.088,0.029,0.049,0.037,0.096,0.086,0.037,0.054,0.078,0.040,0.013,0.059,0.035,0.025,0.023,0.025,0.055,0.055,0.043,0.051,0.016,0.017,0.036,0.022,0.032,0.082,0.021,0.036,0.012,0.025,0.025,0.009,0.027,0.032,0.012,0.007,0.027,0.006,0.071,0.008,0.017,0.027,0.046,0.019,0.034,0.029,0.027,0.073,0.032,0.020,0.013,0.039,0.041,0.012,0.032,0.037,0.029,0.071,0.107,0.066,0.027,0.056,0.046,0.024,0.042,0.026,0.023,0.061,0.020,0.024,0.013,0.022,0.010,0.070,0.075,0.065,0.037,0.076,0.084,0.041,0.016,0.024,0.042,0.041,0.025,0.032,0.047,0.042,0.038,0.009,0.009,0.088,0.037,0.030,0.038,0.039,0.056,0.066,0.055,0.061,0.039,0.057,0.049,0.035,0.020,0.059,0.074,0.050,0.039,0.020,0.018,0.029,0.025,0.062,0.064,0.013,0.066,0.033,0.019,0.021,0.076,0.025,0.024,0.028,0.051,0.023,0.014,0.045,0.069,0.030,0.020,0.024,0.017,0.032,0.022,0.028,0.038,0.018,0.049,0.020,0.016,0.057,0.040,0.049,0.017,0.025,0.025,0.033,0.045,0.020,0.022,0.028,0.097,0.068,0.034,0.031,0.033,0.075,0.041,0.058,0.101,0.093,0.078,0.072,0.056,0.078,0.062,0.060,0.023,0.076,0.044
LP6005519-DNA_H04,0.028,0.045,0.029,0.033,0.019,0.028,0.023,0.032,0.030,0.034,0.039,0.022,0.024,0.025,0.017,0.028,0.021,0.038,0.009,0.028,0.007,0.014,0.015,0.012,0.016,0.022,0.038,0.032,0.026,0.014,0.022,0.004,0.028,0.031,0.024,0.014,0.024,0.020,0.022,0.028,0.042,0.017,0.029,0.023,0.030,0.027,0.021,0.033,0.028,0.036,0.022,0.040,0.040,0.022,0.028,0.033,0.018,0.031,0.042,0.029,0.016,0.032,0.041,0.029,0.024,0.042,0.032,0.029,0.030,0.033,0.032,0.048,0.028,0.038,0.023,0.035,0.026,0.022,0.017,0.018,0.027,0.041,0.009,0.009,0.039,0.001,0.007,0.037,0.017,0.015,0.034,0.031,0.006,0.004,0.013,0.026,0.030,0.017,0.029,0.022,0.022,0.008,0.010,0.050,0.018,0.004,0.019,0.016,0.010,0.013,0.012,0.017,0.017,0.016,0.004,0.021,0.022,0.027,0.007,0.018,0.022,0.027,0.025,0.018,0.025,0.024,0.040,0.010,0.025,0.010,0.016,0.005,0.022,0.034,0.033,0.017,0.032,0.009,0.015,0.025,0.015,0.005,0.003,0.016,0.033,0.002,0.014,0.009,0.019,0.016,0.000,0.017,0.025,0.046,0.032,0.015,0.009,0.029,0.012,0.003,0.033,0.013,0.009,0.005,0.021,0.001,0.013,0.069,0.008,0.031,0.008,0.017,0.025,0.013,0.015,0.025,0.004,0.010,0.013,0.012,0.028,0.020,0.015,0.017,0.007,0.003,0.022,0.028,0.011,0.011,0.003,0.002,0.014,0.037,0.015,0.010,0.028,0.014,0.018,0.066,0.026,0.025,0.016,0.011,0.022,0.018,0.013,0.026,0.036,0.033,0.027,0.006,0.014,0.046,0.006,0.008,0.008,0.030,0.013,0.026,0.031,0.033,0.008,0.011,0.014,0.007,0.002,0.033,0.021,0.017,0.038,0.012,0.008,0.020,0.033,0.016,0.015,0.018,0.032,0.013,0.022,0.015,0.056,0.015,0.006,0.010,0.020,0.034,0.010,0.015,0.032,0.022,0.011,0.017,0.023,0.011,0.025,0.012,0.020,0.061,0.043,0.015,0.030,0.043,0.030,0.022,0.017,0.054,0.049,0.022,0.021,0.014,0.026,0.046,0.029,0.027,0.042,0.011,0.013,0.055,0.026,0.017,0.044,0.043,0.046,0.093,0.017,0.025,0.004,0.003,0.023,0.014,0.009,0.030,0.037,0.010,0.010,0.008,0.018,0.014,0.015,0.010,0.008,0.010,0.026,0.010,0.030,0.015,0.009,0.014,0.021,0.019,0.018,0.025,0.016,0.037,0.024,0.023,0.009,0.052,0.066,0.006,0.013,0.042,0.028,0.023,0.062,0.030,0.029,0.034,0.018,0.019,0.027,0.014,0.015,0.022,0.021,0.015,0.016,0.036,0.023,0.037,0.029,0.020,0.011,0.040,0.030,0.019,0.023,0.033,0.027,0.034,0.015,0.019,0.017,0.024,0.018,0.022,0.013,0.023,0.026,0.012,0.013,0.045,0.026,0.035,0.033,0.024,0.018,0.027,0.026,0.008,0.024,0.017,0.026,0.021,0.017,0.010,0.025,0.019,0.040,0.033,0.022,0.022,0.021,0.023,0.030,0.024,0.031,0.026,0.019,0.020,0.028,0.022,0.024,0.018,0.023,0.023,0.015,0.029,0.012,0.026,0.019,0.021,0.020,0.011,0.016,0.024,0.022,0.021,0.030,0.029,0.017,0.020,0.013,0.016,0.023,0.014,0.023,0.017,0.030,0.028,0.024,0.039,0.023,0.032,0.024,0.028,0.044,0.035,0.028,0.022,0.025,0.034,0.039,0.032,0.024,0.029,0.025
LP6005592-DNA_A02,0.021,0.052,0.089,0.022,0.063,0.062,0.081,0.027,0.107,0.064,0.068,0.042,0.109,0.059,0.076,0.042,0.077,0.131,0.018,0.084,0.053,0.047,0.062,0.026,0.012,0.032,0.017,0.095,0.017,0.051,0.015,0.061,0.055,0.043,0.049,0.012,0.041,0.010,0.029,0.031,0.068,0.077,0.091,0.079,0.043,0.091,0.054,0.043,0.073,0.076,0.048,0.052,0.042,0.036,0.057,0.083,0.048,0.061,0.088,0.051,0.042,0.077,0.021,0.091,0.059,0.089,0.058,0.070,0.063,0.071,0.070,0.035,0.061,0.053,0.053,0.082,0.006,0.045,0.066,0.028,0.047,0.027,0.038,0.057,0.075,0.040,0.055,0.064,0.110,0.072,0.044,0.085,0.050,0.126,0.005,0.075,0.075,0.152,0.081,0.072,0.017,0.051,0.051,0.020,0.031,0.112,0.047,0.049,0.049,0.091,0.082,0.042,0.066,0.033,0.044,0.077,0.085,0.040,0.065,0.055,0.069,0.045,0.081,0.050,0.052,0.059,0.130,0.019,0.067,0.020,0.154,0.114,0.054,0.060,0.106,0.035,0.050,0.052,0.067,0.132,0.072,0.011,0.011,0.076,0.067,0.118,0.068,0.023,0.127,0.081,0.015,0.061,0.084,0.055,0.075,0.079,0.036,0.034,0.039,0.123,0.083,0.022,0.043,0.062,0.115,0.080,0.074,0.078,0.031,0.066,0.005,0.042,0.025,0.014,0.006,0.079,0.084,0.062,0.007,0.033,0.066,0.065,0.087,0.056,0.048,0.099,0.056,0.099,0.067,0.036,0.045,0.127,0.042,0.107,0.016,0.045,0.088,0.077,0.090,0.068,0.064,0.038,0.061,0.063,0.058,0.063,0.085,0.033,0.095,0.071,0.084,0.117,0.019,0.056,0.096,0.039,0.095,0.056,0.020,0.061,0.088,0.092,0.089,0.063,0.110,0.078,0.111,0.089,0.049,0.050,0.116,0.062,0.103,0.088,0.059,0.074,0.108,0.053,0.031,0.076,0.086,0.118,0.088,0.069,0.012,0.068,0.049,0.115,0.078,0.011,0.118,0.120,0.055,0.118,0.107,0.042,0.068,0.082,0.081,0.048,0.074,0.055,0.083,0.050,0.070,0.025,0.020,0.113,0.050,0.022,0.069,0.016,0.038,0.055,0.053,0.051,0.049,0.074,0.039,0.071,0.029,0.082,0.033,0.055,0.112,0.056,0.056,0.090,0.095,0.082,0.054,0.099,0.079,0.127,0.018,0.100,0.039,0.082,0.078,0.067,0.098,0.080,0.050,0.025,0.077,0.051,0.078,0.048,0.032,0.007,0.070,0.105,0.107,0.139,0.106,0.115,0.120,0.039,0.076,0.030,0.064,0.046,0.057,0.008,0.070,0.069,0.100,0.103,0.066,0.049,0.093,0.052,0.063,0.089,0.058,0.077,0.046,0.061,0.056,0.057,0.027,0.083,0.056,0.085,0.082,0.088,0.089,0.026,0.039,0.027,0.047,0.057,0.065,0.076,0.102,0.024,0.019,0.024,0.011,0.069,0.026,0.006,0.025,0.080,0.069,0.100,0.063,0.116,0.103,0.050,0.053,0.065,0.073,0.090,0.034,0.041,0.083,0.051,0.023,0.074,0.019,0.014,0.059,0.023,0.131,0.073,0.018,0.052,0.063,0.079,0.040,0.024,0.033,0.012,0.011,0.063,0.016,0.036,0.018,0.035,0.016,0.055,0.029,0.036,0.062,0.075,0.076,0.084,0.055,0.161,0.047,0.132,0.051,0.007,0.038,0.058,0.037,0.040,0.029,0.025,0.129,0.087,0.074,0.071,0.044,0.114,0.097,0.061,0.070,0.068,0.110,0.090,0.065,0.038,0.070,0.089,0.022,0.023,0.076
LP6005592-DNA_A04,0.045,0.040,0.076,0.020,0.052,0.055,0.060,0.028,0.029,0.038,0.039,0.018,0.059,0.033,0.040,0.012,0.034,0.077,0.011,0.064,0.030,0.044,0.025,0.026,0.016,0.047,0.026,0.048,0.030,0.036,0.025,0.038,0.050,0.036,0.016,0.012,0.047,0.021,0.047,0.050,0.067,0.065,0.073,0.075,0.053,0.079,0.057,0.086,0.067,0.062,0.086,0.042,0.080,0.099,0.040,0.069,0.099,0.077,0.064,0.038,0.037,0.109,0.037,0.059,0.044,0.048,0.072,0.036,0.072,0.055,0.034,0.061,0.032,0.057,0.058,0.052,0.073,0.027,0.024,0.041,0.019,0.016,0.053,0.027,0.054,0.031,0.041,0.067,0.058,0.029,0.047,0.040,0.029,0.025,0.032,0.049,0.056,0.052,0.019,0.048,0.006,0.023,0.055,0.020,0.027,0.048,0.019,0.018,0.012,0.012,0.025,0.059,0.034,0.019,0.006,0.067,0.052,0.020,0.020,0.038,0.043,0.050,0.019,0.042,0.017,0.025,0.075,0.033,0.046,0.049,0.069,0.062,0.029,0.037,0.069,0.038,0.066,0.011,0.048,0.106,0.051,0.008,0.020,0.025,0.063,0.053,0.030,0.018,0.087,0.040,0.020,0.058,0.060,0.071,0.018,0.009,0.041,0.048,0.035,0.046,0.027,0.062,0.012,0.027,0.063,0.037,0.053,0.018,0.022,0.049,0.015,0.032,0.032,0.009,0.012,0.044,0.028,0.012,0.014,0.011,0.054,0.033,0.065,0.007,0.031,0.063,0.024,0.073,0.039,0.026,0.019,0.054,0.031,0.082,0.085,0.031,0.055,0.036,0.039,0.070,0.017,0.013,0.028,0.065,0.038,0.061,0.073,0.052,0.037,0.044,0.022,0.024,0.034,0.069,0.035,0.031,0.069,0.037,0.013,0.076,0.107,0.061,0.043,0.018,0.031,0.035,0.008,0.064,0.077,0.053,0.052,0.047,0.048,0.048,0.037,0.027,0.056,0.080,0.058,0.032,0.024,0.056,0.103,0.065,0.008,0.057,0.045,0.056,0.031,0.066,0.075,0.035,0.022,0.087,0.052,0.044,0.048,0.045,0.049,0.036,0.062,0.025,0.090,0.053,0.034,0.023,0.024,0.052,0.043,0.020,0.071,0.022,0.063,0.032,0.051,0.041,0.063,0.048,0.042,0.060,0.027,0.056,0.052,0.036,0.079,0.050,0.057,0.079,0.026,0.047,0.039,0.030,0.027,0.042,0.015,0.063,0.029,0.065,0.072,0.042,0.034,0.062,0.018,0.024,0.041,0.035,0.029,0.031,0.005,0.011,0.050,0.053,0.056,0.022,0.045,0.044,0.047,0.035,0.005,0.082,0.021,0.026,0.060,0.056,0.051,0.051,0.062,0.110,0.072,0.059,0.069,0.042,0.075,0.017,0.063,0.059,0.023,0.033,0.007,0.031,0.013,0.058,0.048,0.087,0.058,0.080,0.066,0.049,0.036,0.020,0.017,0.063,0.017,0.038,0.062,0.025,0.008,0.012,0.010,0.031,0.017,0.015,0.019,0.082,0.035,0.132,0.055,0.106,0.074,0.071,0.080,0.081,0.022,0.068,0.016,0.057,0.036,0.025,0.046,0.033,0.041,0.013,0.043,0.014,0.069,0.028,0.036,0.028,0.040,0.021,0.019,0.066,0.034,0.017,0.017,0.026,0.030,0.079,0.035,0.042,0.011,0.034,0.017,0.046,0.035,0.026,0.038,0.095,0.051,0.096,0.075,0.114,0.056,0.036,0.035,0.030,0.029,0.044,0.035,0.032,0.055,0.038,0.080,0.057,0.068,0.066,0.074,0.078,0.047,0.091,0.073,0.067,0.022,0.013,0.086,0.057,0.055,0.022,0.066
LP6005592-DNA_B01,0.070,0.010,0.075,0.135,0.029,0.054,0.071,0.087,0.147,0.040,0.047,0.093,0.078,0.078,0.063,0.118,0.105,0.107,0.058,0.106,0.068,0.051,0.036,0.078,0.020,0.082,0.040,0.066,0.060,0.053,0.065,0.098,0.055,0.071,0.100,0.079,0.006,0.041,0.040,0.044,0.071,0.111,0.080,0.044,0.070,0.076,0.099,0.111,0.103,0.080,0.071,0.032,0.047,0.032,0.180,0.097,0.112,0.149,0.046,0.110,0.091,0.020,0.078,0.135,0.123,0.102,0.036,0.103,0.068,0.121,0.077,0.084,0.105,0.060,0.068,0.035,0.011,0.055,0.043,0.038,0.030,0.019,0.010,0.088,0.042,0.142,0.096,0.088,0.138,0.115,0.081,0.088,0.092,0.191,0.030,0.062,0.175,0.090,0.069,0.093,0.039,0.060,0.066,0.033,0.048,0.111,0.074,0.047,0.070,0.148,0.083,0.060,0.046,0.053,0.141,0.102,0.093,0.064,0.099,0.100,0.090,0.052,0.069,0.139,0.045,0.024,0.128,0.061,0.088,0.011,0.127,0.088,0.071,0.085,0.183,0.025,0.028,0.126,0.086,0.107,0.062,0.042,0.054,0.144,0.083,0.103,0.063,0.058,0.124,0.124,0.018,0.031,0.145,0.067,0.032,0.123,0.050,0.072,0.118,0.131,0.118,0.055,0.136,0.143,0.090,0.133,0.083,0.094,0.138,0.026,0.049,0.053,0.091,0.013,0.031,0.093,0.114,0.063,0.088,0.053,0.079,0.073,0.045,0.131,0.032,0.122,0.194,0.064,0.067,0.060,0.126,0.119,0.067,0.107,0.012,0.107,0.137,0.161,0.134,0.085,0.057,0.048,0.117,0.078,0.081,0.102,0.078,0.012,0.080,0.035,0.059,0.091,0.069,0.068,0.103,0.024,0.105,0.107,0.029,0.043,0.089,0.144,0.022,0.077,0.095,0.136,0.159,0.113,0.076,0.047,0.059,0.030,0.119,0.086,0.022,0.076,0.111,0.135,0.004,0.061,0.080,0.108,0.103,0.055,0.068,0.093,0.080,0.150,0.128,0.092,0.032,0.121,0.073,0.123,0.091,0.080,0.069,0.098,0.060,0.057,0.101,0.098,0.104,0.057,0.046,0.055,0.038,0.120,0.041,0.038,0.090,0.050,0.044,0.124,0.008,0.138,0.064,0.108,0.083,0.057,0.060,0.152,0.085,0.088,0.059,0.017,0.125,0.056,0.110,0.088,0.011,0.095,0.030,0.121,0.071,0.065,0.096,0.078,0.069,0.054,0.080,0.059,0.084,0.055,0.049,0.063,0.041,0.052,0.056,0.050,0.057,0.070,0.078,0.145,0.100,0.111,0.225,0.079,0.091,0.072,0.049,0.069,0.084,0.010,0.080,0.089,0.110,0.062,0.059,0.032,0.098,0.072,0.030,0.041,0.075,0.076,0.097,0.055,0.045,0.049,0.103,0.092,0.143,0.093,0.127,0.079,0.100,0.077,0.047,0.078,0.056,0.100,0.113,0.077,0.059,0.045,0.015,0.015,0.058,0.099,0.065,0.040,0.073,0.117,0.024,0.079,0.083,0.081,0.067,0.167,0.072,0.048,0.050,0.061,0.056,0.050,0.093,0.095,0.074,0.054,0.049,0.036,0.023,0.024,0.055,0.059,0.047,0.040,0.053,0.032,0.057,0.044,0.069,0.059,0.038,0.083,0.080,0.055,0.047,0.110,0.044,0.084,0.064,0.068,0.054,0.162,0.106,0.120,0.046,0.202,0.016,0.085,0.086,0.066,0.087,0.066,0.068,0.017,0.032,0.083,0.042,0.183,0.168,0.103,0.157,0.159,0.202,0.101,0.184,0.100,0.143,0.154,0.102,0.100,0.185,0.151,0.158,0.057,0.024
LP6005592-DNA_B03,0.011,0.017,0.045,0.068,0.063,0.063,0.068,0.048,0.122,0.060,0.030,0.028,0.053,0.049,0.039,0.111,0.061,0.107,0.063,0.147,0.104,0.066,0.089,0.076,0.043,0.026,0.078,0.111,0.068,0.036,0.045,0.059,0.117,0.054,0.053,0.069,0.018,0.006,0.057,0.053,0.071,0.154,0.125,0.053,0.085,0.075,0.105,0.031,0.097,0.088,0.042,0.021,0.036,0.003,0.053,0.061,0.038,0.096,0.058,0.103,0.034,0.031,0.010,0.074,0.052,0.031,0.087,0.110,0.088,0.071,0.059,0.039,0.052,0.058,0.049,0.091,0.038,0.101,0.104,0.000,0.101,0.009,0.099,0.119,0.031,0.033,0.114,0.041,0.003,0.071,0.039,0.023,0.054,0.121,0.016,0.078,0.117,0.023,0.041,0.106,0.024,0.041,0.035,0.034,0.095,0.054,0.026,0.075,0.019,0.077,0.079,0.030,0.113,0.023,0.030,0.124,0.093,0.036,0.060,0.110,0.084,0.001,0.015,0.051,0.078,0.043,0.068,0.033,0.032,0.061,0.103,0.167,0.036,0.011,0.102,0.040,0.049,0.025,0.096,0.085,0.025,0.009,0.026,0.079,0.023,0.086,0.024,0.026,0.095,0.074,0.039,0.058,0.076,0.085,0.043,0.094,0.017,0.055,0.155,0.103,0.076,0.060,0.073,0.045,0.032,0.086,0.055,0.002,0.041,0.076,0.014,0.044,0.026,0.001,0.033,0.059,0.053,0.022,0.039,0.046,0.090,0.020,0.041,0.041,0.052,0.078,0.053,0.073,0.090,0.126,0.003,0.047,0.021,0.086,0.063,0.065,0.113,0.056,0.031,0.080,0.057,0.081,0.037,0.095,0.084,0.096,0.026,0.001,0.082,0.075,0.049,0.066,0.038,0.056,0.050,0.076,0.076,0.100,0.073,0.076,0.066,0.101,0.045,0.090,0.053,0.055,0.022,0.059,0.080,0.006,0.117,0.034,0.093,0.072,0.010,0.003,0.085,0.092,0.095,0.059,0.062,0.054,0.042,0.087,0.058,0.054,0.083,0.056,0.064,0.031,0.125,0.054,0.060,0.076,0.066,0.028,0.036,0.065,0.028,0.041,0.049,0.020,0.083,0.023,0.080,0.090,0.002,0.100,0.061,0.061,0.038,0.042,0.040,0.023,0.073,0.059,0.068,0.070,0.070,0.060,0.030,0.054,0.011,0.075,0.069,0.017,0.122,0.115,0.108,0.155,0.014,0.046,0.051,0.107,0.024,0.050,0.113,0.115,0.078,0.064,0.090,0.079,0.108,0.081,0.040,0.080,0.031,0.024,0.075,0.035,0.053,0.071,0.073,0.058,0.041,0.048,0.093,0.073,0.072,0.063,0.056,0.059,0.070,0.024,0.081,0.081,0.061,0.069,0.035,0.038,0.061,0.028,0.028,0.088,0.082,0.077,0.076,0.081,0.038,0.051,0.063,0.108,0.044,0.111,0.070,0.095,0.066,0.040,0.054,0.003,0.068,0.100,0.061,0.071,0.079,0.071,0.016,0.047,0.015,0.090,0.073,0.011,0.090,0.060,0.064,0.175,0.009,0.110,0.043,0.041,0.004,0.052,0.040,0.131,0.105,0.094,0.077,0.070,0.061,0.102,0.020,0.013,0.028,0.051,0.117,0.055,0.039,0.071,0.039,0.096,0.041,0.080,0.037,0.009,0.013,0.076,0.062,0.051,0.093,0.074,0.081,0.112,0.041,0.071,0.064,0.053,0.117,0.103,0.048,0.124,0.048,0.140,0.038,0.039,0.063,0.091,0.066,0.084,0.093,0.043,0.057,0.034,0.029,0.020,0.023,0.058,0.086,0.067,0.073,0.052,0.109,0.120,0.054,0.079,0.082,0.107,0.000,0.020,0.048
LP6005592-DNA_B04,0.036,0.048,0.043,0.028,0.045,0.036,0.057,0.032,0.033,0.047,0.038,0.057,0.030,0.055,0.024,0.047,0.022,0.058,0.031,0.034,0.082,0.051,0.033,0.024,0.050,0.042,0.025,0.040,0.024,0.039,0.035,0.034,0.048,0.053,0.032,0.031,0.024,0.027,0.023,0.047,0.041,0.009,0.094,0.065,0.050,0.071,0.048,0.047,0.036,0.034,0.049,0.064,0.069,0.077,0.038,0.047,0.051,0.048,0.078,0.045,0.038,0.047,0.056,0.076,0.043,0.051,0.069,0.040,0.050,0.035,0.039,0.033,0.021,0.038,0.038,0.030,0.023,0.016,0.037,0.036,0.036,0.046,0.009,0.007,0.030,0.019,0.027,0.077,0.040,0.016,0.046,0.048,0.010,0.007,0.022,0.059,0.034,0.052,0.030,0.037,0.028,0.027,0.051,0.018,0.035,0.027,0.063,0.033,0.011,0.023,0.050,0.038,0.031,0.014,0.008,0.014,0.025,0.032,0.020,0.022,0.010,0.039,0.053,0.037,0.020,0.042,0.034,0.009,0.067,0.033,0.045,0.036,0.022,0.059,0.050,0.039,0.046,0.031,0.024,0.033,0.047,0.022,0.012,0.016,0.009,0.006,0.032,0.023,0.039,0.031,0.029,0.020,0.029,0.090,0.025,0.019,0.003,0.027,0.014,0.021,0.040,0.037,0.013,0.007,0.038,0.019,0.029,0.074,0.016,0.026,0.032,0.025,0.040,0.036,0.020,0.019,0.013,0.017,0.033,0.023,0.035,0.039,0.072,0.035,0.049,0.026,0.021,0.048,0.011,0.018,0.009,0.021,0.035,0.037,0.044,0.027,0.020,0.021,0.079,0.056,0.030,0.038,0.031,0.020,0.046,0.068,0.035,0.040,0.024,0.022,0.021,0.014,0.026,0.068,0.031,0.052,0.036,0.031,0.034,0.046,0.030,0.025,0.043,0.031,0.052,0.046,0.023,0.044,0.026,0.051,0.034,0.032,0.022,0.039,0.060,0.035,0.032,0.027,0.030,0.026,0.013,0.053,0.075,0.057,0.016,0.038,0.020,0.042,0.017,0.068,0.087,0.029,0.021,0.059,0.054,0.011,0.050,0.019,0.033,0.025,0.128,0.043,0.061,0.037,0.017,0.036,0.017,0.049,0.044,0.021,0.021,0.015,0.044,0.060,0.030,0.062,0.083,0.034,0.037,0.044,0.024,0.037,0.033,0.041,0.047,0.036,0.025,0.029,0.004,0.004,0.044,0.031,0.028,0.016,0.018,0.008,0.012,0.026,0.058,0.008,0.031,0.026,0.016,0.018,0.023,0.009,0.026,0.003,0.013,0.022,0.028,0.034,0.022,0.025,0.041,0.053,0.029,0.021,0.013,0.019,0.074,0.015,0.043,0.039,0.034,0.047,0.036,0.083,0.034,0.072,0.059,0.040,0.063,0.013,0.035,0.034,0.018,0.023,0.018,0.034,0.017,0.072,0.044,0.041,0.044,0.081,0.063,0.043,0.016,0.037,0.032,0.022,0.030,0.017,0.021,0.042,0.018,0.046,0.016,0.044,0.023,0.014,0.017,0.045,0.039,0.073,0.049,0.039,0.052,0.023,0.066,0.079,0.028,0.030,0.037,0.043,0.025,0.038,0.026,0.032,0.018,0.037,0.028,0.028,0.041,0.049,0.039,0.019,0.049,0.028,0.020,0.036,0.013,0.042,0.015,0.025,0.017,0.027,0.032,0.029,0.036,0.020,0.034,0.015,0.030,0.022,0.028,0.041,0.008,0.033,0.070,0.037,0.024,0.043,0.038,0.035,0.047,0.045,0.019,0.036,0.041,0.071,0.028,0.047,0.035,0.065,0.053,0.033,0.030,0.053,0.031,0.040,0.019,0.037,0.034,0.028,0.028,0.043,0.049
LP6005592-DNA_C01,0.023,0.034,0.042,0.030,0.054,0.044,0.086,0.046,0.061,0.065,0.083,0.037,0.041,0.072,0.063,0.042,0.044,0.114,0.062,0.047,0.052,0.061,0.060,0.037,0.053,0.074,0.036,0.059,0.033,0.084,0.047,0.059,0.089,0.089,0.086,0.037,0.030,0.049,0.048,0.046,0.090,0.077,0.123,0.093,0.082,0.088,0.089,0.124,0.076,0.085,0.054,0.087,0.089,0.063,0.061,0.115,0.102,0.027,0.063,0.115,0.060,0.057,0.056,0.106,0.071,0.064,0.059,0.064,0.070,0.094,0.071,0.078,0.088,0.071,0.051,0.071,0.089,0.052,0.032,0.056,0.066,0.068,0.028,0.049,0.028,0.067,0.037,0.090,0.051,0.031,0.050,0.026,0.053,0.145,0.016,0.061,0.090,0.076,0.079,0.072,0.026,0.065,0.063,0.007,0.047,0.062,0.035,0.061,0.028,0.127,0.043,0.057,0.049,0.057,0.048,0.068,0.046,0.059,0.130,0.068,0.012,0.023,0.059,0.021,0.064,0.064,0.064,0.029,0.052,0.026,0.114,0.061,0.043,0.094,0.087,0.052,0.049,0.049,0.045,0.072,0.048,0.061,0.015,0.101,0.071,0.051,0.027,0.064,0.098,0.057,0.013,0.034,0.074,0.038,0.072,0.071,0.036,0.053,0.108,0.052,0.020,0.106,0.085,0.081,0.037,0.012,0.044,0.054,0.033,0.042,0.017,0.022,0.070,0.084,0.041,0.071,0.095,0.061,0.051,0.011,0.091,0.085,0.087,0.082,0.075,0.050,0.051,0.091,0.038,0.023,0.038,0.033,0.088,0.115,0.093,0.093,0.032,0.046,0.094,0.107,0.076,0.092,0.059,0.082,0.065,0.044,0.064,0.075,0.092,0.047,0.074,0.115,0.055,0.047,0.061,0.058,0.039,0.100,0.099,0.050,0.059,0.027,0.025,0.071,0.104,0.073,0.062,0.092,0.057,0.077,0.131,0.058,0.095,0.059,0.084,0.047,0.058,0.064,0.057,0.071,0.062,0.068,0.063,0.127,0.046,0.115,0.065,0.077,0.056,0.022,0.088,0.048,0.079,0.055,0.090,0.033,0.034,0.048,0.051,0.080,0.061,0.057,0.084,0.043,0.012,0.043,0.062,0.019,0.055,0.037,0.029,0.019,0.070,0.019,0.064,0.037,0.046,0.072,0.059,0.031,0.077,0.075,0.018,0.064,0.043,0.033,0.071,0.035,0.056,0.021,0.049,0.104,0.017,0.142,0.050,0.018,0.056,0.101,0.059,0.025,0.088,0.055,0.028,0.009,0.056,0.001,0.058,0.017,0.016,0.019,0.056,0.016,0.036,0.040,0.070,0.060,0.054,0.024,0.071,0.049,0.055,0.060,0.086,0.040,0.026,0.077,0.060,0.048,0.080,0.039,0.069,0.027,0.015,0.031,0.057,0.057,0.039,0.028,0.073,0.057,0.032,0.089,0.083,0.066,0.049,0.091,0.068,0.038,0.080,0.040,0.091,0.154,0.061,0.040,0.069,0.058,0.029,0.046,0.007,0.033,0.057,0.037,0.066,0.083,0.064,0.113,0.040,0.068,0.079,0.026,0.091,0.087,0.069,0.065,0.042,0.068,0.063,0.078,0.048,0.040,0.054,0.042,0.026,0.039,0.060,0.069,0.042,0.037,0.064,0.067,0.047,0.049,0.028,0.103,0.054,0.067,0.059,0.059,0.042,0.049,0.058,0.064,0.053,0.042,0.057,0.081,0.057,0.041,0.043,0.048,0.103,0.046,0.060,0.089,0.049,0.037,0.093,0.058,0.064,0.074,0.055,0.089,0.097,0.099,0.064,0.098,0.094,0.077,0.081,0.135,0.048,0.061,0.063,0.061,0.112,0.096,0.090,0.040,0.057
LP6005592-DNA_C02,0.089,0.099,0.084,0.034,0.087,0.076,0.111,0.095,0.034,0.040,0.069,0.051,0.158,0.127,0.074,0.104,0.094,0.128,0.064,0.118,0.124,0.116,0.066,0.073,0.135,0.086,0.116,0.105,0.041,0.099,0.065,0.081,0.074,0.060,0.094,0.116,0.046,0.050,0.045,0.059,0.109,0.108,0.086,0.069,0.032,0.064,0.053,0.040,0.097,0.089,0.065,0.058,0.048,0.066,0.039,0.083,0.061,0.052,0.069,0.047,0.045,0.068,0.034,0.047,0.056,0.014,0.059,0.116,0.052,0.087,0.067,0.107,0.126,0.120,0.072,0.094,0.068,0.071,0.078,0.065,0.097,0.114,0.060,0.017,0.056,0.005,0.003,0.048,0.058,0.018,0.054,0.057,0.004,0.024,0.059,0.075,0.037,0.054,0.016,0.016,0.015,0.069,0.159,0.014,0.114,0.034,0.016,0.013,0.015,0.005,0.019,0.108,0.073,0.063,0.009,0.150,0.022,0.022,0.016,0.127,0.007,0.021,0.029,0.014,0.074,0.089,0.062,0.013,0.022,0.072,0.072,0.033,0.062,0.083,0.065,0.090,0.071,0.003,0.094,0.073,0.075,0.002,0.004,0.029,0.021,0.026,0.054,0.092,0.062,0.054,0.005,0.022,0.015,0.017,0.031,0.013,0.010,0.025,0.016,0.014,0.015,0.070,0.020,0.032,0.030,0.019,0.026,0.039,0.006,0.017,0.109,0.005,0.032,0.097,0.003,0.009,0.033,0.011,0.086,0.010,0.075,0.020,0.076,0.122,0.074,0.029,0.019,0.062,0.039,0.019,0.017,0.030,0.030,0.042,0.061,0.079,0.040,0.011,0.111,0.034,0.111,0.079,0.032,0.022,0.061,0.061,0.054,0.085,0.074,0.059,0.097,0.010,0.064,0.058,0.018,0.116,0.047,0.101,0.126,0.064,0.048,0.069,0.027,0.098,0.150,0.054,0.025,0.096,0.081,0.066,0.070,0.073,0.098,0.032,0.036,0.088,0.019,0.045,0.071,0.065,0.047,0.060,0.064,0.094,0.004,0.061,0.075,0.073,0.021,0.093,0.074,0.057,0.084,0.038,0.076,0.010,0.056,0.020,0.036,0.025,0.029,0.078,0.025,0.027,0.025,0.063,0.010,0.038,0.003,0.096,0.064,0.018,0.012,0.015,0.084,0.049,0.071,0.126,0.023,0.029,0.120,0.071,0.010,0.026,0.051,0.016,0.042,0.025,0.012,0.018,0.036,0.014,0.011,0.035,0.105,0.020,0.011,0.021,0.060,0.009,0.085,0.096,0.018,0.011,0.148,0.003,0.108,0.005,0.003,0.061,0.028,0.033,0.080,0.035,0.063,0.034,0.078,0.007,0.007,0.014,0.027,0.029,0.035,0.024,0.033,0.137,0.116,0.066,0.128,0.059,0.045,0.073,0.092,0.066,0.106,0.075,0.146,0.102,0.119,0.047,0.055,0.065,0.069,0.053,0.031,0.082,0.055,0.041,0.103,0.065,0.092,0.079,0.095,0.140,0.076,0.178,0.084,0.077,0.065,0.093,0.050,0.048,0.046,0.066,0.106,0.068,0.033,0.044,0.048,0.105,0.105,0.055,0.052,0.086,0.071,0.124,0.066,0.097,0.101,0.058,0.139,0.040,0.044,0.022,0.056,0.079,0.045,0.092,0.095,0.137,0.046,0.111,0.127,0.093,0.061,0.091,0.054,0.071,0.119,0.127,0.099,0.060,0.103,0.074,0.117,0.012,0.091,0.053,0.007,0.067,0.029,0.079,0.030,0.116,0.062,0.095,0.180,0.119,0.074,0.100,0.073,0.057,0.020,0.043,0.047,0.039,0.073,0.049,0.042,0.055,0.044,0.060,0.050,0.035,0.043,0.036,0.063,0.095,0.106
LP6005592-DNA_D01,0.043,0.046,0.049,0.075,0.117,0.080,0.065,0.070,0.058,0.039,0.066,0.010,0.056,0.043,0.041,0.031,0.081,0.069,0.043,0.076,0.056,0.051,0.039,0.049,0.058,0.095,0.026,0.053,0.061,0.070,0.048,0.015,0.083,0.045,0.028,0.055,0.029,0.084,0.056,0.073,0.102,0.066,0.079,0.053,0.093,0.061,0.068,0.031,0.090,0.090,0.049,0.058,0.059,0.048,0.051,0.064,0.037,0.069,0.066,0.075,0.054,0.045,0.136,0.053,0.054,0.096,0.058,0.048,0.102,0.077,0.097,0.063,0.093,0.075,0.085,0.075,0.078,0.058,0.033,0.088,0.071,0.079,0.074,0.051,0.094,0.047,0.038,0.101,0.054,0.036,0.090,0.084,0.038,0.049,0.059,0.098,0.091,0.039,0.034,0.036,0.031,0.060,0.057,0.017,0.073,0.074,0.045,0.052,0.031,0.100,0.005,0.054,0.138,0.146,0.033,0.079,0.054,0.018,0.038,0.057,0.031,0.027,0.096,0.039,0.102,0.062,0.115,0.020,0.050,0.020,0.065,0.068,0.045,0.102,0.088,0.149,0.052,0.027,0.167,0.078,0.087,0.011,0.002,0.049,0.041,0.053,0.034,0.086,0.106,0.131,0.027,0.044,0.099,0.053,0.052,0.047,0.053,0.057,0.045,0.058,0.024,0.093,0.019,0.027,0.056,0.055,0.050,0.059,0.042,0.058,0.035,0.050,0.055,0.055,0.030,0.066,0.070,0.035,0.096,0.025,0.103,0.029,0.109,0.085,0.049,0.044,0.043,0.146,0.057,0.042,0.045,0.064,0.050,0.047,0.067,0.079,0.064,0.084,0.060,0.080,0.111,0.102,0.038,0.046,0.048,0.055,0.061,0.064,0.117,0.060,0.065,0.069,0.100,0.093,0.055,0.033,0.033,0.110,0.098,0.070,0.047,0.077,0.050,0.123,0.125,0.093,0.094,0.123,0.064,0.078,0.061,0.081,0.050,0.042,0.090,0.072,0.078,0.063,0.074,0.081,0.178,0.070,0.146,0.067,0.022,0.059,0.113,0.124,0.044,0.006,0.062,0.059,0.049,0.030,0.155,0.020,0.053,0.068,0.068,0.044,0.036,0.063,0.081,0.026,0.013,0.046,0.016,0.031,0.077,0.049,0.080,0.036,0.039,0.047,0.082,0.064,0.046,0.052,0.024,0.067,0.043,0.061,0.025,0.031,0.124,0.061,0.083,0.044,0.053,0.042,0.018,0.119,0.038,0.116,0.052,0.047,0.020,0.063,0.075,0.023,0.076,0.044,0.021,0.011,0.110,0.022,0.179,0.012,0.008,0.042,0.073,0.038,0.065,0.074,0.081,0.121,0.056,0.052,0.041,0.018,0.077,0.012,0.052,0.052,0.028,0.109,0.160,0.099,0.050,0.080,0.070,0.049,0.041,0.048,0.046,0.074,0.046,0.055,0.075,0.068,0.061,0.116,0.103,0.064,0.055,0.116,0.123,0.039,0.085,0.065,0.095,0.071,0.041,0.053,0.054,0.035,0.037,0.035,0.014,0.094,0.038,0.047,0.037,0.085,0.092,0.119,0.086,0.049,0.043,0.104,0.053,0.062,0.028,0.058,0.096,0.033,0.054,0.068,0.035,0.067,0.043,0.071,0.118,0.048,0.039,0.077,0.038,0.050,0.106,0.043,0.037,0.067,0.111,0.061,0.041,0.084,0.085,0.043,0.053,0.082,0.042,0.075,0.046,0.067,0.042,0.078,0.071,0.056,0.055,0.088,0.055,0.066,0.066,0.069,0.026,0.021,0.055,0.042,0.030,0.043,0.081,0.109,0.015,0.058,0.045,0.097,0.059,0.120,0.153,0.177,0.092,0.084,0.087,0.114,0.117,0.110,0.076,0.107,0.047
LP6005592-DNA_D03,0.071,0.087,0.062,0.056,0.065,0.084,0.083,0.099,0.074,0.085,0.124,0.093,0.108,0.137,0.103,0.136,0.073,0.145,0.099,0.032,0.122,0.085,0.067,0.051,0.085,0.119,0.074,0.050,0.047,0.056,0.073,0.088,0.069,0.104,0.096,0.113,0.062,0.073,0.071,0.100,0.111,0.054,0.063,0.043,0.031,0.053,0.036,0.048,0.054,0.076,0.044,0.048,0.041,0.032,0.056,0.076,0.087,0.042,0.033,0.035,0.049,0.052,0.060,0.044,0.039,0.029,0.050,0.099,0.078,0.115,0.063,0.104,0.068,0.082,0.049,0.056,0.066,0.076,0.065,0.046,0.091,0.052,0.063,0.029,0.043,0.012,0.014,0.050,0.044,0.023,0.044,0.066,0.006,0.021,0.074,0.083,0.032,0.059,0.031,0.008,0.019,0.051,0.071,0.015,0.064,0.007,0.020,0.010,0.020,0.025,0.049,0.091,0.062,0.051,0.011,0.116,0.037,0.042,0.005,0.063,0.006,0.018,0.051,0.009,0.065,0.049,0.045,0.023,0.009,0.044,0.036,0.011,0.075,0.081,0.074,0.047,0.109,0.010,0.111,0.045,0.037,0.000,0.003,0.017,0.019,0.010,0.073,0.067,0.028,0.064,0.006,0.021,0.034,0.020,0.028,0.021,0.018,0.043,0.023,0.005,0.014,0.043,0.021,0.021,0.035,0.019,0.013,0.016,0.009,0.028,0.097,0.004,0.154,0.053,0.008,0.018,0.021,0.029,0.084,0.027,0.146,0.032,0.053,0.056,0.040,0.009,0.030,0.064,0.061,0.009,0.013,0.026,0.037,0.021,0.052,0.044,0.024,0.037,0.075,0.047,0.086,0.070,0.032,0.017,0.068,0.060,0.047,0.054,0.078,0.063,0.095,0.012,0.063,0.041,0.022,0.069,0.030,0.101,0.110,0.045,0.045,0.023,0.022,0.035,0.047,0.035,0.025,0.093,0.051,0.065,0.042,0.039,0.078,0.032,0.054,0.045,0.008,0.055,0.078,0.037,0.046,0.048,0.021,0.069,0.021,0.032,0.089,0.055,0.053,0.096,0.043,0.039,0.052,0.035,0.038,0.011,0.063,0.031,0.031,0.038,0.067,0.061,0.054,0.037,0.025,0.060,0.032,0.027,0.019,0.048,0.035,0.003,0.011,0.021,0.091,0.027,0.023,0.066,0.028,0.018,0.076,0.073,0.023,0.022,0.025,0.049,0.008,0.011,0.019,0.006,0.015,0.029,0.088,0.036,0.116,0.018,0.019,0.005,0.054,0.014,0.074,0.074,0.017,0.008,0.064,0.002,0.066,0.020,0.017,0.065,0.009,0.022,0.106,0.022,0.034,0.042,0.059,0.016,0.015,0.024,0.015,0.018,0.077,0.009,0.018,0.121,0.095,0.039,0.079,0.041,0.028,0.051,0.064,0.055,0.080,0.072,0.161,0.095,0.121,0.096,0.055,0.058,0.091,0.042,0.020,0.051,0.074,0.031,0.070,0.083,0.092,0.097,0.102,0.065,0.067,0.110,0.071,0.036,0.103,0.091,0.046,0.077,0.032,0.062,0.051,0.034,0.056,0.040,0.028,0.046,0.085,0.045,0.057,0.061,0.065,0.110,0.039,0.077,0.089,0.065,0.107,0.067,0.058,0.020,0.044,0.092,0.084,0.079,0.070,0.057,0.072,0.050,0.104,0.127,0.069,0.116,0.069,0.050,0.091,0.159,0.041,0.101,0.110,0.109,0.080,0.032,0.143,0.042,0.008,0.049,0.021,0.036,0.041,0.105,0.073,0.076,0.104,0.062,0.096,0.101,0.074,0.071,0.057,0.061,0.108,0.044,0.063,0.054,0.069,0.046,0.042,0.048,0.039,0.044,0.053,0.060,0.066,0.107,0.065
LP6005592-DNA_D04,0.049,0.053,0.102,0.018,0.081,0.003,0.067,0.000,0.106,0.087,0.074,0.031,0.079,0.062,0.107,0.056,0.040,0.049,0.012,0.099,0.008,0.040,0.009,0.008,0.022,0.024,0.047,0.016,0.032,0.071,0.008,0.047,0.011,0.063,0.027,0.041,0.100,0.022,0.052,0.087,0.114,0.070,0.096,0.169,0.081,0.112,0.083,0.091,0.105,0.097,0.106,0.057,0.049,0.033,0.070,0.104,0.092,0.110,0.176,0.014,0.061,0.135,0.019,0.090,0.145,0.046,0.063,0.019,0.143,0.081,0.071,0.006,0.054,0.071,0.077,0.080,0.021,0.006,0.023,0.084,0.043,0.012,0.048,0.070,0.065,0.098,0.086,0.079,0.132,0.091,0.063,0.134,0.043,0.098,0.009,0.091,0.085,0.143,0.093,0.013,0.019,0.075,0.009,0.018,0.006,0.156,0.060,0.041,0.056,0.052,0.075,0.077,0.071,0.043,0.121,0.093,0.045,0.069,0.040,0.076,0.093,0.016,0.062,0.098,0.005,0.063,0.102,0.105,0.092,0.043,0.126,0.097,0.075,0.050,0.189,0.017,0.152,0.051,0.098,0.218,0.051,0.059,0.105,0.029,0.079,0.080,0.056,0.047,0.180,0.030,0.047,0.046,0.070,0.066,0.142,0.045,0.110,0.044,0.104,0.184,0.019,0.056,0.069,0.096,0.093,0.126,0.038,0.087,0.146,0.086,0.005,0.078,0.079,0.013,0.009,0.039,0.037,0.015,0.004,0.076,0.101,0.016,0.065,0.022,0.030,0.130,0.032,0.026,0.062,0.099,0.029,0.238,0.009,0.065,0.060,0.001,0.103,0.175,0.054,0.079,0.059,0.018,0.054,0.072,0.054,0.079,0.155,0.087,0.108,0.120,0.070,0.033,0.047,0.053,0.109,0.026,0.152,0.024,0.019,0.109,0.086,0.113,0.086,0.012,0.123,0.151,0.094,0.099,0.044,0.049,0.123,0.091,0.102,0.099,0.133,0.098,0.087,0.098,0.081,0.013,0.125,0.100,0.163,0.144,0.015,0.120,0.082,0.114,0.064,0.043,0.061,0.092,0.062,0.123,0.113,0.038,0.102,0.069,0.090,0.097,0.036,0.053,0.075,0.087,0.007,0.031,0.038,0.067,0.018,0.010,0.172,0.088,0.087,0.082,0.070,0.060,0.020,0.046,0.108,0.080,0.019,0.114,0.070,0.020,0.131,0.034,0.130,0.148,0.062,0.048,0.018,0.029,0.046,0.101,0.046,0.159,0.064,0.055,0.052,0.096,0.093,0.135,0.051,0.041,0.058,0.075,0.075,0.061,0.035,0.020,0.045,0.088,0.120,0.186,0.083,0.051,0.061,0.075,0.098,0.023,0.016,0.003,0.035,0.035,0.118,0.064,0.180,0.100,0.064,0.029,0.141,0.114,0.074,0.081,0.057,0.152,0.045,0.054,0.014,0.018,0.067,0.043,0.059,0.076,0.123,0.087,0.104,0.097,0.045,0.025,0.015,0.011,0.008,0.097,0.126,0.018,0.013,0.002,0.022,0.062,0.028,0.017,0.025,0.090,0.040,0.145,0.050,0.128,0.176,0.075,0.111,0.052,0.074,0.076,0.040,0.048,0.068,0.032,0.091,0.099,0.085,0.070,0.058,0.011,0.114,0.085,0.073,0.096,0.040,0.094,0.043,0.029,0.083,0.055,0.017,0.017,0.006,0.054,0.013,0.050,0.001,0.054,0.027,0.108,0.068,0.080,0.048,0.066,0.081,0.229,0.093,0.131,0.061,0.028,0.090,0.053,0.044,0.062,0.077,0.026,0.114,0.055,0.051,0.070,0.076,0.121,0.072,0.052,0.010,0.084,0.118,0.092,0.010,0.021,0.082,0.045,0.011,0.022,0.099
LP6005592-DNA_E01,0.038,0.072,0.046,0.048,0.052,0.154,0.065,0.035,0.079,0.055,0.015,0.071,0.050,0.079,0.070,0.053,0.073,0.076,0.040,0.098,0.030,0.024,0.073,0.092,0.061,0.086,0.044,0.111,0.084,0.033,0.018,0.048,0.079,0.059,0.074,0.042,0.018,0.042,0.032,0.045,0.080,0.050,0.077,0.074,0.082,0.090,0.085,0.085,0.118,0.094,0.102,0.038,0.061,0.050,0.053,0.076,0.097,0.056,0.060,0.105,0.076,0.056,0.034,0.075,0.062,0.067,0.073,0.067,0.055,0.109,0.081,0.050,0.077,0.030,0.046,0.049,0.021,0.087,0.031,0.007,0.008,0.020,0.086,0.078,0.060,0.033,0.035,0.084,0.090,0.070,0.072,0.079,0.042,0.050,0.041,0.062,0.109,0.100,0.078,0.072,0.038,0.049,0.044,0.040,0.043,0.045,0.026,0.025,0.026,0.098,0.066,0.033,0.077,0.052,0.023,0.062,0.108,0.032,0.047,0.038,0.060,0.047,0.034,0.059,0.028,0.043,0.100,0.062,0.020,0.038,0.088,0.074,0.084,0.033,0.120,0.054,0.083,0.034,0.062,0.138,0.088,0.034,0.042,0.070,0.041,0.089,0.030,0.039,0.126,0.045,0.046,0.067,0.091,0.085,0.041,0.073,0.030,0.044,0.074,0.050,0.084,0.004,0.023,0.061,0.021,0.074,0.099,0.025,0.058,0.061,0.023,0.057,0.037,0.047,0.025,0.072,0.042,0.029,0.064,0.045,0.066,0.020,0.048,0.043,0.094,0.093,0.041,0.066,0.052,0.037,0.050,0.049,0.062,0.057,0.102,0.072,0.075,0.029,0.048,0.061,0.014,0.059,0.097,0.068,0.022,0.081,0.061,0.057,0.045,0.066,0.056,0.048,0.046,0.120,0.053,0.048,0.078,0.076,0.034,0.054,0.065,0.115,0.033,0.075,0.154,0.069,0.048,0.053,0.068,0.076,0.050,0.037,0.095,0.127,0.031,0.042,0.049,0.110,0.022,0.097,0.043,0.040,0.050,0.071,0.020,0.095,0.073,0.102,0.065,0.043,0.062,0.120,0.033,0.096,0.120,0.020,0.042,0.047,0.057,0.108,0.053,0.047,0.052,0.055,0.061,0.024,0.073,0.045,0.028,0.034,0.063,0.043,0.024,0.054,0.044,0.039,0.051,0.064,0.094,0.013,0.056,0.095,0.061,0.040,0.038,0.034,0.044,0.062,0.089,0.088,0.028,0.089,0.026,0.039,0.053,0.041,0.075,0.043,0.057,0.066,0.077,0.075,0.071,0.062,0.044,0.047,0.062,0.073,0.053,0.011,0.080,0.091,0.067,0.096,0.053,0.028,0.028,0.046,0.052,0.037,0.053,0.037,0.028,0.022,0.088,0.090,0.090,0.076,0.030,0.019,0.115,0.035,0.046,0.044,0.101,0.065,0.038,0.031,0.048,0.032,0.047,0.090,0.091,0.101,0.053,0.077,0.053,0.103,0.043,0.045,0.072,0.080,0.118,0.057,0.054,0.048,0.030,0.061,0.032,0.057,0.068,0.042,0.046,0.068,0.082,0.111,0.052,0.076,0.047,0.085,0.079,0.055,0.049,0.078,0.044,0.109,0.088,0.058,0.049,0.044,0.032,0.059,0.011,0.014,0.044,0.064,0.021,0.042,0.044,0.041,0.063,0.045,0.035,0.053,0.022,0.052,0.034,0.062,0.020,0.046,0.016,0.081,0.044,0.038,0.048,0.050,0.042,0.068,0.084,0.074,0.035,0.045,0.082,0.030,0.046,0.029,0.078,0.048,0.051,0.042,0.050,0.088,0.079,0.092,0.093,0.116,0.086,0.057,0.110,0.051,0.038,0.047,0.138,0.118,0.071,0.079,0.019,0.078,0.074
LP6005592-DNA_E02,0.013,0.027,0.038,0.010,0.031,0.024,0.078,0.023,0.049,0.017,0.024,0.028,0.032,0.050,0.043,0.027,0.034,0.041,0.016,0.079,0.030,0.029,0.034,0.035,0.025,0.018,0.012,0.024,0.005,0.044,0.021,0.010,0.034,0.011,0.045,0.018,0.013,0.022,0.031,0.027,0.057,0.051,0.137,0.122,0.074,0.086,0.056,0.064,0.058,0.097,0.024,0.039,0.037,0.068,0.042,0.105,0.106,0.054,0.058,0.046,0.021,0.076,0.033,0.084,0.045,0.028,0.051,0.030,0.050,0.043,0.029,0.101,0.021,0.036,0.051,0.032,0.054,0.009,0.012,0.017,0.010,0.018,0.038,0.049,0.030,0.036,0.041,0.049,0.026,0.045,0.021,0.034,0.040,0.050,0.015,0.034,0.086,0.053,0.017,0.038,0.031,0.021,0.016,0.009,0.029,0.058,0.048,0.028,0.000,0.070,0.002,0.017,0.048,0.021,0.008,0.047,0.054,0.020,0.049,0.026,0.018,0.023,0.038,0.046,0.005,0.034,0.056,0.018,0.040,0.010,0.054,0.083,0.017,0.048,0.073,0.013,0.027,0.035,0.034,0.044,0.036,0.053,0.014,0.063,0.273,0.052,0.017,0.029,0.076,0.033,0.026,0.054,0.026,0.056,0.048,0.041,0.038,0.031,0.047,0.030,0.027,0.058,0.053,0.059,0.046,0.040,0.077,0.019,0.034,0.059,0.002,0.053,0.023,0.016,0.036,0.025,0.079,0.018,0.012,0.045,0.034,0.025,0.066,0.029,0.022,0.041,0.043,0.062,0.021,0.021,0.289,0.041,0.052,0.053,0.011,0.033,0.085,0.021,0.035,0.286,0.039,0.044,0.053,0.081,0.019,0.054,0.063,0.017,0.041,0.042,0.021,0.051,0.014,0.047,0.052,0.030,0.020,0.038,0.035,0.053,0.083,0.032,0.047,0.027,0.031,0.024,0.065,0.020,0.069,0.053,0.064,0.005,0.065,0.058,0.020,0.023,0.103,0.052,0.009,0.033,0.044,0.067,0.079,0.079,0.053,0.062,0.017,0.040,0.056,0.003,0.080,0.038,0.034,0.061,0.032,0.253,0.046,0.035,0.052,0.027,0.022,0.020,0.041,0.017,0.013,0.018,0.023,0.043,0.032,0.026,0.020,0.052,0.052,0.012,0.042,0.029,0.035,0.031,0.068,0.042,0.008,0.016,0.006,0.040,0.045,0.016,0.056,0.077,0.041,0.048,0.036,0.089,0.030,0.072,0.007,0.035,0.025,0.498,0.016,0.005,0.037,0.049,0.034,0.022,0.037,0.000,0.018,0.010,0.011,0.063,0.088,0.050,0.055,0.055,0.039,0.038,0.061,0.044,0.050,0.077,0.026,0.044,0.066,0.051,0.013,0.027,0.054,0.056,0.033,0.033,0.052,0.043,0.028,0.029,0.021,0.038,0.022,0.035,0.030,0.009,0.023,0.109,0.025,0.096,0.048,0.078,0.059,0.014,0.011,0.039,0.030,0.115,0.029,0.024,0.057,0.034,0.013,0.012,0.007,0.014,0.035,0.010,0.024,0.089,0.038,0.134,0.015,0.038,0.055,0.023,0.050,0.044,0.028,0.051,0.026,0.037,0.051,0.031,0.014,0.050,0.015,0.028,0.035,0.026,0.028,0.054,0.029,0.015,0.030,0.009,0.020,0.011,0.009,0.031,0.024,0.017,0.013,0.047,0.032,0.027,0.025,0.031,0.011,0.014,0.021,0.047,0.027,0.084,0.005,0.043,0.067,0.046,0.062,0.049,0.013,0.006,0.021,0.016,0.035,0.024,0.047,0.060,0.057,0.018,0.021,0.026,0.066,0.065,0.043,0.080,0.048,0.049,0.026,0.023,0.106,0.102,0.049,0.020,0.047
LP6005592-DNA_E05,0.035,0.044,0.041,0.046,0.049,0.042,0.059,0.031,0.037,0.034,0.033,0.025,0.053,0.034,0.026,0.044,0.041,0.102,0.049,0.052,0.051,0.036,0.040,0.044,0.041,0.047,0.045,0.089,0.035,0.037,0.028,0.049,0.077,0.052,0.057,0.057,0.030,0.029,0.053,0.080,0.050,0.061,0.040,0.034,0.030,0.075,0.042,0.031,0.044,0.035,0.040,0.030,0.059,0.058,0.028,0.032,0.031,0.027,0.058,0.057,0.047,0.060,0.034,0.033,0.039,0.031,0.035,0.050,0.033,0.059,0.047,0.028,0.050,0.092,0.036,0.057,0.034,0.053,0.072,0.069,0.042,0.036,0.025,0.043,0.034,0.025,0.005,0.072,0.032,0.017,0.043,0.022,0.007,0.014,0.037,0.096,0.036,0.025,0.026,0.029,0.011,0.060,0.113,0.020,0.064,0.022,0.007,0.011,0.051,0.006,0.010,0.072,0.102,0.055,0.010,0.068,0.018,0.018,0.008,0.090,0.008,0.058,0.026,0.024,0.075,0.047,0.039,0.006,0.023,0.069,0.030,0.011,0.058,0.086,0.050,0.059,0.060,0.002,0.065,0.051,0.040,0.001,0.003,0.019,0.020,0.012,0.102,0.071,0.061,0.036,0.000,0.006,0.016,0.040,0.008,0.020,0.007,0.023,0.024,0.009,0.019,0.070,0.017,0.005,0.029,0.004,0.013,0.011,0.014,0.010,0.037,0.001,0.034,0.059,0.001,0.019,0.009,0.013,0.035,0.012,0.056,0.021,0.146,0.068,0.106,0.000,0.022,0.072,0.068,0.014,0.003,0.014,0.017,0.037,0.120,0.059,0.029,0.015,0.064,0.024,0.060,0.077,0.030,0.004,0.068,0.043,0.040,0.070,0.057,0.061,0.085,0.017,0.045,0.044,0.007,0.090,0.035,0.071,0.099,0.031,0.047,0.086,0.015,0.064,0.060,0.081,0.018,0.132,0.032,0.034,0.066,0.055,0.053,0.030,0.025,0.075,0.012,0.044,0.048,0.034,0.074,0.035,0.043,0.070,0.012,0.028,0.064,0.088,0.017,0.098,0.038,0.044,0.049,0.053,0.142,0.007,0.037,0.011,0.031,0.013,0.064,0.066,0.065,0.028,0.067,0.061,0.011,0.045,0.052,0.034,0.043,0.013,0.020,0.007,0.043,0.022,0.056,0.095,0.028,0.018,0.069,0.039,0.006,0.059,0.025,0.021,0.029,0.043,0.019,0.018,0.048,0.030,0.038,0.044,0.048,0.015,0.018,0.010,0.132,0.008,0.087,0.141,0.007,0.014,0.090,0.005,0.113,0.006,0.006,0.029,0.008,0.045,0.061,0.026,0.028,0.015,0.039,0.005,0.010,0.020,0.026,0.028,0.044,0.011,0.032,0.041,0.044,0.105,0.026,0.067,0.046,0.044,0.056,0.068,0.071,0.064,0.056,0.041,0.050,0.075,0.033,0.051,0.045,0.046,0.029,0.042,0.026,0.029,0.048,0.047,0.057,0.050,0.058,0.067,0.049,0.055,0.029,0.047,0.008,0.042,0.042,0.039,0.044,0.019,0.049,0.080,0.034,0.032,0.025,0.043,0.028,0.105,0.032,0.069,0.063,0.049,0.023,0.059,0.032,0.048,0.028,0.028,0.027,0.032,0.043,0.041,0.065,0.051,0.042,0.040,0.042,0.041,0.064,0.056,0.021,0.057,0.042,0.023,0.064,0.052,0.057,0.046,0.047,0.071,0.055,0.042,0.103,0.037,0.013,0.048,0.038,0.054,0.019,0.048,0.038,0.048,0.062,0.047,0.057,0.028,0.038,0.041,0.028,0.037,0.022,0.052,0.044,0.042,0.039,0.027,0.033,0.057,0.045,0.025,0.023,0.029,0.028,0.039,0.051
LP6005592-DNA_F01,0.049,0.079,0.043,0.031,0.008,0.044,0.032,0.020,0.028,0.030,0.014,0.072,0.045,0.020,0.052,0.020,0.056,0.067,0.032,0.045,0.006,0.038,0.025,0.022,0.052,0.059,0.012,0.047,0.055,0.015,0.020,0.022,0.087,0.042,0.033,0.035,0.016,0.015,0.009,0.009,0.021,0.016,0.099,0.056,0.040,0.027,0.021,0.055,0.136,0.015,0.092,0.050,0.046,0.028,0.031,0.044,0.014,0.003,0.039,0.029,0.093,0.095,0.038,0.048,0.025,0.058,0.025,0.040,0.021,0.064,0.027,0.028,0.052,0.021,0.122,0.021,0.017,0.031,0.041,0.045,0.021,0.037,0.016,0.020,0.019,0.027,0.056,0.045,0.062,0.075,0.025,0.039,0.023,0.091,0.038,0.046,0.036,0.039,0.051,0.043,0.028,0.007,0.018,0.073,0.029,0.097,0.022,0.037,0.058,0.096,0.048,0.012,0.049,0.030,0.082,0.002,0.033,0.064,0.025,0.034,0.064,0.038,0.057,0.096,0.050,0.044,0.052,0.077,0.084,0.012,0.037,0.049,0.033,0.020,0.051,0.015,0.016,0.054,0.016,0.073,0.033,0.017,0.024,0.045,0.037,0.099,0.029,0.036,0.061,0.042,0.049,0.025,0.126,0.027,0.031,0.019,0.092,0.029,0.019,0.166,0.032,0.035,0.060,0.069,0.082,0.024,0.020,0.132,0.053,0.029,0.045,0.118,0.014,0.013,0.016,0.041,0.076,0.022,0.030,0.099,0.009,0.055,0.033,0.023,0.020,0.066,0.037,0.052,0.020,0.051,0.018,0.108,0.038,0.050,0.037,0.005,0.026,0.147,0.030,0.088,0.019,0.017,0.082,0.091,0.014,0.214,0.054,0.007,0.055,0.017,0.060,0.101,0.011,0.042,0.060,0.025,0.082,0.056,0.015,0.037,0.051,0.034,0.041,0.052,0.031,0.070,0.026,0.026,0.022,0.134,0.017,0.022,0.027,0.019,0.033,0.017,0.063,0.064,0.005,0.034,0.052,0.032,0.098,0.022,0.017,0.045,0.080,0.036,0.045,0.016,0.037,0.018,0.005,0.021,0.027,0.054,0.043,0.058,0.023,0.093,0.031,0.080,0.036,0.047,0.033,0.009,0.024,0.077,0.016,0.038,0.027,0.013,0.028,0.033,0.019,0.020,0.012,0.064,0.096,0.105,0.011,0.089,0.052,0.177,0.020,0.037,0.063,0.060,0.037,0.037,0.013,0.029,0.015,0.035,0.025,0.064,0.051,0.007,0.018,0.113,0.100,0.036,0.056,0.020,0.020,0.085,0.016,0.044,0.009,0.068,0.047,0.075,0.038,0.135,0.053,0.024,0.033,0.119,0.061,0.014,0.029,0.028,0.015,0.066,0.097,0.066,0.030,0.037,0.038,0.098,0.041,0.104,0.024,0.016,0.058,0.066,0.042,0.053,0.056,0.061,0.085,0.053,0.052,0.047,0.017,0.056,0.024,0.032,0.045,0.032,0.046,0.046,0.048,0.057,0.012,0.031,0.030,0.006,0.041,0.053,0.026,0.064,0.057,0.054,0.032,0.062,0.051,0.054,0.065,0.047,0.028,0.010,0.025,0.017,0.042,0.028,0.017,0.056,0.018,0.022,0.075,0.020,0.054,0.026,0.052,0.027,0.015,0.057,0.021,0.068,0.085,0.024,0.018,0.057,0.029,0.054,0.017,0.066,0.021,0.026,0.010,0.056,0.032,0.019,0.020,0.037,0.047,0.068,0.047,0.056,0.037,0.043,0.078,0.043,0.019,0.041,0.040,0.012,0.023,0.018,0.085,0.025,0.076,0.034,0.057,0.097,0.041,0.019,0.066,0.053,0.047,0.042,0.040,0.027,0.038,0.084,0.027,0.092,0.040
LP6005592-DNA_F03,0.054,0.045,0.049,0.056,0.058,0.045,0.106,0.029,0.052,0.044,0.045,0.044,0.035,0.048,0.049,0.055,0.054,0.071,0.068,0.077,0.064,0.070,0.030,0.055,0.045,0.040,0.046,0.070,0.039,0.045,0.046,0.087,0.064,0.050,0.058,0.065,0.032,0.028,0.039,0.047,0.043,0.064,0.054,0.052,0.049,0.043,0.051,0.038,0.052,0.043,0.041,0.043,0.035,0.039,0.043,0.039,0.042,0.043,0.049,0.069,0.027,0.034,0.043,0.042,0.028,0.050,0.060,0.058,0.056,0.085,0.060,0.049,0.066,0.067,0.062,0.051,0.028,0.042,0.088,0.066,0.060,0.048,0.046,0.019,0.040,0.019,0.015,0.040,0.065,0.038,0.061,0.053,0.011,0.024,0.027,0.074,0.031,0.086,0.025,0.042,0.010,0.046,0.073,0.015,0.080,0.027,0.010,0.016,0.010,0.030,0.020,0.071,0.113,0.084,0.016,0.068,0.031,0.027,0.008,0.043,0.006,0.053,0.042,0.013,0.060,0.069,0.046,0.021,0.040,0.085,0.065,0.019,0.045,0.093,0.083,0.048,0.070,0.011,0.087,0.070,0.043,0.006,0.004,0.024,0.023,0.018,0.050,0.090,0.057,0.043,0.013,0.009,0.061,0.032,0.021,0.023,0.016,0.025,0.041,0.013,0.024,0.067,0.023,0.011,0.069,0.018,0.016,0.018,0.017,0.014,0.049,0.015,0.054,0.140,0.006,0.012,0.042,0.025,0.036,0.014,0.078,0.021,0.077,0.089,0.095,0.002,0.033,0.055,0.052,0.019,0.018,0.023,0.021,0.025,0.102,0.044,0.031,0.018,0.075,0.047,0.112,0.118,0.027,0.012,0.076,0.048,0.043,0.067,0.098,0.052,0.116,0.038,0.074,0.053,0.016,0.119,0.068,0.104,0.087,0.037,0.042,0.062,0.014,0.098,0.110,0.055,0.033,0.074,0.038,0.046,0.070,0.056,0.059,0.037,0.042,0.059,0.026,0.048,0.054,0.034,0.058,0.060,0.048,0.044,0.011,0.046,0.074,0.066,0.046,0.030,0.049,0.041,0.059,0.049,0.048,0.010,0.058,0.033,0.032,0.030,0.018,0.083,0.058,0.011,0.012,0.056,0.008,0.042,0.012,0.032,0.056,0.012,0.017,0.017,0.055,0.026,0.037,0.087,0.041,0.013,0.057,0.050,0.020,0.042,0.025,0.017,0.037,0.022,0.021,0.020,0.024,0.042,0.050,0.042,0.067,0.028,0.025,0.022,0.083,0.039,0.052,0.163,0.005,0.022,0.052,0.004,0.114,0.010,0.012,0.057,0.018,0.015,0.058,0.025,0.023,0.050,0.040,0.022,0.007,0.019,0.023,0.028,0.105,0.019,0.028,0.070,0.064,0.039,0.053,0.019,0.045,0.050,0.022,0.079,0.059,0.072,0.055,0.047,0.063,0.040,0.073,0.047,0.065,0.045,0.044,0.061,0.042,0.037,0.058,0.067,0.088,0.080,0.069,0.053,0.050,0.035,0.028,0.038,0.025,0.059,0.042,0.064,0.043,0.058,0.043,0.053,0.037,0.040,0.038,0.044,0.041,0.036,0.033,0.077,0.043,0.055,0.050,0.044,0.048,0.048,0.052,0.044,0.033,0.021,0.054,0.051,0.066,0.057,0.036,0.034,0.058,0.045,0.045,0.052,0.030,0.038,0.035,0.049,0.066,0.050,0.049,0.062,0.052,0.070,0.062,0.024,0.119,0.048,0.011,0.065,0.029,0.090,0.043,0.054,0.044,0.060,0.071,0.061,0.054,0.047,0.057,0.050,0.059,0.051,0.070,0.080,0.059,0.024,0.058,0.034,0.055,0.058,0.027,0.034,0.053,0.054,0.055,0.047,0.061
LP6005592-DNA_F05,0.084,0.045,0.084,0.046,0.050,0.027,0.097,0.045,0.046,0.035,0.047,0.065,0.046,0.059,0.054,0.069,0.054,0.034,0.069,0.074,0.040,0.050,0.036,0.033,0.035,0.050,0.041,0.045,0.036,0.036,0.040,0.053,0.059,0.042,0.047,0.109,0.038,0.034,0.033,0.077,0.066,0.066,0.059,0.075,0.012,0.058,0.051,0.013,0.063,0.043,0.035,0.029,0.012,0.018,0.035,0.037,0.032,0.064,0.049,0.038,0.032,0.036,0.026,0.050,0.061,0.039,0.038,0.030,0.057,0.080,0.094,0.014,0.054,0.066,0.036,0.071,0.038,0.040,0.091,0.088,0.026,0.056,0.052,0.023,0.044,0.011,0.003,0.029,0.064,0.015,0.053,0.045,0.019,0.026,0.029,0.059,0.036,0.064,0.019,0.015,0.018,0.043,0.040,0.003,0.072,0.041,0.014,0.006,0.031,0.024,0.023,0.066,0.096,0.079,0.009,0.104,0.029,0.018,0.001,0.064,0.002,0.042,0.040,0.004,0.025,0.063,0.038,0.016,0.010,0.044,0.061,0.028,0.056,0.065,0.069,0.060,0.068,0.013,0.071,0.080,0.050,0.002,0.003,0.021,0.014,0.041,0.062,0.088,0.072,0.055,0.005,0.013,0.024,0.011,0.027,0.011,0.011,0.034,0.022,0.009,0.014,0.057,0.006,0.021,0.058,0.044,0.026,0.012,0.002,0.025,0.062,0.017,0.054,0.068,0.002,0.004,0.022,0.016,0.018,0.010,0.078,0.008,0.048,0.068,0.083,0.015,0.008,0.045,0.045,0.007,0.019,0.033,0.022,0.025,0.075,0.057,0.020,0.006,0.071,0.054,0.052,0.095,0.034,0.022,0.066,0.038,0.063,0.060,0.062,0.056,0.068,0.015,0.069,0.032,0.025,0.046,0.060,0.048,0.092,0.058,0.047,0.067,0.017,0.101,0.072,0.044,0.040,0.092,0.040,0.034,0.083,0.058,0.070,0.067,0.037,0.064,0.023,0.043,0.083,0.037,0.023,0.039,0.038,0.048,0.012,0.047,0.080,0.074,0.028,0.043,0.046,0.043,0.055,0.069,0.053,0.008,0.052,0.031,0.066,0.014,0.033,0.065,0.048,0.007,0.044,0.040,0.018,0.026,0.037,0.047,0.038,0.018,0.016,0.004,0.036,0.026,0.031,0.101,0.024,0.038,0.055,0.067,0.025,0.065,0.028,0.010,0.027,0.034,0.015,0.018,0.017,0.023,0.058,0.025,0.058,0.034,0.019,0.023,0.118,0.014,0.140,0.174,0.011,0.007,0.089,0.009,0.118,0.015,0.010,0.037,0.019,0.035,0.080,0.020,0.037,0.028,0.047,0.007,0.006,0.013,0.010,0.024,0.020,0.005,0.022,0.073,0.065,0.045,0.047,0.025,0.079,0.050,0.031,0.051,0.074,0.095,0.054,0.068,0.066,0.047,0.056,0.049,0.059,0.052,0.057,0.050,0.048,0.029,0.050,0.077,0.059,0.051,0.090,0.075,0.065,0.054,0.014,0.031,0.032,0.059,0.043,0.053,0.035,0.054,0.049,0.051,0.049,0.053,0.066,0.032,0.043,0.051,0.033,0.101,0.033,0.046,0.054,0.045,0.048,0.048,0.058,0.027,0.061,0.017,0.064,0.052,0.035,0.045,0.029,0.037,0.051,0.021,0.044,0.098,0.052,0.035,0.025,0.060,0.028,0.047,0.037,0.044,0.035,0.077,0.047,0.019,0.092,0.038,0.011,0.075,0.051,0.086,0.061,0.093,0.046,0.071,0.079,0.062,0.068,0.041,0.068,0.039,0.068,0.047,0.078,0.074,0.063,0.058,0.068,0.053,0.087,0.063,0.043,0.041,0.049,0.061,0.047,0.038,0.053
LP6005592-DNA_G01,0.023,0.004,0.012,0.015,0.049,0.059,0.056,0.018,0.041,0.039,0.058,0.064,0.046,0.032,0.027,0.042,0.030,0.037,0.055,0.001,0.046,0.046,0.029,0.054,0.050,0.078,0.042,0.048,0.029,0.028,0.037,0.049,0.029,0.039,0.083,0.032,0.031,0.033,0.053,0.037,0.047,0.044,0.035,0.022,0.034,0.018,0.050,0.029,0.041,0.027,0.013,0.031,0.019,0.027,0.023,0.024,0.038,0.018,0.036,0.030,0.036,0.032,0.028,0.011,0.028,0.016,0.038,0.032,0.036,0.052,0.042,0.014,0.023,0.004,0.022,0.032,0.035,0.053,0.064,0.025,0.004,0.027,0.032,0.021,0.016,0.067,0.096,0.013,0.007,0.067,0.031,0.035,0.056,0.194,0.034,0.067,0.033,0.042,0.083,0.048,0.050,0.033,0.061,0.013,0.016,0.090,0.068,0.089,0.067,0.108,0.069,0.038,0.013,0.022,0.124,0.038,0.061,0.048,0.065,0.067,0.110,0.053,0.077,0.118,0.028,0.012,0.043,0.079,0.117,0.036,0.085,0.069,0.074,0.027,0.046,0.048,0.045,0.120,0.060,0.036,0.029,0.038,0.016,0.024,0.052,0.063,0.051,0.015,0.030,0.030,0.007,0.084,0.037,0.064,0.032,0.052,0.081,0.033,0.077,0.127,0.034,0.021,0.054,0.070,0.086,0.118,0.069,0.077,0.062,0.030,0.053,0.111,0.048,0.001,0.023,0.026,0.092,0.065,0.035,0.119,0.065,0.010,0.064,0.016,0.029,0.065,0.022,0.093,0.045,0.089,0.055,0.098,0.019,0.064,0.055,0.048,0.070,0.116,0.096,0.085,0.036,0.027,0.052,0.053,0.047,0.045,0.036,0.019,0.030,0.041,0.033,0.139,0.066,0.038,0.075,0.042,0.056,0.065,0.019,0.020,0.004,0.085,0.056,0.046,0.072,0.075,0.133,0.031,0.018,0.013,0.022,0.031,0.141,0.019,0.013,0.037,0.099,0.035,0.025,0.040,0.070,0.060,0.047,0.034,0.077,0.035,0.044,0.047,0.060,0.039,0.014,0.053,0.034,0.049,0.112,0.014,0.021,0.025,0.041,0.062,0.096,0.073,0.049,0.046,0.045,0.037,0.048,0.071,0.063,0.057,0.020,0.026,0.039,0.112,0.048,0.056,0.034,0.034,0.060,0.060,0.027,0.063,0.065,0.035,0.040,0.034,0.063,0.039,0.063,0.085,0.044,0.053,0.044,0.045,0.048,0.055,0.077,0.065,0.024,0.078,0.018,0.042,0.014,0.020,0.014,0.077,0.032,0.067,0.021,0.068,0.050,0.061,0.039,0.118,0.078,0.057,0.049,0.152,0.130,0.014,0.041,0.025,0.026,0.060,0.073,0.047,0.019,0.010,0.024,0.033,0.015,0.008,0.025,0.005,0.012,0.036,0.026,0.031,0.014,0.071,0.012,0.046,0.039,0.020,0.012,0.034,0.013,0.025,0.028,0.042,0.055,0.027,0.045,0.044,0.045,0.053,0.019,0.025,0.036,0.072,0.010,0.016,0.017,0.029,0.043,0.038,0.025,0.033,0.026,0.030,0.018,0.030,0.033,0.058,0.022,0.050,0.025,0.023,0.037,0.004,0.023,0.015,0.043,0.022,0.041,0.028,0.038,0.033,0.054,0.074,0.021,0.049,0.027,0.030,0.015,0.047,0.015,0.042,0.014,0.036,0.033,0.063,0.041,0.052,0.073,0.093,0.034,0.022,0.068,0.052,0.033,0.051,0.050,0.062,0.064,0.059,0.062,0.071,0.052,0.043,0.021,0.021,0.010,0.015,0.024,0.020,0.035,0.042,0.031,0.013,0.020,0.017,0.029,0.013,0.026,0.022,0.024,0.035,0.017
LP6005592-DNA_G03,0.069,0.095,0.055,0.116,0.106,0.061,0.049,0.044,0.101,0.051,0.058,0.008,0.037,0.064,0.071,0.080,0.042,0.060,0.092,0.124,0.145,0.054,0.076,0.093,0.107,0.054,0.099,0.130,0.055,0.054,0.121,0.055,0.091,0.058,0.041,0.058,0.013,0.051,0.054,0.062,0.048,0.151,0.114,0.105,0.138,0.080,0.083,0.074,0.067,0.104,0.098,0.144,0.072,0.063,0.134,0.089,0.081,0.127,0.105,0.100,0.054,0.051,0.098,0.083,0.070,0.219,0.109,0.097,0.090,0.080,0.084,0.069,0.087,0.048,0.106,0.087,0.080,0.070,0.044,0.039,0.069,0.035,0.042,0.037,0.030,0.069,0.061,0.099,0.068,0.060,0.086,0.050,0.045,0.035,0.028,0.075,0.079,0.051,0.028,0.069,0.049,0.037,0.018,0.142,0.097,0.019,0.025,0.076,0.031,0.055,0.053,0.076,0.095,0.038,0.046,0.066,0.095,0.075,0.046,0.041,0.068,0.027,0.069,0.049,0.113,0.045,0.070,0.042,0.066,0.053,0.027,0.078,0.022,0.073,0.112,0.043,0.095,0.072,0.073,0.097,0.023,0.028,0.030,0.074,0.059,0.044,0.056,0.020,0.054,0.066,0.027,0.010,0.102,0.066,0.012,0.050,0.047,0.027,0.100,0.072,0.040,0.063,0.101,0.053,0.049,0.037,0.076,0.034,0.044,0.025,0.001,0.046,0.105,0.020,0.020,0.060,0.068,0.026,0.023,0.037,0.085,0.036,0.051,0.065,0.039,0.022,0.097,0.048,0.071,0.091,0.032,0.082,0.088,0.041,0.053,0.027,0.161,0.028,0.055,0.079,0.056,0.052,0.084,0.057,0.085,0.110,0.016,0.023,0.049,0.033,0.042,0.019,0.055,0.078,0.041,0.069,0.045,0.075,0.035,0.050,0.049,0.084,0.044,0.057,0.033,0.043,0.033,0.090,0.033,0.058,0.021,0.031,0.076,0.119,0.026,0.040,0.071,0.090,0.074,0.016,0.069,0.043,0.112,0.048,0.022,0.077,0.069,0.033,0.095,0.048,0.060,0.064,0.025,0.043,0.053,0.059,0.095,0.036,0.021,0.072,0.036,0.027,0.059,0.015,0.050,0.077,0.021,0.063,0.038,0.020,0.087,0.012,0.053,0.033,0.063,0.060,0.089,0.079,0.070,0.019,0.064,0.054,0.028,0.087,0.027,0.046,0.038,0.060,0.067,0.075,0.056,0.019,0.025,0.026,0.032,0.038,0.079,0.056,0.059,0.034,0.087,0.035,0.025,0.113,0.076,0.031,0.043,0.007,0.038,0.042,0.033,0.051,0.058,0.084,0.061,0.116,0.083,0.017,0.039,0.090,0.043,0.058,0.072,0.019,0.065,0.064,0.145,0.063,0.044,0.032,0.129,0.075,0.046,0.076,0.078,0.047,0.076,0.064,0.031,0.031,0.087,0.129,0.155,0.125,0.110,0.119,0.063,0.119,0.033,0.084,0.107,0.080,0.050,0.052,0.058,0.060,0.034,0.060,0.055,0.056,0.074,0.046,0.049,0.165,0.037,0.110,0.033,0.109,0.078,0.058,0.074,0.003,0.027,0.119,0.078,0.085,0.088,0.071,0.074,0.104,0.041,0.046,0.000,0.061,0.055,0.061,0.131,0.110,0.024,0.097,0.130,0.073,0.070,0.028,0.021,0.035,0.073,0.046,0.080,0.117,0.063,0.062,0.041,0.088,0.051,0.079,0.066,0.094,0.043,0.082,0.021,0.058,0.045,0.022,0.094,0.086,0.094,0.079,0.091,0.100,0.030,0.085,0.069,0.056,0.139,0.161,0.096,0.062,0.069,0.043,0.026,0.044,0.096,0.068,0.076,0.027,0.066,0.052,0.064
LP6005592-DNA_G05,0.040,0.051,0.045,0.043,0.028,0.039,0.051,0.022,0.015,0.040,0.032,0.029,0.045,0.055,0.029,0.029,0.027,0.046,0.044,0.075,0.033,0.033,0.036,0.033,0.073,0.031,0.056,0.046,0.030,0.035,0.038,0.041,0.043,0.057,0.034,0.042,0.033,0.053,0.038,0.060,0.047,0.043,0.034,0.059,0.041,0.056,0.057,0.031,0.042,0.039,0.039,0.041,0.051,0.032,0.060,0.055,0.021,0.052,0.041,0.042,0.053,0.044,0.031,0.037,0.046,0.054,0.048,0.053,0.051,0.044,0.062,0.027,0.043,0.027,0.020,0.047,0.020,0.042,0.037,0.044,0.049,0.063,0.057,0.018,0.068,0.006,0.004,0.054,0.031,0.010,0.021,0.031,0.007,0.015,0.025,0.101,0.041,0.028,0.034,0.009,0.026,0.080,0.040,0.030,0.029,0.035,0.023,0.008,0.010,0.012,0.019,0.069,0.068,0.035,0.003,0.072,0.035,0.019,0.012,0.088,0.009,0.020,0.048,0.005,0.055,0.066,0.038,0.006,0.010,0.065,0.049,0.020,0.061,0.066,0.055,0.051,0.043,0.012,0.067,0.046,0.037,0.002,0.002,0.025,0.020,0.015,0.034,0.066,0.043,0.050,0.008,0.012,0.010,0.011,0.022,0.009,0.006,0.048,0.007,0.013,0.008,0.031,0.010,0.016,0.034,0.019,0.023,0.025,0.005,0.014,0.032,0.022,0.053,0.050,0.007,0.044,0.017,0.012,0.046,0.006,0.048,0.013,0.067,0.058,0.042,0.010,0.001,0.053,0.040,0.007,0.018,0.024,0.018,0.042,0.034,0.053,0.027,0.014,0.044,0.036,0.079,0.052,0.023,0.016,0.042,0.055,0.036,0.038,0.034,0.080,0.055,0.006,0.044,0.057,0.007,0.050,0.033,0.069,0.062,0.039,0.062,0.057,0.010,0.071,0.055,0.038,0.028,0.079,0.044,0.035,0.047,0.032,0.030,0.042,0.028,0.052,0.022,0.046,0.025,0.026,0.060,0.029,0.053,0.048,0.018,0.032,0.045,0.039,0.019,0.034,0.037,0.047,0.055,0.029,0.071,0.011,0.047,0.039,0.056,0.014,0.027,0.040,0.070,0.015,0.015,0.064,0.014,0.020,0.010,0.056,0.042,0.013,0.020,0.013,0.061,0.025,0.023,0.053,0.007,0.033,0.060,0.053,0.020,0.019,0.023,0.028,0.022,0.023,0.009,0.007,0.017,0.024,0.065,0.057,0.045,0.014,0.011,0.016,0.070,0.006,0.046,0.092,0.003,0.016,0.057,0.002,0.093,0.008,0.005,0.043,0.023,0.019,0.054,0.020,0.051,0.031,0.049,0.009,0.009,0.039,0.029,0.015,0.020,0.016,0.014,0.035,0.039,0.083,0.023,0.032,0.036,0.048,0.041,0.030,0.059,0.035,0.040,0.026,0.034,0.035,0.028,0.046,0.040,0.058,0.047,0.042,0.052,0.047,0.064,0.050,0.073,0.041,0.035,0.070,0.044,0.049,0.024,0.037,0.022,0.044,0.044,0.022,0.022,0.064,0.044,0.042,0.055,0.051,0.049,0.059,0.023,0.049,0.058,0.076,0.014,0.048,0.044,0.038,0.059,0.028,0.052,0.037,0.051,0.041,0.041,0.047,0.050,0.021,0.034,0.055,0.035,0.050,0.025,0.054,0.061,0.033,0.054,0.029,0.019,0.062,0.030,0.057,0.027,0.028,0.066,0.017,0.051,0.036,0.008,0.041,0.051,0.046,0.017,0.031,0.027,0.057,0.076,0.044,0.043,0.045,0.032,0.040,0.062,0.046,0.084,0.079,0.057,0.102,0.054,0.091,0.065,0.032,0.103,0.048,0.065,0.088,0.077,0.028,0.024
LP6005592-DNA_H01,0.053,0.054,0.018,0.010,0.015,0.010,0.048,0.015,0.000,0.041,0.021,0.108,0.026,0.017,0.062,0.024,0.059,0.043,0.047,0.008,0.012,0.054,0.016,0.006,0.001,0.015,0.002,0.030,0.070,0.009,0.006,0.006,0.011,0.010,0.070,0.048,0.016,0.007,0.001,0.010,0.058,0.047,0.032,0.012,0.012,0.017,0.012,0.044,0.036,0.043,0.033,0.057,0.033,0.007,0.006,0.053,0.037,0.033,0.038,0.022,0.055,0.013,0.012,0.000,0.006,0.006,0.032,0.018,0.028,0.046,0.017,0.006,0.054,0.000,0.027,0.006,0.000,0.028,0.050,0.082,0.001,0.044,0.001,0.009,0.012,0.037,0.053,0.053,0.073,0.054,0.001,0.048,0.050,0.064,0.020,0.010,0.042,0.010,0.123,0.042,0.070,0.009,0.012,0.020,0.015,0.037,0.038,0.018,0.051,0.127,0.083,0.007,0.065,0.042,0.118,0.002,0.023,0.027,0.083,0.010,0.168,0.023,0.068,0.133,0.015,0.028,0.040,0.122,0.143,0.000,0.029,0.069,0.014,0.016,0.075,0.020,0.017,0.062,0.011,0.089,0.028,0.024,0.028,0.021,0.042,0.077,0.017,0.008,0.077,0.063,0.022,0.041,0.119,0.039,0.032,0.031,0.117,0.062,0.030,0.160,0.046,0.025,0.042,0.069,0.078,0.059,0.045,0.055,0.085,0.030,0.050,0.132,0.001,0.001,0.014,0.082,0.002,0.036,0.048,0.042,0.001,0.055,0.023,0.036,0.012,0.097,0.016,0.090,0.008,0.043,0.029,0.133,0.037,0.070,0.056,0.001,0.039,0.143,0.039,0.059,0.058,0.016,0.079,0.033,0.009,0.012,0.051,0.000,0.050,0.027,0.091,0.058,0.017,0.006,0.079,0.005,0.160,0.093,0.000,0.020,0.042,0.081,0.031,0.069,0.036,0.121,0.065,0.032,0.012,0.006,0.000,0.001,0.041,0.027,0.037,0.004,0.081,0.080,0.007,0.036,0.044,0.058,0.053,0.047,0.001,0.023,0.123,0.054,0.098,0.023,0.042,0.046,0.001,0.031,0.027,0.083,0.013,0.101,0.023,0.056,0.053,0.095,0.066,0.069,0.033,0.026,0.020,0.131,0.037,0.048,0.047,0.031,0.022,0.145,0.014,0.037,0.027,0.084,0.042,0.093,0.001,0.124,0.075,0.074,0.024,0.047,0.076,0.086,0.061,0.087,0.028,0.003,0.010,0.054,0.007,0.075,0.062,0.000,0.020,0.148,0.017,0.052,0.099,0.032,0.016,0.074,0.001,0.061,0.020,0.021,0.038,0.051,0.016,0.148,0.049,0.020,0.080,0.085,0.050,0.000,0.021,0.009,0.000,0.014,0.060,0.062,0.030,0.012,0.016,0.007,0.042,0.010,0.012,0.013,0.098,0.102,0.069,0.063,0.065,0.092,0.123,0.016,0.054,0.037,0.012,0.032,0.006,0.012,0.051,0.047,0.050,0.082,0.089,0.079,0.000,0.042,0.040,0.001,0.006,0.051,0.044,0.102,0.046,0.066,0.012,0.016,0.083,0.017,0.038,0.025,0.033,0.009,0.011,0.011,0.047,0.036,0.001,0.000,0.020,0.003,0.117,0.000,0.041,0.016,0.015,0.000,0.000,0.015,0.024,0.023,0.108,0.013,0.007,0.095,0.015,0.052,0.001,0.065,0.018,0.042,0.026,0.057,0.030,0.000,0.007,0.035,0.072,0.022,0.054,0.084,0.007,0.022,0.109,0.054,0.000,0.041,0.024,0.022,0.000,0.006,0.107,0.010,0.048,0.016,0.060,0.095,0.032,0.021,0.070,0.016,0.052,0.025,0.016,0.027,0.057,0.064,0.007,0.054,0.029
LP6005619-DNA_A01,0.039,0.037,0.064,0.068,0.087,0.049,0.086,0.052,0.026,0.041,0.044,0.056,0.069,0.062,0.024,0.072,0.055,0.054,0.054,0.040,0.056,0.057,0.024,0.034,0.044,0.076,0.038,0.045,0.026,0.034,0.024,0.077,0.080,0.060,0.054,0.045,0.053,0.046,0.059,0.070,0.074,0.044,0.038,0.050,0.064,0.064,0.066,0.035,0.079,0.041,0.046,0.040,0.035,0.039,0.032,0.050,0.055,0.038,0.058,0.048,0.054,0.026,0.095,0.044,0.057,0.065,0.030,0.043,0.072,0.052,0.066,0.017,0.070,0.038,0.059,0.053,0.065,0.078,0.060,0.059,0.056,0.058,0.027,0.024,0.037,0.005,0.003,0.058,0.058,0.011,0.075,0.056,0.004,0.010,0.069,0.116,0.073,0.067,0.031,0.014,0.012,0.121,0.049,0.011,0.082,0.015,0.011,0.010,0.016,0.007,0.021,0.069,0.128,0.131,0.004,0.067,0.021,0.010,0.003,0.054,0.011,0.046,0.044,0.010,0.076,0.043,0.078,0.002,0.009,0.085,0.030,0.011,0.078,0.085,0.087,0.085,0.063,0.009,0.084,0.053,0.096,0.005,0.003,0.021,0.017,0.015,0.054,0.070,0.063,0.074,0.003,0.003,0.034,0.015,0.007,0.018,0.008,0.032,0.009,0.005,0.012,0.039,0.005,0.008,0.040,0.007,0.015,0.019,0.003,0.026,0.063,0.010,0.064,0.085,0.002,0.031,0.006,0.009,0.021,0.003,0.063,0.006,0.062,0.042,0.110,0.005,0.003,0.047,0.038,0.005,0.005,0.015,0.020,0.036,0.089,0.065,0.015,0.033,0.068,0.021,0.109,0.103,0.028,0.006,0.049,0.040,0.055,0.070,0.096,0.065,0.053,0.006,0.065,0.067,0.005,0.061,0.043,0.063,0.066,0.032,0.043,0.053,0.010,0.137,0.082,0.042,0.029,0.118,0.049,0.070,0.089,0.068,0.038,0.035,0.086,0.154,0.013,0.037,0.100,0.035,0.107,0.068,0.092,0.047,0.006,0.061,0.101,0.110,0.017,0.019,0.049,0.077,0.037,0.022,0.068,0.007,0.042,0.024,0.067,0.014,0.019,0.049,0.052,0.027,0.016,0.034,0.017,0.018,0.016,0.057,0.084,0.017,0.006,0.012,0.065,0.019,0.027,0.103,0.012,0.010,0.055,0.044,0.013,0.018,0.056,0.029,0.022,0.014,0.009,0.006,0.015,0.022,0.053,0.085,0.046,0.016,0.015,0.008,0.087,0.005,0.089,0.110,0.006,0.009,0.082,0.000,0.051,0.007,0.010,0.035,0.009,0.021,0.043,0.012,0.053,0.078,0.067,0.008,0.007,0.032,0.038,0.010,0.033,0.006,0.040,0.093,0.097,0.058,0.038,0.063,0.051,0.045,0.038,0.032,0.043,0.054,0.038,0.024,0.056,0.026,0.026,0.066,0.081,0.040,0.034,0.067,0.067,0.031,0.041,0.097,0.061,0.034,0.053,0.054,0.044,0.032,0.026,0.020,0.029,0.051,0.049,0.031,0.042,0.041,0.049,0.062,0.041,0.049,0.042,0.061,0.046,0.043,0.023,0.058,0.053,0.040,0.037,0.069,0.041,0.037,0.027,0.051,0.053,0.039,0.030,0.072,0.067,0.077,0.051,0.071,0.032,0.058,0.063,0.065,0.038,0.059,0.063,0.038,0.031,0.073,0.057,0.042,0.041,0.055,0.051,0.018,0.064,0.024,0.009,0.045,0.023,0.063,0.022,0.073,0.049,0.058,0.072,0.035,0.058,0.017,0.057,0.077,0.033,0.059,0.026,0.084,0.033,0.071,0.077,0.091,0.058,0.048,0.074,0.077,0.052,0.082,0.035,0.086,0.043
LP6005619-DNA_B01,0.055,0.063,0.040,0.117,0.009,0.089,0.032,0.033,0.024,0.089,0.040,0.056,0.068,0.042,0.036,0.096,0.048,0.119,0.025,0.058,0.009,0.019,0.062,0.057,0.018,0.037,0.012,0.036,0.058,0.008,0.062,0.016,0.008,0.092,0.072,0.008,0.024,0.030,0.041,0.037,0.045,0.044,0.049,0.094,0.049,0.093,0.024,0.102,0.055,0.040,0.049,0.054,0.097,0.026,0.107,0.102,0.076,0.045,0.055,0.055,0.041,0.071,0.109,0.035,0.089,0.063,0.055,0.056,0.109,0.089,0.078,0.052,0.030,0.067,0.064,0.019,0.009,0.053,0.026,0.015,0.009,0.033,0.036,0.055,0.043,0.045,0.074,0.126,0.063,0.035,0.025,0.054,0.084,0.025,0.033,0.008,0.093,0.084,0.089,0.090,0.048,0.051,0.048,0.016,0.044,0.043,0.053,0.054,0.047,0.067,0.073,0.059,0.002,0.057,0.028,0.030,0.052,0.074,0.063,0.037,0.098,0.087,0.091,0.032,0.038,0.038,0.100,0.049,0.053,0.049,0.062,0.051,0.097,0.068,0.130,0.059,0.053,0.077,0.026,0.104,0.065,0.059,0.044,0.078,0.044,0.113,0.035,0.060,0.124,0.047,0.046,0.028,0.139,0.086,0.045,0.000,0.040,0.093,0.103,0.068,0.040,0.043,0.083,0.088,0.060,0.051,0.056,0.013,0.067,0.082,0.036,0.108,0.060,0.038,0.023,0.088,0.042,0.076,0.014,0.072,0.095,0.086,0.062,0.026,0.042,0.065,0.100,0.093,0.059,0.058,0.071,0.078,0.023,0.055,0.069,0.008,0.028,0.109,0.078,0.175,0.066,0.065,0.079,0.047,0.093,0.093,0.096,0.038,0.042,0.123,0.100,0.085,0.048,0.048,0.017,0.028,0.057,0.070,0.029,0.093,0.106,0.106,0.045,0.008,0.072,0.090,0.014,0.040,0.050,0.054,0.062,0.047,0.129,0.098,0.064,0.089,0.076,0.090,0.025,0.061,0.070,0.060,0.119,0.019,0.053,0.053,0.015,0.074,0.115,0.066,0.068,0.019,0.018,0.083,0.133,0.018,0.064,0.048,0.068,0.024,0.037,0.030,0.090,0.053,0.063,0.074,0.102,0.053,0.012,0.023,0.027,0.042,0.049,0.087,0.042,0.044,0.068,0.035,0.111,0.062,0.018,0.059,0.025,0.026,0.036,0.062,0.070,0.066,0.065,0.024,0.014,0.040,0.015,0.035,0.062,0.078,0.145,0.024,0.020,0.075,0.045,0.098,0.122,0.011,0.042,0.054,0.044,0.054,0.052,0.084,0.097,0.081,0.110,0.074,0.055,0.059,0.056,0.124,0.051,0.072,0.095,0.046,0.000,0.107,0.041,0.090,0.063,0.096,0.067,0.046,0.052,0.037,0.012,0.022,0.028,0.034,0.076,0.018,0.016,0.008,0.016,0.045,0.090,0.103,0.063,0.092,0.115,0.048,0.033,0.038,0.048,0.041,0.070,0.025,0.030,0.016,0.031,0.056,0.066,0.069,0.045,0.016,0.018,0.045,0.039,0.089,0.086,0.058,0.053,0.126,0.065,0.020,0.049,0.008,0.025,0.017,0.055,0.075,0.017,0.040,0.063,0.086,0.045,0.016,0.057,0.018,0.044,0.032,0.026,0.091,0.053,0.036,0.045,0.024,0.044,0.038,0.017,0.075,0.030,0.025,0.018,0.041,0.103,0.041,0.060,0.043,0.016,0.111,0.122,0.101,0.037,0.068,0.091,0.026,0.061,0.064,0.063,0.102,0.060,0.014,0.094,0.137,0.186,0.136,0.095,0.151,0.126,0.103,0.160,0.125,0.125,0.160,0.104,0.092,0.123,0.165,0.100,0.028,0.048
LP6005619-DNA_C01,0.167,0.037,0.078,0.075,0.135,0.034,0.157,0.100,0.128,0.054,0.062,0.109,0.063,0.087,0.115,0.259,0.065,0.089,0.106,0.115,0.067,0.059,0.111,0.055,0.053,0.155,0.104,0.165,0.074,0.041,0.046,0.193,0.064,0.049,0.092,0.081,0.054,0.075,0.049,0.054,0.114,0.057,0.053,0.051,0.027,0.094,0.124,0.086,0.097,0.120,0.104,0.034,0.038,0.024,0.152,0.120,0.158,0.159,0.084,0.129,0.072,0.040,0.068,0.134,0.084,0.251,0.093,0.069,0.127,0.108,0.160,0.075,0.093,0.071,0.108,0.053,0.063,0.067,0.148,0.093,0.062,0.060,0.008,0.069,0.065,0.085,0.023,0.118,0.118,0.057,0.065,0.123,0.065,0.078,0.063,0.128,0.148,0.054,0.084,0.155,0.016,0.044,0.012,0.061,0.005,0.011,0.074,0.040,0.040,0.085,0.136,0.066,0.003,0.106,0.027,0.092,0.086,0.125,0.020,0.017,0.117,0.027,0.062,0.024,0.087,0.061,0.124,0.069,0.007,0.011,0.076,0.103,0.054,0.058,0.103,0.030,0.056,0.113,0.044,0.058,0.006,0.068,0.042,0.119,0.136,0.086,0.054,0.034,0.077,0.038,0.027,0.079,0.115,0.101,0.041,0.132,0.011,0.093,0.077,0.039,0.104,0.069,0.021,0.070,0.078,0.095,0.117,0.037,0.024,0.118,0.062,0.053,0.111,0.007,0.017,0.093,0.053,0.064,0.068,0.090,0.181,0.083,0.006,0.094,0.088,0.054,0.070,0.118,0.039,0.043,0.043,0.048,0.120,0.053,0.029,0.043,0.058,0.099,0.038,0.088,0.009,0.094,0.030,0.008,0.142,0.030,0.037,0.011,0.083,0.029,0.021,0.011,0.076,0.098,0.136,0.065,0.006,0.045,0.067,0.081,0.063,0.102,0.053,0.094,0.047,0.064,0.091,0.090,0.073,0.063,0.170,0.024,0.159,0.103,0.012,0.052,0.081,0.082,0.030,0.006,0.029,0.011,0.082,0.088,0.064,0.099,0.069,0.114,0.056,0.089,0.060,0.072,0.065,0.098,0.055,0.085,0.125,0.020,0.049,0.048,0.165,0.046,0.070,0.118,0.061,0.057,0.088,0.069,0.058,0.123,0.092,0.043,0.060,0.079,0.048,0.087,0.063,0.088,0.065,0.054,0.089,0.045,0.052,0.081,0.147,0.092,0.094,0.028,0.129,0.148,0.088,0.071,0.011,0.037,0.124,0.061,0.136,0.059,0.054,0.034,0.104,0.093,0.056,0.073,0.046,0.036,0.107,0.065,0.011,0.005,0.024,0.002,0.031,0.097,0.055,0.168,0.156,0.038,0.009,0.050,0.106,0.092,0.093,0.014,0.078,0.158,0.164,0.171,0.084,0.042,0.118,0.082,0.080,0.044,0.090,0.120,0.085,0.054,0.060,0.087,0.077,0.103,0.110,0.141,0.209,0.089,0.101,0.088,0.005,0.130,0.090,0.092,0.135,0.079,0.129,0.084,0.017,0.010,0.098,0.126,0.062,0.030,0.081,0.157,0.037,0.101,0.065,0.103,0.065,0.132,0.086,0.117,0.107,0.102,0.118,0.099,0.084,0.103,0.089,0.085,0.055,0.089,0.093,0.026,0.068,0.093,0.046,0.059,0.032,0.143,0.062,0.064,0.116,0.057,0.053,0.132,0.045,0.087,0.021,0.167,0.018,0.158,0.066,0.101,0.110,0.086,0.103,0.109,0.011,0.108,0.071,0.066,0.078,0.118,0.139,0.128,0.134,0.064,0.044,0.124,0.038,0.153,0.133,0.103,0.129,0.095,0.185,0.089,0.176,0.011,0.148,0.136,0.124,0.087,0.124,0.101,0.104,0.126,0.024
LP6005677-DNA_A02,0.044,0.033,0.025,0.065,0.072,0.060,0.052,0.084,0.066,0.134,0.089,0.044,0.020,0.096,0.023,0.057,0.027,0.073,0.084,0.099,0.066,0.054,0.049,0.080,0.084,0.039,0.080,0.072,0.042,0.029,0.042,0.032,0.064,0.084,0.046,0.052,0.020,0.043,0.032,0.100,0.075,0.063,0.050,0.058,0.048,0.045,0.068,0.037,0.035,0.016,0.029,0.032,0.026,0.031,0.043,0.055,0.024,0.026,0.045,0.049,0.020,0.021,0.040,0.037,0.035,0.053,0.046,0.082,0.046,0.085,0.034,0.057,0.034,0.043,0.059,0.023,0.067,0.078,0.049,0.034,0.142,0.053,0.031,0.014,0.033,0.005,0.027,0.032,0.025,0.038,0.023,0.017,0.002,0.013,0.065,0.107,0.033,0.021,0.017,0.025,0.036,0.046,0.042,0.032,0.075,0.027,0.037,0.018,0.010,0.040,0.021,0.056,0.082,0.047,0.023,0.050,0.027,0.040,0.012,0.069,0.022,0.024,0.044,0.031,0.062,0.064,0.043,0.014,0.055,0.087,0.052,0.012,0.068,0.079,0.048,0.062,0.049,0.001,0.093,0.050,0.031,0.030,0.010,0.011,0.031,0.008,0.054,0.061,0.067,0.032,0.029,0.012,0.024,0.036,0.010,0.008,0.005,0.084,0.024,0.036,0.027,0.086,0.031,0.001,0.059,0.007,0.030,0.010,0.018,0.016,0.040,0.047,0.069,0.046,0.009,0.011,0.029,0.010,0.037,0.046,0.103,0.025,0.092,0.052,0.048,0.013,0.036,0.056,0.054,0.019,0.021,0.024,0.007,0.032,0.094,0.028,0.042,0.023,0.053,0.047,0.083,0.044,0.087,0.038,0.061,0.054,0.034,0.052,0.095,0.098,0.081,0.041,0.052,0.057,0.018,0.101,0.028,0.127,0.097,0.019,0.017,0.054,0.032,0.079,0.053,0.087,0.044,0.056,0.047,0.021,0.016,0.028,0.040,0.023,0.042,0.062,0.026,0.020,0.034,0.054,0.081,0.037,0.039,0.024,0.028,0.038,0.056,0.027,0.045,0.028,0.045,0.020,0.074,0.040,0.048,0.018,0.038,0.022,0.062,0.010,0.031,0.035,0.056,0.046,0.035,0.081,0.037,0.061,0.011,0.035,0.054,0.046,0.034,0.007,0.057,0.054,0.051,0.091,0.086,0.059,0.040,0.038,0.034,0.047,0.045,0.020,0.003,0.009,0.020,0.013,0.025,0.013,0.053,0.038,0.080,0.008,0.007,0.048,0.043,0.035,0.083,0.060,0.026,0.019,0.060,0.007,0.065,0.026,0.001,0.049,0.056,0.018,0.108,0.000,0.046,0.017,0.046,0.029,0.002,0.104,0.035,0.018,0.042,0.066,0.042,0.046,0.035,0.040,0.048,0.046,0.030,0.027,0.024,0.028,0.041,0.072,0.060,0.031,0.025,0.061,0.038,0.053,0.027,0.023,0.024,0.046,0.030,0.026,0.037,0.044,0.103,0.111,0.080,0.045,0.045,0.119,0.062,0.044,0.034,0.076,0.071,0.068,0.060,0.030,0.027,0.043,0.025,0.031,0.015,0.037,0.032,0.038,0.048,0.068,0.059,0.125,0.029,0.050,0.046,0.040,0.024,0.044,0.057,0.032,0.068,0.054,0.072,0.057,0.023,0.058,0.032,0.052,0.041,0.073,0.029,0.026,0.059,0.018,0.114,0.058,0.076,0.051,0.052,0.057,0.050,0.015,0.084,0.045,0.011,0.044,0.018,0.067,0.044,0.040,0.038,0.069,0.088,0.057,0.057,0.029,0.076,0.021,0.030,0.021,0.031,0.031,0.041,0.031,0.032,0.068,0.023,0.036,0.067,0.045,0.011,0.060,0.056,0.018,0.045
LP6005677-DNA_A03,0.020,0.055,0.064,0.031,0.035,0.038,0.061,0.123,0.069,0.063,0.045,0.114,0.094,0.125,0.028,0.028,0.045,0.070,0.021,0.129,0.033,0.034,0.028,0.023,0.026,0.043,0.037,0.080,0.070,0.070,0.048,0.010,0.048,0.062,0.074,0.020,0.020,0.036,0.041,0.035,0.095,0.061,0.114,0.081,0.045,0.097,0.113,0.058,0.100,0.093,0.050,0.064,0.040,0.051,0.063,0.095,0.052,0.092,0.102,0.065,0.037,0.059,0.023,0.098,0.092,0.031,0.101,0.043,0.081,0.054,0.033,0.062,0.042,0.045,0.070,0.097,0.046,0.037,0.021,0.022,0.034,0.056,0.076,0.053,0.056,0.059,0.074,0.059,0.066,0.019,0.037,0.027,0.084,0.049,0.052,0.077,0.086,0.050,0.023,0.038,0.033,0.027,0.053,0.029,0.064,0.092,0.042,0.042,0.018,0.085,0.010,0.042,0.127,0.034,0.012,0.064,0.075,0.020,0.044,0.048,0.039,0.050,0.056,0.079,0.021,0.043,0.087,0.044,0.116,0.040,0.086,0.094,0.074,0.080,0.125,0.042,0.052,0.052,0.069,0.103,0.094,0.084,0.020,0.036,0.087,0.074,0.030,0.040,0.140,0.089,0.024,0.085,0.052,0.097,0.100,0.014,0.043,0.082,0.047,0.039,0.075,0.099,0.045,0.099,0.078,0.042,0.072,0.035,0.030,0.120,0.016,0.101,0.023,0.053,0.031,0.044,0.076,0.043,0.046,0.025,0.047,0.034,0.122,0.078,0.033,0.077,0.074,0.100,0.027,0.033,0.067,0.065,0.059,0.073,0.051,0.036,0.065,0.050,0.049,0.127,0.066,0.034,0.111,0.103,0.050,0.073,0.118,0.047,0.023,0.105,0.052,0.012,0.040,0.076,0.083,0.031,0.056,0.096,0.070,0.118,0.085,0.028,0.082,0.083,0.087,0.053,0.072,0.049,0.061,0.025,0.090,0.017,0.084,0.099,0.045,0.071,0.141,0.118,0.018,0.069,0.018,0.072,0.079,0.055,0.037,0.111,0.023,0.047,0.102,0.012,0.089,0.064,0.079,0.069,0.054,0.039,0.067,0.070,0.104,0.027,0.075,0.023,0.110,0.043,0.071,0.046,0.072,0.108,0.017,0.012,0.054,0.104,0.122,0.051,0.091,0.087,0.067,0.036,0.059,0.119,0.048,0.078,0.034,0.075,0.110,0.067,0.071,0.088,0.046,0.039,0.056,0.064,0.058,0.130,0.019,0.046,0.056,0.137,0.018,0.051,0.036,0.067,0.028,0.018,0.082,0.021,0.027,0.043,0.008,0.096,0.048,0.076,0.092,0.069,0.085,0.070,0.065,0.108,0.041,0.008,0.060,0.022,0.025,0.090,0.023,0.054,0.071,0.076,0.077,0.090,0.084,0.075,0.047,0.040,0.019,0.050,0.022,0.059,0.026,0.020,0.030,0.094,0.036,0.088,0.073,0.126,0.093,0.034,0.030,0.034,0.065,0.072,0.014,0.038,0.056,0.047,0.053,0.020,0.018,0.066,0.049,0.033,0.039,0.086,0.058,0.086,0.054,0.101,0.124,0.050,0.076,0.069,0.035,0.094,0.020,0.116,0.064,0.047,0.022,0.070,0.037,0.058,0.056,0.045,0.077,0.057,0.022,0.008,0.068,0.023,0.021,0.046,0.006,0.064,0.062,0.028,0.037,0.032,0.047,0.030,0.041,0.045,0.038,0.019,0.039,0.058,0.079,0.074,0.061,0.089,0.064,0.086,0.129,0.034,0.023,0.016,0.073,0.022,0.052,0.036,0.126,0.035,0.047,0.088,0.059,0.087,0.120,0.097,0.054,0.068,0.090,0.055,0.026,0.128,0.111,0.067,0.020,0.031,0.072
LP6005677-DNA_B01,0.054,0.073,0.065,0.070,0.043,0.096,0.076,0.006,0.047,0.062,0.050,0.029,0.103,0.033,0.071,0.024,0.067,0.105,0.055,0.093,0.036,0.051,0.054,0.064,0.085,0.094,0.027,0.063,0.063,0.059,0.064,0.033,0.077,0.105,0.056,0.037,0.033,0.042,0.056,0.090,0.061,0.044,0.099,0.139,0.077,0.118,0.076,0.068,0.080,0.050,0.109,0.088,0.063,0.093,0.112,0.086,0.074,0.083,0.114,0.077,0.053,0.109,0.091,0.120,0.102,0.058,0.128,0.045,0.088,0.094,0.071,0.028,0.054,0.065,0.097,0.072,0.044,0.059,0.049,0.039,0.030,0.020,0.067,0.060,0.053,0.040,0.060,0.084,0.087,0.040,0.051,0.081,0.055,0.107,0.054,0.105,0.081,0.106,0.044,0.030,0.074,0.075,0.112,0.036,0.084,0.092,0.042,0.024,0.038,0.047,0.063,0.088,0.089,0.061,0.037,0.048,0.108,0.000,0.028,0.049,0.025,0.049,0.112,0.018,0.042,0.043,0.097,0.029,0.016,0.088,0.062,0.044,0.063,0.096,0.072,0.077,0.090,0.019,0.064,0.110,0.127,0.047,0.016,0.041,0.040,0.102,0.009,0.073,0.090,0.097,0.027,0.022,0.026,0.062,0.078,0.036,0.022,0.081,0.028,0.058,0.026,0.074,0.026,0.087,0.113,0.074,0.070,0.011,0.041,0.069,0.025,0.029,0.055,0.034,0.049,0.035,0.042,0.062,0.033,0.065,0.087,0.042,0.119,0.054,0.086,0.032,0.025,0.074,0.049,0.023,0.018,0.086,0.080,0.063,0.093,0.033,0.111,0.033,0.088,0.087,0.057,0.047,0.079,0.039,0.045,0.116,0.066,0.055,0.057,0.115,0.076,0.023,0.062,0.110,0.043,0.066,0.053,0.043,0.050,0.108,0.122,0.081,0.084,0.043,0.071,0.049,0.033,0.083,0.088,0.060,0.059,0.072,0.141,0.097,0.115,0.057,0.049,0.059,0.073,0.055,0.045,0.074,0.113,0.093,0.011,0.055,0.061,0.098,0.049,0.084,0.113,0.128,0.029,0.097,0.097,0.028,0.085,0.033,0.041,0.025,0.048,0.024,0.086,0.038,0.055,0.056,0.043,0.015,0.036,0.036,0.088,0.015,0.039,0.037,0.065,0.044,0.061,0.074,0.045,0.054,0.021,0.140,0.039,0.032,0.045,0.054,0.096,0.078,0.048,0.043,0.066,0.019,0.062,0.062,0.050,0.059,0.063,0.068,0.105,0.081,0.034,0.101,0.047,0.033,0.062,0.028,0.064,0.031,0.001,0.027,0.073,0.109,0.110,0.167,0.071,0.035,0.060,0.058,0.013,0.081,0.124,0.041,0.045,0.045,0.081,0.052,0.084,0.175,0.083,0.095,0.113,0.090,0.079,0.090,0.097,0.078,0.075,0.062,0.037,0.061,0.025,0.139,0.077,0.103,0.079,0.113,0.101,0.078,0.043,0.076,0.065,0.033,0.050,0.054,0.083,0.036,0.045,0.040,0.047,0.070,0.033,0.009,0.020,0.105,0.066,0.146,0.066,0.086,0.117,0.070,0.098,0.120,0.047,0.129,0.046,0.046,0.056,0.059,0.053,0.085,0.047,0.063,0.065,0.038,0.072,0.071,0.061,0.038,0.101,0.074,0.063,0.037,0.041,0.038,0.012,0.040,0.039,0.078,0.040,0.061,0.053,0.022,0.074,0.038,0.062,0.068,0.059,0.079,0.046,0.159,0.065,0.125,0.050,0.035,0.048,0.053,0.065,0.062,0.047,0.035,0.080,0.071,0.042,0.057,0.044,0.084,0.129,0.101,0.064,0.090,0.109,0.129,0.091,0.050,0.078,0.092,0.040,0.018,0.083
LP6005677-DNA_B02,0.047,0.042,0.060,0.077,0.055,0.063,0.059,0.086,0.082,0.104,0.096,0.028,0.102,0.057,0.031,0.102,0.046,0.068,0.071,0.064,0.041,0.082,0.077,0.074,0.045,0.050,0.042,0.083,0.064,0.067,0.056,0.042,0.066,0.054,0.071,0.090,0.097,0.084,0.067,0.096,0.099,0.105,0.042,0.065,0.024,0.047,0.041,0.043,0.052,0.034,0.054,0.028,0.032,0.033,0.033,0.049,0.030,0.042,0.072,0.043,0.059,0.053,0.038,0.033,0.070,0.025,0.041,0.106,0.118,0.084,0.065,0.057,0.044,0.059,0.055,0.069,0.068,0.083,0.037,0.059,0.124,0.046,0.068,0.052,0.044,0.026,0.027,0.061,0.068,0.037,0.032,0.049,0.021,0.038,0.088,0.099,0.049,0.095,0.024,0.024,0.030,0.077,0.084,0.034,0.113,0.063,0.029,0.006,0.026,0.027,0.031,0.080,0.128,0.090,0.014,0.084,0.048,0.051,0.024,0.081,0.009,0.029,0.060,0.030,0.110,0.106,0.066,0.010,0.031,0.102,0.085,0.035,0.083,0.085,0.080,0.094,0.124,0.018,0.112,0.072,0.072,0.015,0.014,0.026,0.024,0.034,0.069,0.103,0.073,0.048,0.021,0.029,0.020,0.010,0.047,0.017,0.008,0.071,0.022,0.026,0.010,0.086,0.048,0.037,0.052,0.025,0.039,0.021,0.015,0.040,0.028,0.021,0.084,0.095,0.013,0.027,0.047,0.032,0.038,0.021,0.088,0.026,0.102,0.042,0.076,0.037,0.052,0.086,0.053,0.018,0.027,0.048,0.044,0.028,0.074,0.058,0.054,0.018,0.057,0.057,0.168,0.074,0.033,0.044,0.053,0.065,0.078,0.100,0.082,0.067,0.117,0.031,0.056,0.043,0.033,0.108,0.080,0.147,0.110,0.036,0.067,0.076,0.028,0.100,0.086,0.062,0.036,0.118,0.042,0.033,0.091,0.074,0.086,0.052,0.041,0.087,0.030,0.057,0.102,0.056,0.090,0.042,0.046,0.059,0.020,0.057,0.084,0.062,0.050,0.057,0.053,0.057,0.067,0.066,0.103,0.024,0.051,0.049,0.050,0.021,0.018,0.050,0.057,0.030,0.028,0.069,0.037,0.060,0.010,0.034,0.073,0.031,0.042,0.007,0.055,0.030,0.033,0.080,0.038,0.036,0.054,0.069,0.005,0.017,0.046,0.028,0.051,0.045,0.031,0.021,0.024,0.024,0.069,0.065,0.126,0.043,0.029,0.041,0.084,0.024,0.073,0.116,0.016,0.018,0.096,0.005,0.079,0.030,0.006,0.086,0.041,0.060,0.081,0.049,0.044,0.033,0.084,0.023,0.023,0.022,0.021,0.031,0.024,0.014,0.053,0.042,0.044,0.032,0.035,0.035,0.051,0.057,0.028,0.060,0.076,0.048,0.097,0.052,0.051,0.091,0.040,0.050,0.062,0.056,0.034,0.056,0.063,0.046,0.064,0.061,0.092,0.086,0.076,0.065,0.097,0.091,0.036,0.052,0.034,0.069,0.053,0.043,0.041,0.047,0.056,0.067,0.056,0.049,0.057,0.054,0.051,0.063,0.054,0.091,0.039,0.103,0.068,0.080,0.054,0.050,0.041,0.074,0.062,0.025,0.077,0.047,0.079,0.065,0.056,0.054,0.040,0.093,0.083,0.096,0.025,0.069,0.061,0.048,0.071,0.043,0.084,0.045,0.047,0.074,0.069,0.016,0.079,0.050,0.011,0.074,0.045,0.064,0.033,0.053,0.069,0.072,0.063,0.068,0.072,0.060,0.086,0.023,0.030,0.042,0.041,0.034,0.065,0.034,0.030,0.030,0.048,0.071,0.031,0.029,0.029,0.039,0.011,0.054,0.071
LP6005677-DNA_C03,0.046,0.067,0.068,0.056,0.034,0.049,0.044,0.029,0.061,0.055,0.047,0.027,0.097,0.032,0.050,0.053,0.072,0.073,0.030,0.053,0.022,0.006,0.023,0.045,0.016,0.075,0.005,0.078,0.031,0.075,0.035,0.021,0.026,0.037,0.035,0.036,0.013,0.022,0.018,0.025,0.057,0.060,0.084,0.061,0.038,0.098,0.037,0.064,0.090,0.081,0.047,0.041,0.040,0.044,0.070,0.066,0.037,0.071,0.074,0.051,0.074,0.087,0.059,0.052,0.086,0.030,0.044,0.045,0.040,0.053,0.049,0.040,0.050,0.063,0.039,0.061,0.021,0.026,0.032,0.022,0.023,0.032,0.059,0.089,0.091,0.082,0.033,0.061,0.077,0.105,0.039,0.098,0.050,0.170,0.011,0.038,0.089,0.057,0.096,0.046,0.026,0.045,0.039,0.078,0.023,0.119,0.071,0.016,0.097,0.119,0.044,0.060,0.052,0.032,0.139,0.037,0.070,0.064,0.076,0.022,0.069,0.035,0.054,0.165,0.041,0.047,0.056,0.025,0.137,0.019,0.082,0.109,0.031,0.042,0.100,0.036,0.049,0.087,0.037,0.094,0.047,0.027,0.021,0.064,0.048,0.129,0.012,0.024,0.051,0.053,0.049,0.047,0.059,0.086,0.094,0.056,0.099,0.052,0.054,0.182,0.059,0.018,0.063,0.148,0.083,0.145,0.075,0.093,0.107,0.069,0.002,0.047,0.040,0.020,0.043,0.047,0.047,0.026,0.007,0.073,0.026,0.032,0.077,0.059,0.043,0.100,0.045,0.037,0.022,0.072,0.059,0.204,0.064,0.068,0.011,0.019,0.144,0.157,0.053,0.093,0.070,0.046,0.133,0.026,0.039,0.046,0.060,0.007,0.054,0.046,0.071,0.086,0.018,0.066,0.095,0.030,0.049,0.055,0.012,0.076,0.126,0.089,0.065,0.029,0.079,0.111,0.123,0.058,0.066,0.047,0.067,0.017,0.083,0.059,0.045,0.045,0.112,0.073,0.018,0.040,0.093,0.085,0.075,0.052,0.024,0.062,0.029,0.109,0.101,0.020,0.063,0.104,0.029,0.045,0.097,0.041,0.091,0.039,0.019,0.041,0.053,0.089,0.029,0.087,0.053,0.024,0.041,0.115,0.023,0.034,0.069,0.024,0.064,0.103,0.032,0.064,0.034,0.037,0.030,0.102,0.030,0.111,0.084,0.030,0.060,0.060,0.111,0.031,0.075,0.030,0.042,0.042,0.058,0.097,0.041,0.117,0.062,0.064,0.053,0.127,0.053,0.047,0.079,0.040,0.059,0.084,0.033,0.032,0.027,0.000,0.056,0.142,0.074,0.146,0.055,0.052,0.087,0.129,0.101,0.023,0.055,0.033,0.023,0.020,0.110,0.047,0.118,0.085,0.091,0.079,0.086,0.106,0.048,0.085,0.046,0.040,0.040,0.057,0.037,0.047,0.052,0.090,0.095,0.077,0.058,0.087,0.063,0.063,0.005,0.044,0.046,0.048,0.036,0.036,0.048,0.027,0.017,0.005,0.022,0.031,0.007,0.007,0.002,0.074,0.085,0.084,0.057,0.042,0.068,0.085,0.060,0.031,0.029,0.062,0.010,0.031,0.046,0.055,0.018,0.063,0.043,0.017,0.029,0.034,0.032,0.058,0.035,0.032,0.060,0.061,0.049,0.017,0.070,0.024,0.020,0.061,0.027,0.023,0.008,0.036,0.016,0.014,0.045,0.023,0.031,0.078,0.035,0.080,0.042,0.143,0.053,0.086,0.085,0.012,0.024,0.011,0.024,0.026,0.011,0.040,0.093,0.095,0.051,0.071,0.071,0.063,0.108,0.113,0.091,0.078,0.106,0.093,0.067,0.079,0.091,0.086,0.067,0.040,0.081
LP6005677-DNA_D01,0.029,0.051,0.132,0.052,0.032,0.070,0.065,0.052,0.066,0.048,0.070,0.016,0.040,0.057,0.058,0.028,0.028,0.065,0.054,0.091,0.100,0.042,0.095,0.135,0.083,0.043,0.087,0.154,0.027,0.033,0.026,0.025,0.101,0.040,0.096,0.098,0.054,0.065,0.042,0.071,0.079,0.104,0.055,0.077,0.058,0.049,0.078,0.098,0.056,0.072,0.050,0.063,0.048,0.060,0.059,0.113,0.041,0.069,0.082,0.048,0.063,0.060,0.040,0.072,0.057,0.080,0.052,0.101,0.034,0.045,0.045,0.075,0.070,0.025,0.057,0.102,0.128,0.094,0.054,0.070,0.034,0.056,0.069,0.017,0.045,0.026,0.018,0.063,0.148,0.015,0.064,0.152,0.025,0.039,0.113,0.118,0.100,0.148,0.018,0.016,0.026,0.058,0.077,0.017,0.057,0.057,0.029,0.038,0.032,0.037,0.021,0.086,0.100,0.083,0.028,0.075,0.021,0.030,0.018,0.054,0.032,0.023,0.069,0.048,0.039,0.065,0.158,0.014,0.069,0.070,0.059,0.060,0.084,0.067,0.229,0.103,0.051,0.034,0.080,0.205,0.174,0.004,0.004,0.029,0.028,0.035,0.023,0.052,0.183,0.184,0.010,0.014,0.030,0.028,0.023,0.031,0.023,0.098,0.016,0.035,0.013,0.048,0.015,0.029,0.145,0.029,0.018,0.052,0.018,0.020,0.067,0.036,0.088,0.047,0.010,0.037,0.030,0.023,0.037,0.008,0.075,0.014,0.072,0.066,0.084,0.033,0.016,0.051,0.068,0.031,0.026,0.056,0.019,0.046,0.057,0.086,0.036,0.047,0.132,0.034,0.087,0.079,0.065,0.034,0.031,0.057,0.187,0.071,0.093,0.087,0.046,0.024,0.078,0.022,0.032,0.072,0.068,0.101,0.055,0.041,0.029,0.043,0.022,0.115,0.132,0.081,0.089,0.052,0.067,0.046,0.063,0.105,0.076,0.059,0.044,0.096,0.041,0.167,0.122,0.142,0.061,0.165,0.037,0.036,0.011,0.207,0.071,0.146,0.087,0.041,0.068,0.247,0.056,0.134,0.106,0.024,0.042,0.130,0.255,0.036,0.043,0.106,0.189,0.021,0.023,0.048,0.017,0.049,0.015,0.059,0.185,0.030,0.023,0.035,0.096,0.063,0.030,0.065,0.041,0.037,0.107,0.182,0.024,0.016,0.032,0.021,0.050,0.036,0.028,0.011,0.042,0.045,0.050,0.059,0.036,0.030,0.020,0.026,0.033,0.026,0.029,0.055,0.027,0.018,0.067,0.015,0.087,0.015,0.008,0.043,0.041,0.036,0.041,0.029,0.113,0.181,0.195,0.044,0.032,0.018,0.017,0.011,0.026,0.020,0.032,0.055,0.056,0.088,0.029,0.035,0.039,0.047,0.049,0.018,0.073,0.055,0.065,0.023,0.034,0.074,0.029,0.051,0.060,0.040,0.059,0.040,0.091,0.079,0.076,0.112,0.151,0.037,0.058,0.062,0.077,0.167,0.053,0.071,0.027,0.093,0.050,0.065,0.061,0.064,0.093,0.049,0.027,0.074,0.053,0.062,0.086,0.073,0.042,0.119,0.071,0.115,0.049,0.078,0.101,0.058,0.058,0.049,0.056,0.008,0.043,0.057,0.080,0.091,0.088,0.047,0.069,0.074,0.115,0.073,0.107,0.128,0.069,0.046,0.070,0.039,0.036,0.034,0.042,0.104,0.037,0.039,0.091,0.043,0.028,0.150,0.046,0.069,0.152,0.054,0.066,0.093,0.079,0.065,0.050,0.059,0.030,0.059,0.060,0.057,0.037,0.048,0.052,0.061,0.026,0.052,0.057,0.019,0.101,0.060,0.017,0.065,0.035,0.044,0.034
LP6005677-DNA_E01,0.078,0.061,0.074,0.130,0.059,0.107,0.093,0.081,0.068,0.060,0.054,0.042,0.027,0.066,0.032,0.077,0.095,0.083,0.058,0.048,0.052,0.048,0.059,0.066,0.053,0.106,0.035,0.126,0.055,0.047,0.055,0.061,0.070,0.054,0.098,0.124,0.078,0.119,0.053,0.079,0.095,0.057,0.068,0.054,0.078,0.049,0.088,0.103,0.129,0.093,0.102,0.047,0.073,0.082,0.093,0.084,0.079,0.116,0.082,0.098,0.071,0.046,0.148,0.086,0.099,0.117,0.059,0.123,0.102,0.051,0.117,0.046,0.127,0.042,0.118,0.037,0.090,0.036,0.036,0.080,0.070,0.062,0.023,0.032,0.104,0.027,0.018,0.141,0.267,0.027,0.131,0.183,0.113,0.053,0.071,0.056,0.119,0.218,0.045,0.031,0.019,0.067,0.051,0.028,0.057,0.050,0.060,0.047,0.018,0.040,0.082,0.080,0.128,0.135,0.010,0.088,0.053,0.040,0.025,0.018,0.041,0.049,0.083,0.015,0.099,0.070,0.256,0.021,0.048,0.038,0.088,0.022,0.046,0.109,0.254,0.098,0.085,0.046,0.125,0.168,0.319,0.011,0.025,0.044,0.020,0.036,0.038,0.058,0.196,0.270,0.012,0.023,0.106,0.054,0.060,0.023,0.016,0.096,0.070,0.034,0.040,0.052,0.037,0.026,0.206,0.017,0.023,0.073,0.047,0.036,0.047,0.053,0.061,0.046,0.011,0.035,0.048,0.027,0.034,0.030,0.064,0.057,0.076,0.133,0.075,0.012,0.055,0.095,0.080,0.068,0.034,0.047,0.039,0.020,0.060,0.097,0.050,0.042,0.163,0.093,0.092,0.092,0.054,0.044,0.052,0.048,0.227,0.076,0.111,0.066,0.050,0.031,0.060,0.101,0.037,0.055,0.039,0.079,0.066,0.091,0.063,0.069,0.022,0.103,0.080,0.056,0.098,0.136,0.063,0.172,0.109,0.074,0.078,0.061,0.084,0.046,0.040,0.153,0.101,0.108,0.105,0.205,0.138,0.035,0.020,0.201,0.111,0.160,0.057,0.082,0.075,0.277,0.043,0.106,0.118,0.038,0.049,0.130,0.172,0.052,0.048,0.053,0.171,0.038,0.024,0.036,0.031,0.032,0.052,0.063,0.236,0.018,0.013,0.019,0.062,0.062,0.067,0.055,0.070,0.023,0.124,0.176,0.029,0.045,0.094,0.062,0.059,0.041,0.043,0.017,0.057,0.044,0.027,0.105,0.054,0.019,0.015,0.030,0.022,0.017,0.067,0.046,0.022,0.040,0.051,0.007,0.128,0.016,0.030,0.017,0.038,0.021,0.033,0.035,0.191,0.363,0.223,0.045,0.037,0.025,0.032,0.026,0.065,0.031,0.038,0.123,0.198,0.116,0.068,0.091,0.059,0.068,0.039,0.044,0.044,0.039,0.087,0.043,0.078,0.066,0.075,0.122,0.136,0.049,0.068,0.092,0.141,0.059,0.034,0.069,0.095,0.097,0.049,0.068,0.068,0.104,0.013,0.015,0.077,0.066,0.064,0.032,0.055,0.109,0.076,0.139,0.072,0.082,0.075,0.113,0.105,0.113,0.044,0.115,0.082,0.049,0.100,0.089,0.053,0.029,0.048,0.136,0.093,0.032,0.096,0.074,0.040,0.082,0.081,0.028,0.050,0.066,0.071,0.062,0.080,0.096,0.116,0.074,0.076,0.055,0.062,0.052,0.023,0.114,0.044,0.045,0.055,0.041,0.015,0.171,0.035,0.039,0.180,0.089,0.047,0.104,0.085,0.094,0.027,0.087,0.081,0.134,0.088,0.116,0.101,0.107,0.118,0.116,0.142,0.118,0.124,0.091,0.075,0.146,0.140,0.083,0.093,0.138,0.054
LP6005677-DNA_F01,0.082,0.085,0.157,0.096,0.035,0.060,0.069,0.091,0.095,0.046,0.041,0.034,0.067,0.077,0.072,0.100,0.091,0.079,0.075,0.076,0.073,0.102,0.091,0.108,0.097,0.091,0.045,0.117,0.064,0.075,0.091,0.053,0.109,0.065,0.086,0.102,0.074,0.103,0.061,0.095,0.092,0.086,0.073,0.080,0.077,0.058,0.105,0.154,0.104,0.143,0.077,0.092,0.068,0.074,0.123,0.177,0.088,0.127,0.100,0.095,0.104,0.095,0.082,0.106,0.080,0.109,0.081,0.177,0.089,0.086,0.120,0.067,0.087,0.050,0.116,0.073,0.071,0.108,0.034,0.044,0.089,0.075,0.024,0.044,0.106,0.054,0.030,0.090,0.211,0.049,0.086,0.157,0.054,0.097,0.086,0.124,0.134,0.171,0.062,0.041,0.040,0.102,0.057,0.024,0.110,0.067,0.057,0.026,0.042,0.076,0.037,0.091,0.085,0.054,0.055,0.143,0.042,0.058,0.045,0.064,0.047,0.024,0.075,0.047,0.112,0.075,0.195,0.021,0.068,0.091,0.086,0.071,0.113,0.105,0.384,0.124,0.035,0.061,0.102,0.184,0.242,0.007,0.013,0.050,0.038,0.061,0.028,0.059,0.202,0.184,0.021,0.025,0.073,0.043,0.032,0.046,0.027,0.176,0.034,0.054,0.040,0.072,0.051,0.050,0.192,0.047,0.044,0.064,0.034,0.045,0.033,0.056,0.098,0.075,0.019,0.034,0.040,0.041,0.058,0.027,0.078,0.061,0.076,0.135,0.094,0.044,0.074,0.044,0.062,0.045,0.067,0.063,0.043,0.049,0.070,0.109,0.068,0.073,0.100,0.115,0.150,0.061,0.063,0.043,0.071,0.072,0.199,0.099,0.104,0.086,0.069,0.047,0.108,0.062,0.057,0.055,0.104,0.116,0.101,0.069,0.066,0.108,0.017,0.124,0.120,0.084,0.142,0.122,0.083,0.087,0.070,0.073,0.092,0.105,0.050,0.099,0.056,0.177,0.121,0.089,0.121,0.165,0.053,0.060,0.031,0.238,0.083,0.162,0.071,0.098,0.076,0.253,0.086,0.147,0.149,0.046,0.104,0.166,0.262,0.031,0.054,0.077,0.223,0.037,0.050,0.092,0.025,0.071,0.017,0.077,0.271,0.022,0.011,0.037,0.082,0.071,0.048,0.084,0.059,0.086,0.124,0.254,0.043,0.065,0.049,0.044,0.069,0.044,0.091,0.034,0.036,0.041,0.077,0.056,0.079,0.027,0.015,0.053,0.059,0.022,0.060,0.083,0.023,0.029,0.082,0.030,0.128,0.019,0.029,0.053,0.039,0.038,0.083,0.063,0.229,0.247,0.206,0.052,0.047,0.027,0.041,0.043,0.068,0.016,0.062,0.095,0.119,0.146,0.071,0.082,0.091,0.110,0.097,0.047,0.092,0.067,0.086,0.069,0.058,0.087,0.080,0.094,0.093,0.084,0.090,0.061,0.142,0.132,0.064,0.105,0.106,0.095,0.071,0.058,0.076,0.108,0.026,0.052,0.058,0.072,0.072,0.035,0.061,0.136,0.078,0.089,0.040,0.100,0.092,0.125,0.134,0.076,0.094,0.143,0.057,0.090,0.080,0.084,0.104,0.061,0.079,0.081,0.080,0.029,0.080,0.104,0.066,0.098,0.060,0.042,0.081,0.082,0.065,0.071,0.075,0.092,0.109,0.071,0.067,0.118,0.092,0.070,0.082,0.108,0.049,0.063,0.112,0.078,0.014,0.174,0.026,0.088,0.145,0.061,0.058,0.092,0.087,0.073,0.059,0.082,0.051,0.143,0.110,0.125,0.130,0.078,0.144,0.126,0.094,0.101,0.100,0.090,0.159,0.118,0.074,0.093,0.093,0.097,0.066
LP6007068-DNA_A01,0.016,0.006,0.032,0.037,0.012,0.026,0.022,0.037,0.006,0.012,0.018,0.009,0.021,0.048,0.019,0.022,0.013,0.055,0.033,0.017,0.012,0.031,0.020,0.038,0.012,0.027,0.011,0.031,0.032,0.004,0.041,0.020,0.014,0.017,0.055,0.028,0.015,0.041,0.049,0.022,0.044,0.014,0.021,0.061,0.019,0.049,0.034,0.032,0.010,0.011,0.045,0.033,0.038,0.016,0.018,0.049,0.056,0.028,0.036,0.050,0.032,0.034,0.027,0.005,0.038,0.011,0.019,0.032,0.076,0.051,0.027,0.022,0.019,0.014,0.051,0.038,0.031,0.022,0.007,0.015,0.020,0.031,0.032,0.046,0.024,0.074,0.120,0.046,0.098,0.079,0.013,0.085,0.058,0.116,0.039,0.033,0.040,0.084,0.060,0.045,0.014,0.040,0.021,0.038,0.037,0.095,0.036,0.082,0.053,0.125,0.025,0.028,0.032,0.045,0.074,0.011,0.027,0.018,0.058,0.054,0.066,0.061,0.105,0.163,0.033,0.025,0.086,0.027,0.197,0.007,0.087,0.090,0.012,0.054,0.201,0.024,0.028,0.064,0.056,0.097,0.070,0.025,0.013,0.031,0.051,0.085,0.009,0.038,0.115,0.078,0.080,0.048,0.129,0.125,0.089,0.033,0.084,0.112,0.031,0.132,0.015,0.049,0.064,0.070,0.125,0.104,0.015,0.083,0.095,0.099,0.046,0.106,0.034,0.043,0.072,0.047,0.120,0.041,0.015,0.038,0.043,0.061,0.138,0.025,0.039,0.039,0.032,0.143,0.016,0.123,0.099,0.128,0.030,0.048,0.022,0.045,0.092,0.147,0.084,0.111,0.061,0.071,0.154,0.068,0.018,0.029,0.147,0.017,0.061,0.107,0.029,0.120,0.019,0.019,0.081,0.018,0.063,0.067,0.027,0.055,0.020,0.084,0.042,0.029,0.077,0.094,0.174,0.046,0.038,0.037,0.024,0.024,0.042,0.049,0.023,0.050,0.137,0.113,0.019,0.074,0.057,0.118,0.020,0.028,0.043,0.164,0.031,0.070,0.157,0.018,0.030,0.093,0.043,0.039,0.080,0.027,0.059,0.083,0.132,0.033,0.066,0.063,0.072,0.018,0.016,0.035,0.077,0.127,0.028,0.027,0.110,0.102,0.061,0.093,0.047,0.037,0.034,0.022,0.052,0.075,0.026,0.114,0.074,0.001,0.057,0.079,0.037,0.065,0.048,0.052,0.053,0.034,0.011,0.089,0.039,0.054,0.043,0.092,0.012,0.131,0.065,0.027,0.123,0.014,0.035,0.061,0.029,0.085,0.013,0.080,0.135,0.060,0.046,0.166,0.110,0.090,0.100,0.040,0.130,0.012,0.076,0.003,0.005,0.066,0.056,0.048,0.026,0.012,0.024,0.021,0.010,0.034,0.028,0.002,0.023,0.005,0.021,0.009,0.016,0.021,0.032,0.023,0.045,0.040,0.011,0.048,0.087,0.008,0.028,0.037,0.025,0.001,0.011,0.034,0.024,0.022,0.007,0.009,0.008,0.019,0.026,0.018,0.021,0.016,0.015,0.017,0.010,0.060,0.037,0.063,0.038,0.037,0.027,0.030,0.014,0.056,0.009,0.047,0.016,0.005,0.035,0.072,0.024,0.017,0.040,0.010,0.005,0.007,0.015,0.011,0.041,0.046,0.031,0.050,0.042,0.040,0.041,0.025,0.027,0.029,0.020,0.054,0.036,0.031,0.032,0.081,0.029,0.048,0.075,0.077,0.020,0.018,0.188,0.028,0.013,0.002,0.017,0.014,0.034,0.016,0.018,0.024,0.048,0.049,0.045,0.014,0.036,0.033,0.079,0.045,0.033,0.072,0.021,0.012,0.016,0.040,0.032,0.024,0.007
LP6007069-DNA_A01,0.041,0.078,0.077,0.172,0.017,0.095,0.042,0.043,0.062,0.037,0.059,0.047,0.039,0.156,0.025,0.049,0.033,0.143,0.071,0.042,0.027,0.029,0.036,0.109,0.052,0.039,0.038,0.035,0.024,0.018,0.053,0.054,0.042,0.051,0.086,0.055,0.025,0.057,0.047,0.079,0.141,0.038,0.078,0.106,0.047,0.085,0.037,0.080,0.094,0.088,0.038,0.043,0.121,0.052,0.036,0.015,0.176,0.035,0.052,0.039,0.045,0.109,0.085,0.073,0.065,0.049,0.059,0.040,0.094,0.099,0.074,0.112,0.113,0.049,0.103,0.024,0.055,0.051,0.012,0.028,0.032,0.092,0.080,0.080,0.077,0.228,0.092,0.133,0.080,0.120,0.035,0.128,0.093,0.118,0.015,0.081,0.082,0.089,0.102,0.077,0.061,0.059,0.066,0.064,0.030,0.109,0.062,0.085,0.056,0.241,0.049,0.053,0.027,0.091,0.114,0.018,0.037,0.063,0.086,0.068,0.059,0.077,0.129,0.119,0.051,0.131,0.140,0.084,0.135,0.037,0.087,0.076,0.069,0.064,0.102,0.022,0.036,0.114,0.060,0.091,0.021,0.103,0.034,0.102,0.076,0.103,0.025,0.044,0.062,0.089,0.086,0.055,0.075,0.065,0.093,0.051,0.086,0.051,0.062,0.168,0.037,0.068,0.206,0.157,0.033,0.118,0.032,0.101,0.116,0.056,0.135,0.070,0.066,0.039,0.044,0.111,0.060,0.111,0.008,0.115,0.119,0.148,0.140,0.060,0.029,0.067,0.130,0.137,0.052,0.109,0.078,0.175,0.068,0.050,0.048,0.043,0.085,0.228,0.111,0.126,0.090,0.077,0.101,0.037,0.044,0.072,0.090,0.052,0.134,0.017,0.111,0.074,0.030,0.045,0.066,0.073,0.060,0.040,0.074,0.116,0.064,0.083,0.068,0.052,0.105,0.080,0.088,0.043,0.077,0.024,0.030,0.012,0.124,0.043,0.101,0.059,0.120,0.041,0.021,0.073,0.123,0.158,0.041,0.060,0.052,0.085,0.057,0.096,0.169,0.002,0.068,0.113,0.068,0.101,0.111,0.003,0.130,0.090,0.070,0.100,0.058,0.086,0.029,0.044,0.044,0.083,0.046,0.066,0.022,0.032,0.096,0.051,0.177,0.104,0.088,0.052,0.063,0.066,0.097,0.054,0.028,0.047,0.030,0.046,0.061,0.051,0.099,0.008,0.092,0.041,0.038,0.164,0.042,0.089,0.120,0.090,0.086,0.109,0.041,0.095,0.058,0.022,0.093,0.054,0.034,0.039,0.043,0.096,0.012,0.009,0.047,0.023,0.064,0.193,0.077,0.102,0.133,0.157,0.000,0.042,0.031,0.011,0.068,0.016,0.062,0.048,0.071,0.072,0.057,0.039,0.036,0.094,0.027,0.076,0.113,0.055,0.060,0.047,0.021,0.055,0.069,0.083,0.070,0.094,0.016,0.122,0.115,0.049,0.022,0.061,0.051,0.070,0.040,0.069,0.061,0.057,0.021,0.014,0.024,0.052,0.021,0.043,0.061,0.058,0.049,0.058,0.020,0.093,0.077,0.072,0.100,0.035,0.054,0.030,0.040,0.042,0.034,0.111,0.027,0.050,0.006,0.144,0.044,0.032,0.086,0.069,0.010,0.093,0.056,0.036,0.095,0.048,0.085,0.067,0.158,0.041,0.076,0.013,0.044,0.094,0.018,0.112,0.086,0.039,0.036,0.188,0.026,0.121,0.018,0.071,0.047,0.032,0.074,0.020,0.073,0.022,0.038,0.009,0.143,0.095,0.057,0.080,0.095,0.089,0.141,0.045,0.044,0.035,0.089,0.034,0.038,0.069,0.025,0.036,0.043,0.085,0.020,0.042,0.066
LP6007071-DNA_A01,0.040,0.050,0.010,0.063,0.030,0.071,0.042,0.034,0.035,0.027,0.041,0.031,0.063,0.017,0.016,0.045,0.040,0.031,0.050,0.036,0.033,0.018,0.029,0.014,0.018,0.035,0.024,0.039,0.013,0.006,0.016,0.030,0.027,0.043,0.012,0.018,0.027,0.010,0.018,0.035,0.004,0.038,0.092,0.114,0.088,0.083,0.075,0.059,0.038,0.084,0.040,0.064,0.061,0.058,0.087,0.094,0.062,0.053,0.059,0.075,0.054,0.052,0.073,0.051,0.051,0.064,0.048,0.023,0.044,0.038,0.064,0.075,0.028,0.041,0.055,0.027,0.053,0.023,0.018,0.007,0.015,0.044,0.014,0.011,0.038,0.010,0.005,0.050,0.004,0.015,0.025,0.020,0.010,0.006,0.009,0.028,0.069,0.011,0.014,0.030,0.008,0.021,0.010,0.039,0.023,0.005,0.026,0.008,0.011,0.007,0.012,0.026,0.029,0.037,0.008,0.018,0.016,0.022,0.005,0.019,0.011,0.031,0.024,0.011,0.031,0.018,0.028,0.006,0.020,0.017,0.015,0.008,0.013,0.018,0.024,0.020,0.031,0.008,0.024,0.006,0.017,0.002,0.003,0.021,0.046,0.006,0.031,0.019,0.006,0.012,0.004,0.005,0.021,0.004,0.008,0.011,0.022,0.002,0.022,0.011,0.038,0.014,0.019,0.025,0.005,0.004,0.017,0.042,0.012,0.009,0.005,0.005,0.036,0.007,0.002,0.006,0.012,0.003,0.009,0.001,0.019,0.008,0.016,0.017,0.015,0.002,0.019,0.012,0.015,0.016,0.018,0.007,0.008,0.044,0.014,0.012,0.017,0.016,0.032,0.050,0.019,0.024,0.015,0.018,0.041,0.080,0.004,0.012,0.021,0.017,0.023,0.007,0.024,0.087,0.005,0.020,0.010,0.023,0.029,0.035,0.098,0.034,0.004,0.019,0.016,0.008,0.004,0.028,0.060,0.060,0.015,0.016,0.014,0.033,0.044,0.024,0.009,0.011,0.024,0.009,0.022,0.009,0.091,0.062,0.003,0.007,0.018,0.017,0.016,0.011,0.081,0.017,0.020,0.009,0.016,0.020,0.034,0.008,0.007,0.025,0.026,0.010,0.016,0.050,0.037,0.026,0.012,0.050,0.037,0.016,0.010,0.008,0.013,0.032,0.028,0.025,0.028,0.023,0.027,0.013,0.015,0.011,0.020,0.043,0.032,0.051,0.009,0.043,0.018,0.011,0.012,0.022,0.008,0.010,0.018,0.006,0.009,0.036,0.017,0.005,0.015,0.012,0.004,0.019,0.037,0.000,0.034,0.016,0.005,0.070,0.003,0.027,0.016,0.009,0.014,0.015,0.014,0.003,0.005,0.064,0.072,0.034,0.036,0.056,0.045,0.024,0.074,0.089,0.035,0.076,0.044,0.063,0.052,0.014,0.029,0.021,0.023,0.016,0.008,0.012,0.007,0.103,0.067,0.072,0.041,0.044,0.045,0.030,0.013,0.012,0.023,0.057,0.010,0.009,0.011,0.011,0.009,0.012,0.010,0.020,0.020,0.002,0.018,0.045,0.043,0.111,0.061,0.051,0.035,0.061,0.029,0.028,0.027,0.024,0.027,0.018,0.014,0.021,0.061,0.022,0.041,0.010,0.017,0.045,0.045,0.030,0.034,0.023,0.031,0.044,0.052,0.022,0.026,0.010,0.045,0.021,0.024,0.027,0.023,0.013,0.016,0.012,0.031,0.021,0.017,0.014,0.019,0.058,0.003,0.007,0.073,0.036,0.005,0.028,0.025,0.039,0.028,0.030,0.055,0.016,0.020,0.067,0.090,0.063,0.045,0.078,0.043,0.086,0.087,0.059,0.066,0.041,0.071,0.042,0.111,0.126,0.053,0.031,0.033
LP6007072-DNA_A01,0.019,0.057,0.036,0.027,0.040,0.034,0.025,0.033,0.016,0.033,0.033,0.016,0.040,0.033,0.017,0.028,0.018,0.021,0.013,0.053,0.026,0.027,0.019,0.021,0.027,0.034,0.017,0.026,0.014,0.023,0.019,0.017,0.023,0.033,0.025,0.017,0.008,0.014,0.028,0.019,0.028,0.015,0.055,0.039,0.031,0.044,0.032,0.062,0.040,0.053,0.044,0.081,0.041,0.029,0.044,0.037,0.038,0.054,0.062,0.043,0.037,0.061,0.059,0.049,0.031,0.054,0.034,0.048,0.030,0.050,0.044,0.021,0.041,0.014,0.021,0.021,0.019,0.012,0.020,0.026,0.018,0.021,0.013,0.008,0.027,0.002,0.007,0.053,0.019,0.020,0.024,0.016,0.002,0.006,0.009,0.028,0.065,0.011,0.033,0.024,0.007,0.016,0.015,0.009,0.019,0.008,0.051,0.008,0.007,0.008,0.006,0.010,0.015,0.024,0.003,0.011,0.020,0.028,0.012,0.018,0.006,0.006,0.030,0.014,0.015,0.011,0.015,0.013,0.016,0.005,0.023,0.022,0.018,0.028,0.015,0.035,0.036,0.009,0.021,0.012,0.025,0.010,0.003,0.023,0.029,0.011,0.007,0.006,0.011,0.017,0.006,0.010,0.017,0.064,0.018,0.012,0.004,0.021,0.007,0.006,0.060,0.033,0.006,0.008,0.028,0.003,0.016,0.024,0.010,0.042,0.013,0.015,0.023,0.008,0.025,0.009,0.006,0.009,0.020,0.015,0.022,0.011,0.014,0.019,0.020,0.011,0.005,0.022,0.007,0.016,0.004,0.008,0.018,0.023,0.015,0.020,0.016,0.008,0.014,0.037,0.015,0.022,0.004,0.005,0.033,0.025,0.010,0.022,0.016,0.013,0.014,0.002,0.023,0.028,0.011,0.010,0.010,0.012,0.020,0.025,0.044,0.022,0.015,0.024,0.017,0.005,0.010,0.020,0.035,0.051,0.027,0.016,0.015,0.052,0.049,0.015,0.018,0.015,0.016,0.003,0.015,0.011,0.045,0.060,0.001,0.007,0.018,0.013,0.004,0.014,0.047,0.013,0.022,0.008,0.014,0.007,0.069,0.008,0.006,0.033,0.069,0.013,0.012,0.035,0.036,0.017,0.007,0.019,0.054,0.015,0.008,0.003,0.017,0.045,0.014,0.095,0.024,0.028,0.013,0.035,0.007,0.017,0.052,0.036,0.029,0.057,0.016,0.009,0.012,0.010,0.049,0.021,0.014,0.030,0.011,0.004,0.014,0.012,0.019,0.009,0.018,0.008,0.009,0.009,0.025,0.004,0.032,0.012,0.008,0.020,0.024,0.038,0.012,0.023,0.010,0.015,0.020,0.022,0.002,0.057,0.124,0.019,0.027,0.050,0.023,0.018,0.061,0.048,0.028,0.051,0.060,0.041,0.016,0.025,0.019,0.013,0.011,0.013,0.019,0.017,0.012,0.036,0.057,0.037,0.031,0.059,0.049,0.057,0.017,0.009,0.017,0.017,0.009,0.019,0.020,0.011,0.021,0.027,0.007,0.029,0.014,0.006,0.008,0.047,0.037,0.036,0.057,0.053,0.035,0.027,0.022,0.017,0.028,0.015,0.031,0.025,0.030,0.031,0.029,0.020,0.015,0.024,0.016,0.025,0.022,0.028,0.036,0.019,0.033,0.023,0.020,0.040,0.031,0.007,0.018,0.028,0.012,0.019,0.019,0.041,0.026,0.025,0.019,0.014,0.019,0.012,0.018,0.050,0.022,0.015,0.030,0.056,0.008,0.014,0.013,0.010,0.016,0.015,0.022,0.017,0.028,0.034,0.011,0.056,0.032,0.035,0.046,0.032,0.039,0.077,0.047,0.032,0.032,0.033,0.052,0.038,0.042,0.035,0.017
LP6007073-DNA_A01,0.027,0.029,0.061,0.044,0.031,0.036,0.052,0.024,0.032,0.040,0.042,0.009,0.036,0.028,0.029,0.067,0.033,0.030,0.061,0.052,0.030,0.056,0.041,0.034,0.021,0.036,0.043,0.058,0.028,0.028,0.028,0.034,0.035,0.050,0.026,0.020,0.015,0.007,0.029,0.020,0.057,0.068,0.072,0.056,0.062,0.044,0.066,0.048,0.054,0.067,0.025,0.049,0.023,0.055,0.033,0.050,0.043,0.033,0.067,0.058,0.053,0.038,0.074,0.050,0.034,0.051,0.048,0.035,0.055,0.036,0.043,0.051,0.035,0.040,0.064,0.055,0.041,0.023,0.019,0.018,0.023,0.026,0.016,0.017,0.057,0.008,0.001,0.052,0.022,0.015,0.052,0.014,0.018,0.024,0.012,0.014,0.060,0.021,0.019,0.028,0.006,0.024,0.031,0.014,0.022,0.011,0.007,0.006,0.006,0.008,0.017,0.022,0.028,0.027,0.010,0.028,0.012,0.014,0.004,0.026,0.003,0.007,0.014,0.007,0.028,0.028,0.006,0.008,0.009,0.022,0.024,0.020,0.028,0.016,0.025,0.020,0.036,0.012,0.023,0.021,0.014,0.005,0.004,0.024,0.029,0.021,0.013,0.010,0.018,0.015,0.002,0.003,0.020,0.017,0.006,0.014,0.012,0.003,0.019,0.003,0.027,0.016,0.012,0.015,0.023,0.005,0.015,0.018,0.003,0.006,0.011,0.003,0.017,0.015,0.002,0.007,0.011,0.004,0.011,0.010,0.038,0.012,0.018,0.038,0.025,0.005,0.016,0.022,0.018,0.011,0.025,0.001,0.018,0.024,0.025,0.017,0.019,0.009,0.015,0.044,0.020,0.036,0.014,0.011,0.047,0.077,0.023,0.023,0.022,0.022,0.023,0.008,0.028,0.056,0.020,0.029,0.013,0.020,0.033,0.052,0.066,0.044,0.006,0.026,0.042,0.020,0.016,0.029,0.050,0.037,0.029,0.020,0.041,0.050,0.035,0.004,0.013,0.014,0.020,0.007,0.018,0.008,0.063,0.072,0.004,0.015,0.016,0.019,0.006,0.018,0.084,0.006,0.013,0.009,0.024,0.021,0.051,0.003,0.005,0.005,0.020,0.017,0.019,0.017,0.031,0.022,0.010,0.032,0.009,0.017,0.018,0.006,0.014,0.009,0.022,0.012,0.023,0.037,0.022,0.013,0.027,0.026,0.013,0.018,0.015,0.009,0.019,0.017,0.022,0.016,0.013,0.034,0.018,0.007,0.016,0.001,0.016,0.026,0.029,0.013,0.029,0.034,0.011,0.014,0.020,0.002,0.015,0.011,0.013,0.011,0.012,0.019,0.023,0.017,0.009,0.019,0.030,0.001,0.003,0.042,0.029,0.081,0.210,0.020,0.025,0.045,0.034,0.028,0.032,0.040,0.050,0.032,0.027,0.015,0.030,0.024,0.033,0.030,0.025,0.019,0.034,0.043,0.042,0.051,0.043,0.074,0.037,0.030,0.025,0.021,0.036,0.053,0.041,0.020,0.029,0.035,0.007,0.028,0.017,0.026,0.021,0.013,0.021,0.045,0.020,0.111,0.053,0.040,0.044,0.051,0.033,0.041,0.024,0.027,0.057,0.045,0.037,0.033,0.036,0.039,0.055,0.035,0.018,0.020,0.027,0.025,0.022,0.023,0.041,0.041,0.035,0.042,0.022,0.022,0.012,0.049,0.034,0.031,0.028,0.039,0.036,0.045,0.025,0.022,0.029,0.016,0.042,0.069,0.010,0.021,0.038,0.059,0.011,0.031,0.029,0.043,0.031,0.046,0.022,0.031,0.015,0.061,0.054,0.053,0.072,0.063,0.082,0.080,0.078,0.068,0.059,0.084,0.046,0.045,0.087,0.071,0.067,0.048,0.021
LP6007074-DNA_A01,0.035,0.060,0.062,0.067,0.038,0.031,0.043,0.027,0.061,0.037,0.039,0.036,0.046,0.052,0.045,0.044,0.038,0.038,0.059,0.049,0.044,0.051,0.032,0.040,0.030,0.045,0.051,0.040,0.039,0.048,0.021,0.036,0.045,0.054,0.019,0.027,0.020,0.013,0.026,0.024,0.057,0.075,0.079,0.074,0.086,0.064,0.078,0.076,0.051,0.055,0.063,0.074,0.054,0.084,0.075,0.066,0.075,0.051,0.050,0.059,0.058,0.064,0.081,0.076,0.060,0.053,0.084,0.053,0.053,0.065,0.040,0.080,0.042,0.048,0.082,0.053,0.059,0.025,0.034,0.017,0.043,0.022,0.034,0.012,0.054,0.007,0.010,0.088,0.038,0.016,0.059,0.024,0.010,0.017,0.008,0.033,0.067,0.039,0.022,0.027,0.007,0.034,0.024,0.013,0.022,0.015,0.007,0.013,0.013,0.010,0.017,0.021,0.039,0.017,0.010,0.029,0.012,0.015,0.004,0.020,0.003,0.006,0.034,0.016,0.025,0.032,0.028,0.006,0.011,0.063,0.022,0.011,0.016,0.027,0.032,0.022,0.034,0.013,0.019,0.027,0.022,0.003,0.001,0.013,0.029,0.006,0.011,0.021,0.036,0.025,0.003,0.007,0.013,0.017,0.007,0.012,0.017,0.015,0.016,0.001,0.024,0.019,0.011,0.010,0.027,0.004,0.009,0.013,0.009,0.009,0.037,0.004,0.035,0.022,0.005,0.006,0.008,0.004,0.025,0.015,0.036,0.010,0.024,0.070,0.017,0.003,0.022,0.020,0.020,0.011,0.014,0.004,0.014,0.020,0.024,0.018,0.016,0.027,0.025,0.034,0.028,0.057,0.007,0.012,0.032,0.082,0.020,0.037,0.031,0.020,0.018,0.008,0.065,0.070,0.010,0.080,0.002,0.026,0.034,0.061,0.057,0.020,0.012,0.036,0.035,0.020,0.013,0.029,0.062,0.070,0.029,0.014,0.026,0.043,0.061,0.018,0.014,0.018,0.022,0.014,0.022,0.037,0.057,0.081,0.005,0.019,0.036,0.029,0.007,0.012,0.078,0.020,0.021,0.024,0.027,0.029,0.073,0.019,0.014,0.018,0.016,0.034,0.028,0.019,0.026,0.029,0.015,0.037,0.009,0.017,0.026,0.007,0.023,0.003,0.028,0.025,0.038,0.040,0.028,0.011,0.028,0.026,0.011,0.031,0.023,0.013,0.016,0.032,0.015,0.010,0.025,0.038,0.015,0.025,0.047,0.009,0.006,0.034,0.030,0.007,0.077,0.016,0.005,0.011,0.018,0.000,0.032,0.000,0.008,0.018,0.010,0.014,0.013,0.008,0.016,0.034,0.032,0.001,0.008,0.041,0.029,0.151,0.232,0.021,0.016,0.053,0.055,0.039,0.066,0.049,0.078,0.060,0.038,0.024,0.024,0.034,0.025,0.025,0.024,0.032,0.035,0.064,0.045,0.068,0.058,0.075,0.064,0.050,0.029,0.028,0.028,0.064,0.027,0.025,0.022,0.026,0.013,0.021,0.017,0.027,0.021,0.017,0.022,0.074,0.046,0.101,0.059,0.060,0.087,0.052,0.066,0.047,0.015,0.035,0.057,0.047,0.036,0.036,0.046,0.041,0.040,0.042,0.038,0.035,0.030,0.060,0.056,0.050,0.043,0.048,0.062,0.029,0.024,0.015,0.025,0.038,0.037,0.023,0.045,0.039,0.025,0.032,0.030,0.026,0.032,0.027,0.096,0.067,0.009,0.027,0.072,0.051,0.026,0.036,0.037,0.038,0.028,0.027,0.027,0.040,0.031,0.071,0.053,0.064,0.068,0.061,0.056,0.062,0.069,0.070,0.059,0.070,0.043,0.038,0.082,0.086,0.077,0.052,0.055
LP6007075-DNA_A01,0.017,0.017,0.010,0.018,0.021,0.033,0.037,0.037,0.005,0.042,0.031,0.028,0.029,0.034,0.024,0.022,0.012,0.026,0.017,0.037,0.025,0.024,0.021,0.021,0.035,0.032,0.022,0.036,0.014,0.015,0.021,0.018,0.029,0.036,0.033,0.012,0.011,0.012,0.033,0.024,0.033,0.026,0.076,0.051,0.033,0.037,0.028,0.042,0.023,0.032,0.042,0.042,0.035,0.039,0.025,0.043,0.038,0.047,0.044,0.045,0.029,0.071,0.035,0.042,0.025,0.042,0.047,0.024,0.017,0.032,0.012,0.059,0.030,0.017,0.065,0.022,0.025,0.027,0.015,0.023,0.033,0.034,0.012,0.006,0.018,0.009,0.024,0.070,0.012,0.010,0.050,0.012,0.021,0.000,0.011,0.032,0.051,0.013,0.007,0.018,0.010,0.009,0.026,0.035,0.028,0.034,0.026,0.017,0.011,0.024,0.007,0.017,0.020,0.005,0.007,0.014,0.015,0.030,0.007,0.006,0.013,0.019,0.018,0.032,0.012,0.014,0.016,0.018,0.030,0.022,0.036,0.014,0.039,0.020,0.029,0.007,0.037,0.026,0.020,0.032,0.028,0.009,0.013,0.010,0.045,0.010,0.009,0.023,0.019,0.026,0.035,0.009,0.012,0.039,0.020,0.009,0.027,0.021,0.024,0.034,0.076,0.027,0.008,0.008,0.025,0.025,0.005,0.034,0.017,0.031,0.023,0.045,0.012,0.013,0.010,0.013,0.008,0.003,0.019,0.034,0.032,0.042,0.025,0.034,0.011,0.003,0.011,0.020,0.017,0.025,0.014,0.012,0.022,0.052,0.014,0.010,0.009,0.037,0.024,0.077,0.012,0.014,0.046,0.044,0.022,0.054,0.025,0.023,0.015,0.030,0.009,0.008,0.017,0.026,0.011,0.015,0.011,0.022,0.022,0.065,0.047,0.031,0.021,0.007,0.029,0.031,0.013,0.007,0.030,0.053,0.049,0.023,0.007,0.028,0.015,0.030,0.013,0.025,0.029,0.018,0.018,0.020,0.080,0.040,0.007,0.033,0.011,0.013,0.005,0.011,0.035,0.006,0.027,0.021,0.028,0.016,0.027,0.022,0.023,0.044,0.033,0.017,0.016,0.065,0.025,0.011,0.008,0.070,0.019,0.018,0.021,0.033,0.047,0.035,0.022,0.039,0.036,0.022,0.069,0.070,0.015,0.015,0.016,0.045,0.043,0.054,0.004,0.037,0.003,0.006,0.034,0.022,0.015,0.030,0.010,0.009,0.009,0.028,0.013,0.032,0.018,0.008,0.018,0.005,0.019,0.003,0.009,0.021,0.002,0.056,0.043,0.019,0.011,0.012,0.017,0.021,0.012,0.025,0.008,0.070,0.069,0.020,0.025,0.004,0.040,0.015,0.038,0.024,0.023,0.032,0.026,0.029,0.017,0.023,0.024,0.029,0.007,0.030,0.011,0.011,0.021,0.035,0.022,0.031,0.031,0.037,0.038,0.034,0.021,0.020,0.039,0.044,0.023,0.026,0.011,0.038,0.039,0.022,0.006,0.047,0.023,0.031,0.019,0.043,0.030,0.049,0.026,0.016,0.020,0.021,0.019,0.015,0.013,0.039,0.013,0.039,0.037,0.009,0.020,0.024,0.019,0.038,0.008,0.023,0.019,0.025,0.020,0.012,0.015,0.038,0.005,0.024,0.032,0.015,0.017,0.014,0.024,0.045,0.023,0.016,0.029,0.038,0.042,0.010,0.013,0.015,0.021,0.033,0.018,0.019,0.036,0.042,0.019,0.018,0.008,0.017,0.030,0.017,0.009,0.020,0.023,0.035,0.028,0.033,0.020,0.032,0.028,0.040,0.031,0.036,0.018,0.019,0.019,0.019,0.049,0.039,0.042,0.018,0.026
LP6007076-DNA_A01,0.033,0.045,0.041,0.062,0.036,0.055,0.019,0.012,0.055,0.045,0.025,0.025,0.080,0.018,0.045,0.047,0.021,0.056,0.041,0.057,0.034,0.064,0.035,0.026,0.031,0.028,0.060,0.067,0.043,0.049,0.041,0.033,0.052,0.041,0.026,0.034,0.038,0.025,0.042,0.032,0.038,0.041,0.082,0.064,0.091,0.048,0.053,0.068,0.060,0.043,0.052,0.079,0.023,0.056,0.063,0.043,0.065,0.066,0.051,0.067,0.031,0.085,0.069,0.064,0.068,0.052,0.082,0.063,0.049,0.046,0.032,0.021,0.051,0.053,0.062,0.041,0.049,0.054,0.029,0.032,0.048,0.021,0.043,0.013,0.012,0.019,0.009,0.051,0.039,0.026,0.052,0.047,0.016,0.048,0.031,0.058,0.075,0.043,0.067,0.039,0.028,0.052,0.042,0.051,0.074,0.039,0.050,0.023,0.029,0.059,0.030,0.044,0.028,0.031,0.042,0.041,0.029,0.042,0.028,0.027,0.040,0.030,0.052,0.053,0.059,0.046,0.038,0.004,0.049,0.057,0.050,0.019,0.044,0.036,0.062,0.043,0.051,0.026,0.037,0.017,0.026,0.012,0.013,0.032,0.047,0.017,0.010,0.026,0.029,0.011,0.024,0.022,0.042,0.071,0.015,0.032,0.024,0.024,0.030,0.059,0.050,0.038,0.015,0.020,0.037,0.031,0.027,0.039,0.019,0.044,0.024,0.042,0.034,0.055,0.006,0.032,0.027,0.012,0.011,0.021,0.042,0.033,0.041,0.027,0.036,0.020,0.009,0.034,0.040,0.052,0.025,0.059,0.034,0.075,0.059,0.020,0.025,0.045,0.030,0.064,0.055,0.025,0.062,0.028,0.033,0.085,0.054,0.058,0.030,0.050,0.029,0.042,0.035,0.051,0.024,0.023,0.061,0.025,0.034,0.037,0.061,0.077,0.018,0.043,0.058,0.048,0.027,0.052,0.036,0.048,0.028,0.053,0.031,0.063,0.063,0.044,0.024,0.015,0.057,0.021,0.050,0.049,0.072,0.084,0.012,0.035,0.044,0.029,0.064,0.013,0.042,0.049,0.033,0.029,0.066,0.021,0.039,0.016,0.018,0.049,0.049,0.019,0.031,0.079,0.059,0.031,0.019,0.087,0.056,0.026,0.057,0.015,0.053,0.077,0.026,0.047,0.037,0.035,0.070,0.045,0.017,0.045,0.043,0.037,0.039,0.047,0.033,0.033,0.028,0.021,0.037,0.018,0.022,0.027,0.020,0.042,0.035,0.009,0.034,0.050,0.027,0.028,0.030,0.020,0.022,0.023,0.059,0.009,0.012,0.033,0.011,0.038,0.043,0.064,0.035,0.034,0.048,0.028,0.025,0.062,0.048,0.026,0.027,0.045,0.059,0.031,0.057,0.039,0.056,0.030,0.078,0.066,0.039,0.070,0.051,0.054,0.050,0.042,0.039,0.035,0.036,0.062,0.060,0.050,0.039,0.063,0.052,0.068,0.034,0.044,0.041,0.038,0.029,0.037,0.048,0.043,0.016,0.016,0.023,0.046,0.029,0.015,0.036,0.073,0.057,0.088,0.034,0.068,0.067,0.040,0.042,0.025,0.045,0.073,0.066,0.042,0.023,0.056,0.052,0.031,0.022,0.032,0.017,0.049,0.056,0.044,0.042,0.070,0.030,0.064,0.040,0.049,0.044,0.042,0.026,0.036,0.025,0.025,0.034,0.044,0.053,0.039,0.033,0.045,0.028,0.030,0.033,0.049,0.008,0.049,0.041,0.058,0.021,0.032,0.053,0.036,0.047,0.039,0.049,0.035,0.058,0.051,0.082,0.068,0.070,0.057,0.040,0.054,0.053,0.057,0.046,0.068,0.047,0.048,0.059,0.052,0.054,0.034,0.064
MKT-TBR-007,0.075,0.066,0.095,0.077,0.099,0.116,0.016,0.074,0.063,0.051,0.054,0.059,0.059,0.053,0.054,0.058,0.053,0.058,0.032,0.050,0.063,0.053,0.041,0.033,0.034,0.048,0.050,0.049,0.051,0.041,0.061,0.048,0.039,0.032,0.013,0.026,0.010,0.009,0.011,0.008,0.060,0.082,0.197,0.166,0.164,0.159,0.160,0.170,0.219,0.166,0.152,0.142,0.113,0.204,0.177,0.177,0.188,0.174,0.160,0.178,0.143,0.140,0.135,0.147,0.210,0.167,0.198,0.110,0.100,0.061,0.082,0.091,0.074,0.075,0.071,0.058,0.101,0.016,0.025,0.026,0.025,0.028,0.037,0.004,0.138,0.002,0.001,0.168,0.013,0.004,0.102,0.015,0.004,0.005,0.007,0.012,0.203,0.009,0.004,0.006,0.003,0.013,0.009,0.005,0.008,0.003,0.003,0.002,0.002,0.006,0.005,0.013,0.019,0.020,0.003,0.012,0.003,0.006,0.001,0.009,0.002,0.003,0.007,0.002,0.016,0.012,0.015,0.005,0.005,0.009,0.007,0.004,0.008,0.011,0.011,0.014,0.012,0.003,0.019,0.008,0.013,0.001,0.001,0.004,0.004,0.003,0.007,0.007,0.010,0.016,0.001,0.003,0.014,0.005,0.003,0.004,0.004,0.004,0.006,0.003,0.005,0.008,0.002,0.002,0.011,0.003,0.003,0.002,0.002,0.004,0.019,0.005,0.011,0.008,0.001,0.002,0.004,0.005,0.009,0.002,0.025,0.002,0.013,0.009,0.011,0.001,0.006,0.014,0.010,0.004,0.003,0.004,0.004,0.004,0.014,0.010,0.005,0.006,0.012,0.010,0.009,0.017,0.007,0.003,0.017,0.185,0.015,0.009,0.018,0.009,0.009,0.003,0.009,0.196,0.004,0.008,0.007,0.014,0.013,0.170,0.202,0.008,0.002,0.022,0.007,0.009,0.006,0.015,0.151,0.168,0.010,0.013,0.017,0.169,0.180,0.014,0.004,0.007,0.016,0.012,0.013,0.008,0.179,0.162,0.002,0.009,0.025,0.020,0.006,0.009,0.183,0.008,0.005,0.009,0.010,0.003,0.208,0.006,0.007,0.004,0.008,0.013,0.010,0.006,0.004,0.008,0.006,0.007,0.006,0.010,0.010,0.004,0.005,0.006,0.008,0.010,0.009,0.020,0.005,0.004,0.022,0.011,0.007,0.006,0.012,0.005,0.004,0.005,0.004,0.003,0.006,0.006,0.017,0.012,0.018,0.003,0.005,0.003,0.007,0.005,0.012,0.015,0.003,0.003,0.006,0.002,0.021,0.003,0.003,0.005,0.004,0.004,0.005,0.004,0.007,0.016,0.010,0.002,0.002,0.005,0.005,0.007,0.012,0.002,0.004,0.057,0.197,0.173,0.144,0.185,0.155,0.165,0.147,0.010,0.017,0.016,0.018,0.010,0.022,0.013,0.015,0.138,0.183,0.117,0.120,0.190,0.131,0.136,0.011,0.015,0.022,0.017,0.018,0.012,0.018,0.021,0.009,0.010,0.018,0.013,0.013,0.019,0.013,0.216,0.142,0.173,0.067,0.159,0.167,0.125,0.187,0.053,0.033,0.034,0.075,0.052,0.042,0.066,0.043,0.037,0.085,0.048,0.058,0.048,0.062,0.052,0.040,0.043,0.061,0.064,0.070,0.022,0.036,0.022,0.026,0.032,0.031,0.014,0.016,0.025,0.012,0.016,0.016,0.017,0.010,0.004,0.014,0.199,0.004,0.010,0.090,0.098,0.011,0.020,0.026,0.028,0.029,0.012,0.015,0.028,0.091,0.126,0.153,0.155,0.168,0.149,0.112,0.181,0.140,0.148,0.128,0.134,0.124,0.130,0.151,0.140,0.128,0.129,0.112
MPI-025,0.062,0.074,0.076,0.065,0.097,0.119,0.006,0.039,0.062,0.043,0.030,0.034,0.050,0.033,0.048,0.048,0.037,0.048,0.032,0.033,0.052,0.049,0.047,0.025,0.028,0.042,0.040,0.050,0.049,0.032,0.037,0.037,0.033,0.030,0.005,0.006,0.004,0.005,0.002,0.003,0.064,0.062,0.213,0.187,0.160,0.190,0.190,0.204,0.211,0.194,0.184,0.179,0.177,0.198,0.220,0.205,0.189,0.210,0.222,0.199,0.191,0.214,0.181,0.179,0.222,0.205,0.221,0.097,0.072,0.061,0.067,0.074,0.074,0.077,0.062,0.052,0.071,0.011,0.017,0.021,0.024,0.024,0.020,0.001,0.138,0.001,0.001,0.191,0.004,0.001,0.121,0.006,0.003,0.002,0.003,0.003,0.208,0.004,0.002,0.002,0.002,0.004,0.004,0.001,0.003,0.002,0.004,0.001,0.000,0.002,0.002,0.002,0.008,0.010,0.001,0.005,0.003,0.002,0.000,0.004,0.001,0.002,0.003,0.001,0.006,0.002,0.006,0.001,0.002,0.002,0.003,0.002,0.006,0.003,0.006,0.008,0.004,0.001,0.008,0.005,0.007,0.001,0.001,0.002,0.002,0.002,0.003,0.002,0.004,0.007,0.001,0.001,0.006,0.002,0.002,0.001,0.001,0.003,0.002,0.001,0.002,0.003,0.002,0.001,0.003,0.002,0.003,0.006,0.002,0.003,0.002,0.001,0.005,0.004,0.001,0.001,0.002,0.001,0.002,0.001,0.004,0.001,0.002,0.005,0.002,0.001,0.002,0.006,0.003,0.002,0.001,0.003,0.002,0.002,0.004,0.003,0.003,0.001,0.005,0.005,0.003,0.008,0.004,0.001,0.004,0.195,0.003,0.004,0.006,0.003,0.004,0.002,0.003,0.211,0.003,0.001,0.001,0.004,0.005,0.191,0.190,0.003,0.003,0.006,0.004,0.004,0.004,0.007,0.181,0.225,0.004,0.007,0.006,0.180,0.212,0.003,0.002,0.004,0.006,0.002,0.005,0.004,0.197,0.168,0.000,0.003,0.007,0.010,0.001,0.001,0.191,0.002,0.002,0.004,0.003,0.001,0.218,0.003,0.003,0.005,0.002,0.003,0.004,0.004,0.005,0.002,0.002,0.001,0.004,0.004,0.004,0.002,0.003,0.003,0.003,0.005,0.002,0.005,0.002,0.002,0.004,0.004,0.005,0.004,0.006,0.004,0.002,0.002,0.002,0.001,0.002,0.002,0.005,0.007,0.005,0.003,0.002,0.002,0.003,0.001,0.004,0.005,0.000,0.002,0.003,0.000,0.007,0.001,0.001,0.001,0.002,0.002,0.002,0.003,0.003,0.009,0.005,0.001,0.001,0.005,0.005,0.002,0.005,0.002,0.003,0.074,0.248,0.266,0.229,0.231,0.219,0.264,0.195,0.003,0.004,0.008,0.009,0.003,0.007,0.004,0.004,0.153,0.172,0.155,0.129,0.206,0.105,0.149,0.005,0.004,0.002,0.003,0.004,0.003,0.004,0.005,0.002,0.002,0.007,0.004,0.002,0.003,0.002,0.207,0.113,0.201,0.100,0.190,0.199,0.137,0.226,0.053,0.030,0.047,0.051,0.044,0.028,0.040,0.044,0.032,0.038,0.036,0.058,0.048,0.037,0.032,0.026,0.035,0.052,0.056,0.064,0.008,0.023,0.009,0.017,0.019,0.014,0.003,0.008,0.007,0.004,0.005,0.009,0.003,0.003,0.002,0.005,0.210,0.001,0.005,0.103,0.120,0.004,0.004,0.007,0.006,0.006,0.005,0.006,0.006,0.073,0.144,0.155,0.167,0.168,0.156,0.132,0.154,0.140,0.124,0.143,0.157,0.144,0.143,0.167,0.163,0.137,0.095,0.101
MPI-030,0.056,0.071,0.092,0.049,0.089,0.109,0.008,0.046,0.063,0.035,0.040,0.043,0.041,0.030,0.054,0.044,0.049,0.047,0.035,0.039,0.045,0.030,0.052,0.026,0.029,0.037,0.033,0.037,0.038,0.027,0.030,0.034,0.042,0.033,0.003,0.004,0.003,0.003,0.002,0.004,0.062,0.060,0.195,0.198,0.170,0.193,0.192,0.209,0.206,0.185,0.204,0.176,0.183,0.209,0.215,0.186,0.186,0.208,0.211,0.213,0.183,0.214,0.191,0.174,0.222,0.218,0.216,0.085,0.079,0.062,0.071,0.069,0.066,0.082,0.056,0.059,0.065,0.008,0.008,0.023,0.028,0.020,0.019,0.001,0.122,0.002,0.001,0.193,0.003,0.002,0.114,0.003,0.001,0.002,0.002,0.003,0.200,0.002,0.002,0.002,0.002,0.001,0.005,0.002,0.003,0.002,0.006,0.001,0.001,0.002,0.002,0.003,0.004,0.005,0.000,0.002,0.002,0.002,0.001,0.003,0.001,0.002,0.006,0.001,0.003,0.002,0.006,0.001,0.001,0.004,0.002,0.002,0.007,0.003,0.005,0.015,0.002,0.001,0.004,0.004,0.004,0.001,0.000,0.001,0.003,0.002,0.003,0.002,0.005,0.004,0.001,0.001,0.003,0.003,0.001,0.001,0.000,0.002,0.001,0.001,0.002,0.003,0.002,0.001,0.002,0.001,0.002,0.006,0.001,0.001,0.001,0.002,0.003,0.002,0.001,0.001,0.001,0.001,0.003,0.001,0.002,0.002,0.007,0.004,0.003,0.002,0.002,0.005,0.001,0.000,0.001,0.003,0.002,0.001,0.006,0.002,0.002,0.001,0.006,0.003,0.003,0.008,0.003,0.001,0.003,0.214,0.002,0.002,0.004,0.002,0.004,0.001,0.005,0.217,0.002,0.004,0.001,0.002,0.003,0.186,0.183,0.005,0.003,0.004,0.005,0.006,0.003,0.006,0.187,0.223,0.005,0.005,0.003,0.191,0.209,0.002,0.002,0.006,0.002,0.002,0.004,0.003,0.184,0.167,0.000,0.002,0.004,0.009,0.001,0.005,0.203,0.002,0.001,0.005,0.006,0.001,0.201,0.002,0.004,0.004,0.005,0.002,0.006,0.003,0.005,0.002,0.001,0.001,0.003,0.002,0.003,0.001,0.003,0.003,0.003,0.004,0.005,0.004,0.001,0.002,0.003,0.003,0.006,0.004,0.004,0.002,0.002,0.004,0.001,0.001,0.004,0.001,0.003,0.004,0.002,0.002,0.001,0.002,0.006,0.001,0.002,0.003,0.000,0.001,0.006,0.000,0.004,0.001,0.001,0.002,0.002,0.004,0.001,0.002,0.004,0.005,0.005,0.000,0.001,0.006,0.004,0.001,0.003,0.001,0.002,0.060,0.245,0.266,0.235,0.241,0.263,0.250,0.194,0.003,0.004,0.006,0.003,0.002,0.003,0.005,0.002,0.166,0.159,0.148,0.141,0.199,0.109,0.154,0.003,0.004,0.001,0.002,0.003,0.002,0.003,0.002,0.003,0.002,0.003,0.002,0.002,0.003,0.001,0.209,0.114,0.203,0.106,0.191,0.191,0.151,0.210,0.045,0.035,0.042,0.040,0.036,0.030,0.032,0.034,0.027,0.031,0.030,0.052,0.040,0.038,0.030,0.030,0.026,0.049,0.054,0.065,0.007,0.021,0.004,0.015,0.013,0.013,0.002,0.004,0.002,0.002,0.003,0.007,0.001,0.002,0.002,0.004,0.215,0.000,0.003,0.087,0.125,0.004,0.003,0.004,0.004,0.012,0.004,0.003,0.004,0.059,0.140,0.156,0.179,0.163,0.155,0.148,0.178,0.149,0.136,0.153,0.155,0.152,0.152,0.165,0.157,0.149,0.081,0.102
MPI-065,0.049,0.074,0.095,0.060,0.088,0.120,0.006,0.054,0.044,0.036,0.036,0.038,0.049,0.038,0.057,0.042,0.053,0.051,0.035,0.040,0.046,0.040,0.042,0.021,0.030,0.038,0.033,0.033,0.045,0.039,0.034,0.032,0.040,0.041,0.005,0.006,0.003,0.004,0.002,0.003,0.067,0.073,0.208,0.199,0.166,0.180,0.190,0.224,0.211,0.211,0.217,0.176,0.178,0.212,0.201,0.196,0.208,0.223,0.222,0.221,0.183,0.211,0.188,0.194,0.220,0.219,0.226,0.085,0.076,0.062,0.057,0.081,0.071,0.073,0.070,0.061,0.068,0.011,0.011,0.015,0.021,0.010,0.019,0.001,0.127,0.001,0.001,0.207,0.003,0.001,0.118,0.002,0.002,0.003,0.002,0.005,0.210,0.002,0.001,0.001,0.001,0.002,0.005,0.001,0.004,0.002,0.002,0.002,0.000,0.002,0.001,0.002,0.003,0.002,0.001,0.005,0.002,0.001,0.002,0.002,0.001,0.002,0.002,0.000,0.002,0.002,0.003,0.000,0.003,0.002,0.002,0.003,0.001,0.003,0.004,0.003,0.003,0.001,0.003,0.003,0.003,0.001,0.000,0.001,0.001,0.001,0.003,0.004,0.003,0.002,0.000,0.001,0.002,0.001,0.002,0.001,0.002,0.002,0.002,0.001,0.002,0.002,0.001,0.001,0.003,0.003,0.002,0.004,0.001,0.003,0.002,0.001,0.003,0.002,0.000,0.001,0.002,0.001,0.002,0.001,0.003,0.001,0.003,0.003,0.003,0.002,0.002,0.001,0.002,0.001,0.001,0.002,0.001,0.003,0.004,0.002,0.003,0.001,0.002,0.005,0.004,0.002,0.003,0.001,0.004,0.190,0.003,0.004,0.001,0.003,0.002,0.001,0.004,0.195,0.002,0.002,0.001,0.003,0.006,0.215,0.213,0.002,0.002,0.003,0.004,0.002,0.001,0.002,0.186,0.228,0.005,0.003,0.005,0.203,0.230,0.003,0.002,0.002,0.002,0.003,0.002,0.003,0.202,0.186,0.000,0.003,0.003,0.005,0.002,0.003,0.209,0.002,0.003,0.003,0.002,0.001,0.208,0.001,0.002,0.003,0.002,0.003,0.002,0.003,0.001,0.002,0.001,0.001,0.002,0.003,0.002,0.001,0.003,0.001,0.003,0.003,0.003,0.007,0.002,0.003,0.004,0.002,0.002,0.003,0.002,0.002,0.002,0.003,0.001,0.001,0.002,0.003,0.006,0.002,0.005,0.001,0.001,0.001,0.002,0.001,0.003,0.004,0.000,0.001,0.002,0.000,0.003,0.001,0.001,0.002,0.002,0.002,0.002,0.003,0.002,0.003,0.003,0.001,0.001,0.003,0.002,0.002,0.006,0.001,0.003,0.058,0.244,0.272,0.199,0.255,0.259,0.237,0.197,0.002,0.003,0.006,0.009,0.005,0.005,0.006,0.003,0.170,0.166,0.160,0.134,0.195,0.111,0.148,0.003,0.004,0.002,0.003,0.005,0.003,0.003,0.004,0.002,0.002,0.006,0.004,0.001,0.002,0.002,0.216,0.126,0.205,0.093,0.194,0.179,0.150,0.226,0.046,0.037,0.038,0.047,0.039,0.032,0.040,0.040,0.021,0.036,0.026,0.055,0.041,0.046,0.040,0.038,0.041,0.047,0.060,0.061,0.008,0.024,0.011,0.012,0.016,0.018,0.003,0.006,0.006,0.003,0.002,0.004,0.002,0.003,0.001,0.001,0.229,0.001,0.003,0.113,0.131,0.003,0.005,0.007,0.006,0.006,0.004,0.002,0.006,0.065,0.148,0.166,0.171,0.155,0.149,0.156,0.178,0.142,0.121,0.144,0.149,0.137,0.150,0.175,0.171,0.153,0.080,0.109
MPI-070,0.057,0.068,0.087,0.046,0.092,0.096,0.006,0.051,0.060,0.046,0.046,0.035,0.043,0.034,0.046,0.050,0.040,0.056,0.026,0.038,0.043,0.033,0.050,0.020,0.027,0.043,0.038,0.035,0.047,0.038,0.044,0.040,0.031,0.037,0.005,0.006,0.006,0.005,0.006,0.004,0.063,0.066,0.200,0.190,0.171,0.178,0.171,0.196,0.186,0.182,0.202,0.172,0.193,0.231,0.208,0.174,0.204,0.218,0.209,0.196,0.196,0.211,0.168,0.173,0.208,0.211,0.218,0.094,0.076,0.062,0.055,0.080,0.069,0.062,0.061,0.053,0.076,0.008,0.013,0.023,0.031,0.017,0.019,0.001,0.113,0.001,0.001,0.192,0.002,0.001,0.093,0.003,0.002,0.001,0.002,0.004,0.209,0.001,0.001,0.001,0.001,0.003,0.003,0.001,0.002,0.002,0.001,0.000,0.001,0.001,0.001,0.002,0.004,0.005,0.000,0.003,0.002,0.001,0.000,0.002,0.001,0.002,0.002,0.002,0.003,0.001,0.003,0.000,0.001,0.002,0.002,0.002,0.004,0.003,0.003,0.005,0.004,0.001,0.004,0.002,0.004,0.001,0.000,0.001,0.002,0.001,0.004,0.002,0.002,0.002,0.000,0.001,0.002,0.002,0.002,0.000,0.000,0.001,0.001,0.001,0.002,0.002,0.002,0.001,0.002,0.001,0.001,0.007,0.002,0.001,0.001,0.001,0.003,0.003,0.000,0.000,0.001,0.001,0.001,0.001,0.002,0.001,0.004,0.003,0.002,0.001,0.001,0.003,0.000,0.000,0.000,0.001,0.001,0.001,0.003,0.002,0.002,0.001,0.004,0.003,0.002,0.005,0.003,0.001,0.002,0.193,0.002,0.003,0.002,0.002,0.003,0.001,0.005,0.203,0.001,0.003,0.000,0.004,0.003,0.207,0.214,0.004,0.001,0.004,0.003,0.004,0.002,0.004,0.190,0.224,0.004,0.003,0.003,0.205,0.219,0.003,0.001,0.003,0.003,0.001,0.002,0.002,0.187,0.165,0.000,0.001,0.004,0.006,0.001,0.003,0.209,0.001,0.002,0.002,0.003,0.001,0.205,0.001,0.002,0.005,0.003,0.002,0.002,0.002,0.001,0.001,0.002,0.002,0.003,0.003,0.001,0.001,0.003,0.001,0.002,0.003,0.003,0.006,0.001,0.001,0.004,0.001,0.001,0.005,0.003,0.002,0.001,0.002,0.001,0.001,0.003,0.001,0.002,0.003,0.002,0.001,0.000,0.001,0.004,0.003,0.001,0.002,0.001,0.000,0.003,0.000,0.005,0.001,0.000,0.002,0.002,0.002,0.001,0.002,0.002,0.004,0.003,0.000,0.001,0.005,0.004,0.002,0.004,0.002,0.001,0.067,0.222,0.252,0.230,0.197,0.235,0.249,0.186,0.002,0.003,0.005,0.002,0.003,0.003,0.004,0.001,0.176,0.163,0.157,0.130,0.201,0.107,0.152,0.004,0.003,0.001,0.002,0.003,0.002,0.002,0.001,0.001,0.001,0.003,0.003,0.001,0.002,0.001,0.207,0.128,0.169,0.094,0.193,0.177,0.152,0.212,0.050,0.029,0.040,0.058,0.037,0.033,0.031,0.031,0.026,0.029,0.029,0.054,0.051,0.044,0.039,0.034,0.044,0.053,0.058,0.066,0.008,0.019,0.008,0.020,0.017,0.012,0.002,0.002,0.004,0.002,0.002,0.006,0.001,0.002,0.001,0.002,0.223,0.001,0.002,0.116,0.128,0.002,0.004,0.007,0.003,0.004,0.003,0.002,0.003,0.056,0.134,0.142,0.174,0.167,0.143,0.136,0.166,0.148,0.127,0.136,0.139,0.138,0.134,0.172,0.149,0.144,0.082,0.102
MPI-074,0.062,0.070,0.090,0.055,0.075,0.101,0.005,0.039,0.056,0.032,0.036,0.048,0.042,0.026,0.051,0.047,0.046,0.040,0.033,0.039,0.042,0.037,0.043,0.024,0.032,0.042,0.027,0.036,0.048,0.039,0.039,0.039,0.038,0.032,0.002,0.004,0.005,0.004,0.002,0.004,0.079,0.072,0.181,0.188,0.164,0.184,0.187,0.194,0.201,0.198,0.208,0.178,0.182,0.192,0.198,0.176,0.191,0.194,0.202,0.192,0.181,0.197,0.185,0.155,0.197,0.188,0.197,0.077,0.074,0.065,0.048,0.062,0.067,0.066,0.061,0.062,0.065,0.011,0.009,0.020,0.019,0.011,0.023,0.001,0.112,0.001,0.002,0.178,0.004,0.001,0.101,0.002,0.002,0.002,0.002,0.003,0.209,0.002,0.001,0.001,0.002,0.003,0.004,0.002,0.004,0.003,0.002,0.001,0.001,0.003,0.003,0.002,0.005,0.002,0.001,0.003,0.003,0.003,0.001,0.004,0.001,0.001,0.003,0.001,0.001,0.002,0.002,0.001,0.002,0.001,0.002,0.002,0.003,0.003,0.004,0.004,0.004,0.001,0.002,0.003,0.002,0.001,0.001,0.001,0.003,0.001,0.006,0.003,0.003,0.001,0.001,0.001,0.001,0.001,0.002,0.001,0.000,0.002,0.003,0.001,0.003,0.002,0.001,0.001,0.003,0.002,0.002,0.003,0.001,0.003,0.003,0.002,0.003,0.001,0.001,0.002,0.003,0.001,0.003,0.001,0.003,0.001,0.002,0.003,0.002,0.002,0.002,0.002,0.002,0.001,0.001,0.003,0.002,0.002,0.002,0.001,0.003,0.001,0.002,0.004,0.002,0.002,0.002,0.001,0.002,0.191,0.003,0.003,0.001,0.002,0.002,0.001,0.005,0.199,0.002,0.002,0.001,0.003,0.004,0.181,0.185,0.003,0.003,0.003,0.004,0.003,0.002,0.003,0.182,0.210,0.004,0.002,0.003,0.194,0.205,0.003,0.002,0.003,0.002,0.002,0.002,0.003,0.183,0.165,0.000,0.002,0.003,0.004,0.002,0.002,0.216,0.002,0.002,0.002,0.003,0.002,0.194,0.001,0.002,0.003,0.001,0.003,0.002,0.003,0.001,0.002,0.002,0.002,0.003,0.004,0.002,0.001,0.003,0.003,0.002,0.004,0.004,0.007,0.002,0.003,0.004,0.002,0.003,0.005,0.003,0.001,0.002,0.002,0.002,0.001,0.003,0.002,0.002,0.003,0.001,0.002,0.002,0.002,0.003,0.001,0.003,0.005,0.000,0.002,0.003,0.001,0.004,0.001,0.001,0.001,0.002,0.003,0.002,0.002,0.002,0.003,0.003,0.000,0.001,0.003,0.005,0.003,0.006,0.002,0.004,0.055,0.207,0.271,0.231,0.232,0.261,0.241,0.176,0.002,0.004,0.007,0.003,0.003,0.002,0.002,0.002,0.163,0.169,0.148,0.137,0.173,0.107,0.162,0.004,0.004,0.002,0.002,0.004,0.003,0.003,0.002,0.001,0.003,0.003,0.003,0.002,0.001,0.001,0.209,0.114,0.185,0.098,0.186,0.185,0.148,0.201,0.034,0.033,0.049,0.043,0.030,0.029,0.032,0.034,0.028,0.029,0.028,0.048,0.037,0.051,0.039,0.035,0.034,0.040,0.054,0.057,0.010,0.020,0.011,0.011,0.014,0.012,0.001,0.003,0.004,0.002,0.003,0.005,0.002,0.001,0.001,0.004,0.209,0.001,0.004,0.101,0.121,0.001,0.004,0.006,0.006,0.006,0.005,0.003,0.005,0.057,0.155,0.138,0.157,0.163,0.142,0.132,0.150,0.144,0.125,0.136,0.126,0.124,0.139,0.163,0.144,0.137,0.073,0.097
MPI-296,0.058,0.070,0.079,0.053,0.092,0.106,0.006,0.048,0.071,0.043,0.033,0.040,0.043,0.031,0.051,0.039,0.039,0.038,0.036,0.035,0.041,0.040,0.044,0.022,0.036,0.042,0.040,0.035,0.039,0.044,0.036,0.030,0.034,0.026,0.004,0.006,0.002,0.004,0.002,0.004,0.065,0.072,0.188,0.181,0.168,0.175,0.179,0.193,0.203,0.201,0.207,0.177,0.176,0.219,0.203,0.180,0.199,0.209,0.206,0.204,0.187,0.201,0.177,0.186,0.207,0.192,0.220,0.081,0.074,0.063,0.072,0.066,0.077,0.067,0.079,0.054,0.070,0.010,0.016,0.020,0.024,0.019,0.019,0.001,0.107,0.001,0.001,0.173,0.002,0.000,0.105,0.002,0.002,0.001,0.002,0.005,0.213,0.002,0.001,0.001,0.001,0.004,0.003,0.001,0.002,0.002,0.004,0.001,0.001,0.002,0.001,0.002,0.003,0.003,0.001,0.004,0.002,0.002,0.000,0.003,0.001,0.001,0.003,0.001,0.002,0.002,0.002,0.001,0.002,0.004,0.002,0.002,0.006,0.002,0.004,0.005,0.003,0.001,0.003,0.004,0.002,0.000,0.001,0.001,0.001,0.001,0.004,0.002,0.003,0.002,0.001,0.001,0.001,0.001,0.002,0.000,0.000,0.002,0.001,0.001,0.002,0.002,0.003,0.001,0.002,0.002,0.001,0.008,0.001,0.001,0.003,0.001,0.003,0.005,0.001,0.001,0.002,0.001,0.002,0.001,0.002,0.002,0.002,0.006,0.003,0.001,0.002,0.001,0.002,0.001,0.001,0.002,0.002,0.002,0.006,0.002,0.003,0.001,0.006,0.005,0.003,0.006,0.003,0.001,0.004,0.200,0.001,0.004,0.001,0.002,0.004,0.001,0.005,0.209,0.002,0.001,0.000,0.003,0.003,0.207,0.214,0.002,0.002,0.003,0.003,0.002,0.001,0.002,0.186,0.225,0.003,0.002,0.003,0.192,0.213,0.002,0.002,0.003,0.002,0.001,0.001,0.003,0.178,0.171,0.000,0.003,0.002,0.007,0.001,0.002,0.184,0.002,0.002,0.003,0.003,0.001,0.217,0.002,0.002,0.006,0.001,0.003,0.003,0.002,0.002,0.002,0.002,0.001,0.003,0.005,0.002,0.001,0.003,0.004,0.003,0.003,0.002,0.006,0.002,0.002,0.005,0.003,0.004,0.007,0.001,0.001,0.001,0.001,0.001,0.000,0.002,0.001,0.003,0.002,0.003,0.002,0.001,0.001,0.002,0.003,0.003,0.003,0.000,0.001,0.003,0.000,0.003,0.001,0.001,0.001,0.001,0.002,0.002,0.003,0.002,0.003,0.004,0.001,0.001,0.004,0.003,0.002,0.005,0.001,0.003,0.057,0.238,0.245,0.201,0.234,0.229,0.245,0.201,0.003,0.004,0.008,0.003,0.004,0.005,0.005,0.003,0.164,0.162,0.156,0.128,0.193,0.099,0.162,0.005,0.003,0.002,0.003,0.003,0.002,0.002,0.002,0.002,0.001,0.003,0.004,0.002,0.004,0.001,0.213,0.107,0.196,0.106,0.202,0.190,0.127,0.198,0.042,0.034,0.043,0.046,0.033,0.029,0.030,0.032,0.035,0.030,0.030,0.050,0.054,0.035,0.031,0.031,0.046,0.048,0.054,0.065,0.005,0.024,0.007,0.020,0.012,0.011,0.002,0.004,0.006,0.002,0.003,0.004,0.002,0.001,0.001,0.004,0.213,0.000,0.003,0.117,0.116,0.002,0.004,0.006,0.005,0.007,0.004,0.003,0.005,0.066,0.134,0.148,0.141,0.154,0.134,0.110,0.149,0.112,0.112,0.116,0.133,0.119,0.116,0.158,0.144,0.135,0.094,0.106
MPI-376,0.056,0.074,0.079,0.049,0.088,0.120,0.005,0.053,0.049,0.036,0.030,0.045,0.045,0.039,0.048,0.035,0.041,0.046,0.038,0.043,0.044,0.043,0.044,0.022,0.027,0.033,0.028,0.036,0.035,0.037,0.029,0.028,0.034,0.031,0.007,0.002,0.003,0.004,0.001,0.004,0.064,0.063,0.178,0.164,0.162,0.150,0.164,0.189,0.189,0.193,0.189,0.167,0.156,0.204,0.172,0.188,0.188,0.196,0.204,0.196,0.174,0.197,0.157,0.159,0.210,0.198,0.195,0.080,0.067,0.059,0.041,0.076,0.053,0.074,0.066,0.056,0.060,0.008,0.014,0.013,0.019,0.018,0.022,0.001,0.118,0.001,0.001,0.174,0.002,0.001,0.094,0.001,0.001,0.001,0.002,0.002,0.188,0.001,0.001,0.001,0.000,0.000,0.005,0.001,0.002,0.001,0.001,0.001,0.001,0.001,0.000,0.002,0.002,0.000,0.000,0.003,0.001,0.001,0.001,0.001,0.001,0.001,0.002,0.001,0.002,0.001,0.003,0.001,0.001,0.004,0.001,0.001,0.004,0.003,0.005,0.006,0.002,0.000,0.003,0.002,0.002,0.000,0.000,0.000,0.001,0.001,0.003,0.002,0.004,0.002,0.001,0.001,0.001,0.002,0.001,0.001,0.000,0.002,0.000,0.001,0.001,0.002,0.001,0.001,0.000,0.002,0.001,0.005,0.001,0.002,0.002,0.001,0.002,0.001,0.001,0.001,0.001,0.001,0.002,0.001,0.001,0.002,0.004,0.001,0.003,0.001,0.001,0.002,0.002,0.000,0.000,0.001,0.001,0.001,0.006,0.001,0.002,0.001,0.003,0.002,0.002,0.001,0.002,0.001,0.001,0.189,0.002,0.002,0.001,0.002,0.003,0.000,0.004,0.193,0.001,0.002,0.000,0.002,0.005,0.195,0.171,0.004,0.002,0.002,0.005,0.005,0.003,0.002,0.189,0.231,0.003,0.003,0.004,0.169,0.196,0.002,0.001,0.005,0.001,0.001,0.001,0.001,0.173,0.159,0.000,0.001,0.001,0.005,0.000,0.004,0.174,0.002,0.002,0.003,0.004,0.002,0.175,0.002,0.003,0.003,0.002,0.001,0.004,0.001,0.001,0.002,0.001,0.000,0.002,0.002,0.002,0.001,0.003,0.001,0.001,0.003,0.003,0.004,0.001,0.001,0.002,0.003,0.001,0.004,0.003,0.002,0.002,0.003,0.001,0.000,0.003,0.000,0.005,0.002,0.004,0.001,0.001,0.001,0.004,0.001,0.001,0.002,0.001,0.001,0.003,0.000,0.003,0.000,0.001,0.001,0.001,0.002,0.001,0.001,0.002,0.002,0.004,0.001,0.001,0.004,0.001,0.002,0.003,0.001,0.002,0.061,0.210,0.227,0.200,0.208,0.200,0.240,0.178,0.001,0.003,0.003,0.006,0.002,0.004,0.003,0.001,0.156,0.150,0.150,0.117,0.187,0.102,0.136,0.002,0.003,0.002,0.001,0.003,0.003,0.002,0.003,0.002,0.002,0.006,0.002,0.001,0.001,0.001,0.186,0.112,0.177,0.080,0.204,0.187,0.131,0.194,0.036,0.030,0.051,0.043,0.034,0.023,0.034,0.032,0.032,0.034,0.021,0.048,0.045,0.036,0.025,0.024,0.040,0.041,0.055,0.045,0.006,0.019,0.009,0.016,0.016,0.011,0.002,0.006,0.005,0.003,0.002,0.003,0.001,0.001,0.001,0.002,0.204,0.001,0.002,0.091,0.101,0.002,0.003,0.005,0.005,0.005,0.003,0.003,0.002,0.052,0.113,0.135,0.142,0.160,0.134,0.116,0.123,0.105,0.097,0.117,0.119,0.122,0.105,0.140,0.130,0.112,0.077,0.094
MTW007,0.042,0.023,0.053,0.051,0.039,0.046,0.069,0.029,0.085,0.038,0.015,0.033,0.085,0.071,0.058,0.055,0.068,0.087,0.084,0.082,0.065,0.046,0.039,0.049,0.053,0.049,0.057,0.074,0.048,0.057,0.053,0.061,0.056,0.055,0.092,0.108,0.044,0.035,0.066,0.041,0.053,0.093,0.079,0.043,0.053,0.041,0.044,0.056,0.047,0.074,0.042,0.049,0.041,0.055,0.056,0.051,0.035,0.059,0.070,0.053,0.053,0.075,0.036,0.034,0.075,0.049,0.056,0.075,0.063,0.085,0.070,0.049,0.059,0.080,0.081,0.071,0.053,0.063,0.109,0.059,0.063,0.062,0.064,0.028,0.086,0.009,0.012,0.030,0.044,0.017,0.069,0.041,0.008,0.028,0.029,0.065,0.068,0.045,0.021,0.021,0.022,0.081,0.064,0.034,0.106,0.019,0.021,0.011,0.015,0.019,0.029,0.065,0.079,0.047,0.013,0.073,0.037,0.020,0.004,0.034,0.010,0.025,0.036,0.010,0.070,0.046,0.047,0.010,0.012,0.056,0.012,0.014,0.029,0.029,0.038,0.043,0.079,0.015,0.043,0.043,0.030,0.000,0.011,0.027,0.015,0.022,0.072,0.081,0.055,0.041,0.000,0.015,0.020,0.016,0.015,0.014,0.001,0.008,0.021,0.000,0.040,0.049,0.012,0.023,0.039,0.022,0.030,0.002,0.001,0.045,0.031,0.002,0.062,0.040,0.000,0.023,0.021,0.010,0.025,0.018,0.068,0.011,0.087,0.051,0.068,0.008,0.031,0.023,0.047,0.018,0.010,0.024,0.030,0.020,0.069,0.038,0.041,0.014,0.014,0.039,0.079,0.073,0.018,0.012,0.070,0.041,0.024,0.037,0.030,0.034,0.063,0.032,0.049,0.034,0.017,0.055,0.022,0.055,0.092,0.053,0.076,0.034,0.023,0.042,0.032,0.024,0.036,0.054,0.024,0.045,0.049,0.043,0.042,0.056,0.054,0.043,0.009,0.033,0.071,0.031,0.038,0.066,0.045,0.079,0.009,0.037,0.061,0.044,0.027,0.038,0.071,0.031,0.092,0.030,0.037,0.010,0.073,0.011,0.018,0.039,0.015,0.073,0.032,0.042,0.026,0.044,0.017,0.042,0.030,0.077,0.038,0.005,0.019,0.007,0.035,0.040,0.052,0.096,0.030,0.018,0.074,0.029,0.008,0.016,0.030,0.017,0.039,0.011,0.014,0.023,0.013,0.019,0.047,0.033,0.056,0.028,0.014,0.017,0.074,0.007,0.097,0.060,0.001,0.023,0.042,0.003,0.052,0.007,0.007,0.022,0.014,0.039,0.050,0.046,0.016,0.039,0.037,0.001,0.010,0.021,0.040,0.020,0.043,0.027,0.065,0.065,0.054,0.058,0.039,0.029,0.045,0.063,0.023,0.047,0.077,0.107,0.094,0.069,0.102,0.095,0.092,0.050,0.045,0.036,0.049,0.051,0.031,0.055,0.086,0.120,0.114,0.083,0.072,0.053,0.055,0.082,0.050,0.060,0.044,0.073,0.050,0.086,0.047,0.061,0.056,0.072,0.013,0.057,0.046,0.050,0.028,0.048,0.049,0.065,0.059,0.041,0.066,0.059,0.056,0.100,0.029,0.048,0.033,0.038,0.051,0.051,0.069,0.069,0.040,0.066,0.039,0.063,0.068,0.033,0.063,0.053,0.078,0.053,0.058,0.076,0.049,0.053,0.086,0.072,0.055,0.017,0.042,0.043,0.001,0.063,0.040,0.052,0.021,0.025,0.079,0.063,0.093,0.040,0.071,0.062,0.072,0.074,0.043,0.044,0.074,0.041,0.062,0.065,0.035,0.044,0.064,0.056,0.044,0.039,0.047,0.046,0.061,0.051,0.041
MTW020,0.075,0.097,0.079,0.081,0.062,0.064,0.100,0.062,0.065,0.075,0.072,0.099,0.088,0.044,0.100,0.075,0.085,0.079,0.118,0.093,0.095,0.105,0.097,0.076,0.071,0.114,0.080,0.134,0.078,0.046,0.061,0.073,0.109,0.068,0.103,0.130,0.066,0.078,0.049,0.093,0.072,0.082,0.069,0.043,0.061,0.086,0.057,0.046,0.082,0.060,0.045,0.063,0.089,0.054,0.059,0.054,0.077,0.068,0.068,0.097,0.070,0.062,0.075,0.057,0.076,0.055,0.088,0.082,0.078,0.108,0.100,0.066,0.133,0.089,0.095,0.047,0.097,0.089,0.068,0.103,0.088,0.106,0.047,0.027,0.051,0.030,0.006,0.093,0.072,0.033,0.078,0.069,0.011,0.030,0.040,0.122,0.072,0.045,0.019,0.041,0.028,0.072,0.119,0.025,0.084,0.022,0.029,0.020,0.010,0.054,0.027,0.104,0.100,0.097,0.016,0.100,0.032,0.011,0.012,0.071,0.006,0.037,0.070,0.008,0.047,0.083,0.046,0.038,0.015,0.077,0.059,0.018,0.042,0.076,0.068,0.092,0.115,0.016,0.069,0.089,0.055,0.000,0.005,0.030,0.044,0.021,0.018,0.069,0.077,0.032,0.014,0.007,0.064,0.034,0.015,0.044,0.030,0.039,0.043,0.013,0.045,0.052,0.032,0.019,0.069,0.016,0.024,0.048,0.004,0.016,0.100,0.025,0.053,0.051,0.006,0.012,0.022,0.013,0.060,0.009,0.117,0.051,0.108,0.096,0.097,0.010,0.028,0.087,0.066,0.031,0.015,0.040,0.049,0.054,0.120,0.082,0.040,0.022,0.072,0.063,0.065,0.095,0.040,0.009,0.087,0.052,0.047,0.094,0.067,0.062,0.083,0.013,0.074,0.039,0.017,0.087,0.057,0.089,0.072,0.083,0.070,0.083,0.019,0.100,0.060,0.080,0.026,0.103,0.059,0.044,0.048,0.055,0.061,0.066,0.071,0.052,0.016,0.028,0.151,0.058,0.052,0.049,0.064,0.048,0.008,0.082,0.131,0.064,0.039,0.105,0.067,0.072,0.026,0.055,0.099,0.015,0.076,0.052,0.042,0.037,0.060,0.131,0.053,0.024,0.029,0.062,0.018,0.065,0.011,0.085,0.061,0.028,0.030,0.027,0.079,0.037,0.061,0.135,0.043,0.020,0.100,0.074,0.046,0.064,0.028,0.022,0.027,0.045,0.026,0.024,0.034,0.035,0.079,0.034,0.087,0.019,0.041,0.015,0.086,0.034,0.069,0.111,0.005,0.023,0.097,0.027,0.068,0.010,0.013,0.037,0.010,0.050,0.069,0.027,0.080,0.038,0.074,0.008,0.018,0.043,0.028,0.036,0.045,0.026,0.053,0.123,0.086,0.086,0.061,0.057,0.075,0.083,0.056,0.082,0.109,0.202,0.138,0.146,0.131,0.209,0.137,0.073,0.071,0.061,0.052,0.082,0.079,0.044,0.094,0.124,0.131,0.153,0.172,0.122,0.128,0.200,0.066,0.094,0.060,0.098,0.103,0.096,0.072,0.067,0.054,0.096,0.044,0.087,0.043,0.070,0.054,0.081,0.051,0.093,0.086,0.089,0.098,0.063,0.120,0.079,0.101,0.053,0.069,0.046,0.075,0.079,0.082,0.116,0.051,0.092,0.120,0.078,0.090,0.190,0.102,0.114,0.085,0.102,0.055,0.119,0.063,0.121,0.097,0.060,0.045,0.038,0.167,0.041,0.009,0.052,0.053,0.084,0.064,0.073,0.064,0.130,0.097,0.104,0.069,0.098,0.097,0.104,0.110,0.093,0.135,0.120,0.086,0.059,0.115,0.069,0.066,0.092,0.089,0.069,0.069,0.085,0.064,0.084,0.070
MTW030,0.092,0.082,0.116,0.059,0.117,0.052,0.126,0.051,0.113,0.101,0.060,0.103,0.064,0.063,0.071,0.101,0.089,0.081,0.094,0.112,0.086,0.098,0.061,0.059,0.061,0.114,0.106,0.111,0.090,0.066,0.038,0.070,0.079,0.069,0.076,0.116,0.098,0.054,0.048,0.085,0.107,0.099,0.090,0.097,0.091,0.091,0.143,0.049,0.074,0.076,0.065,0.092,0.065,0.104,0.114,0.088,0.087,0.123,0.132,0.091,0.093,0.112,0.120,0.106,0.129,0.080,0.108,0.055,0.104,0.121,0.108,0.047,0.144,0.114,0.118,0.109,0.050,0.063,0.079,0.144,0.120,0.118,0.060,0.020,0.072,0.005,0.005,0.066,0.101,0.016,0.061,0.054,0.008,0.030,0.034,0.098,0.068,0.062,0.025,0.025,0.029,0.058,0.067,0.009,0.068,0.034,0.024,0.016,0.010,0.042,0.029,0.073,0.088,0.087,0.011,0.102,0.028,0.020,0.008,0.068,0.009,0.019,0.056,0.009,0.038,0.075,0.044,0.032,0.026,0.064,0.078,0.024,0.105,0.038,0.066,0.069,0.069,0.011,0.068,0.054,0.054,0.001,0.014,0.022,0.056,0.027,0.039,0.057,0.074,0.037,0.000,0.019,0.055,0.014,0.020,0.027,0.033,0.026,0.029,0.010,0.049,0.049,0.041,0.020,0.084,0.021,0.027,0.026,0.009,0.037,0.099,0.022,0.084,0.093,0.003,0.003,0.023,0.012,0.072,0.011,0.116,0.011,0.043,0.105,0.034,0.014,0.016,0.064,0.052,0.019,0.007,0.045,0.033,0.055,0.099,0.056,0.023,0.018,0.086,0.037,0.036,0.092,0.041,0.017,0.087,0.111,0.073,0.075,0.063,0.061,0.116,0.014,0.085,0.082,0.026,0.056,0.052,0.070,0.058,0.098,0.104,0.042,0.025,0.079,0.055,0.081,0.028,0.074,0.060,0.100,0.070,0.076,0.054,0.058,0.077,0.071,0.025,0.031,0.076,0.037,0.026,0.052,0.080,0.086,0.019,0.063,0.135,0.098,0.016,0.047,0.064,0.055,0.040,0.060,0.062,0.008,0.114,0.055,0.032,0.023,0.042,0.105,0.048,0.061,0.029,0.058,0.020,0.063,0.014,0.087,0.062,0.031,0.031,0.009,0.075,0.055,0.045,0.167,0.036,0.032,0.078,0.087,0.047,0.055,0.062,0.028,0.031,0.038,0.020,0.019,0.029,0.030,0.052,0.045,0.067,0.043,0.022,0.022,0.067,0.034,0.074,0.120,0.011,0.011,0.041,0.026,0.072,0.010,0.015,0.051,0.020,0.034,0.040,0.020,0.045,0.028,0.045,0.002,0.011,0.027,0.017,0.022,0.047,0.024,0.045,0.104,0.144,0.113,0.096,0.094,0.125,0.160,0.052,0.095,0.176,0.155,0.119,0.125,0.152,0.143,0.142,0.104,0.106,0.083,0.113,0.147,0.076,0.085,0.127,0.115,0.115,0.140,0.140,0.104,0.094,0.121,0.051,0.069,0.055,0.144,0.074,0.160,0.097,0.101,0.061,0.101,0.106,0.118,0.103,0.072,0.091,0.090,0.051,0.140,0.090,0.077,0.079,0.048,0.092,0.079,0.112,0.072,0.105,0.064,0.083,0.101,0.066,0.066,0.087,0.116,0.140,0.043,0.061,0.124,0.085,0.070,0.074,0.089,0.045,0.102,0.064,0.114,0.093,0.095,0.059,0.024,0.116,0.094,0.021,0.082,0.057,0.145,0.045,0.114,0.091,0.141,0.129,0.092,0.077,0.056,0.120,0.093,0.118,0.081,0.107,0.119,0.082,0.108,0.124,0.116,0.094,0.083,0.100,0.080,0.083,0.134,0.141,0.116,0.114
MTW057,0.059,0.160,0.103,0.103,0.038,0.147,0.127,0.108,0.111,0.081,0.088,0.085,0.257,0.152,0.185,0.236,0.114,0.226,0.114,0.105,0.179,0.168,0.069,0.139,0.056,0.078,0.177,0.118,0.120,0.079,0.084,0.153,0.105,0.100,0.191,0.146,0.068,0.101,0.051,0.101,0.100,0.150,0.066,0.059,0.038,0.076,0.097,0.074,0.074,0.132,0.053,0.057,0.049,0.066,0.057,0.150,0.139,0.057,0.047,0.114,0.077,0.059,0.064,0.092,0.069,0.060,0.078,0.164,0.103,0.112,0.096,0.184,0.146,0.163,0.096,0.082,0.072,0.108,0.122,0.126,0.059,0.088,0.078,0.023,0.092,0.011,0.014,0.080,0.070,0.033,0.066,0.062,0.011,0.032,0.064,0.091,0.056,0.062,0.028,0.034,0.039,0.071,0.151,0.020,0.077,0.028,0.028,0.017,0.009,0.036,0.040,0.136,0.075,0.069,0.019,0.094,0.043,0.029,0.019,0.080,0.015,0.023,0.065,0.017,0.056,0.079,0.045,0.023,0.019,0.058,0.051,0.020,0.040,0.073,0.093,0.067,0.074,0.018,0.056,0.037,0.060,0.004,0.006,0.018,0.019,0.021,0.091,0.107,0.054,0.046,0.001,0.008,0.049,0.019,0.031,0.018,0.021,0.030,0.039,0.014,0.021,0.041,0.025,0.026,0.066,0.012,0.036,0.015,0.015,0.023,0.124,0.019,0.110,0.052,0.007,0.007,0.031,0.019,0.048,0.011,0.106,0.030,0.084,0.075,0.049,0.003,0.032,0.065,0.058,0.028,0.015,0.045,0.033,0.033,0.079,0.071,0.026,0.010,0.058,0.034,0.108,0.110,0.032,0.008,0.063,0.076,0.061,0.078,0.049,0.064,0.122,0.015,0.076,0.067,0.017,0.052,0.034,0.083,0.187,0.079,0.081,0.063,0.018,0.086,0.056,0.048,0.025,0.100,0.044,0.129,0.057,0.083,0.123,0.055,0.090,0.063,0.008,0.056,0.077,0.045,0.061,0.040,0.086,0.133,0.011,0.052,0.122,0.066,0.034,0.100,0.065,0.052,0.069,0.053,0.073,0.014,0.078,0.031,0.021,0.016,0.026,0.099,0.040,0.023,0.024,0.065,0.027,0.058,0.012,0.096,0.071,0.026,0.011,0.002,0.087,0.033,0.042,0.132,0.058,0.022,0.072,0.099,0.024,0.039,0.026,0.030,0.018,0.018,0.032,0.020,0.018,0.024,0.132,0.043,0.176,0.019,0.013,0.014,0.066,0.025,0.067,0.081,0.009,0.022,0.072,0.025,0.058,0.028,0.013,0.054,0.012,0.034,0.086,0.023,0.058,0.066,0.066,0.009,0.009,0.033,0.016,0.038,0.044,0.008,0.045,0.145,0.183,0.062,0.182,0.038,0.065,0.072,0.110,0.108,0.148,0.152,0.271,0.099,0.224,0.145,0.120,0.098,0.147,0.068,0.074,0.101,0.054,0.093,0.132,0.151,0.176,0.145,0.137,0.147,0.089,0.232,0.066,0.088,0.151,0.146,0.099,0.099,0.092,0.061,0.090,0.097,0.042,0.097,0.030,0.071,0.135,0.055,0.053,0.085,0.184,0.188,0.080,0.176,0.134,0.097,0.195,0.054,0.105,0.077,0.084,0.084,0.093,0.079,0.141,0.085,0.118,0.119,0.176,0.113,0.100,0.229,0.098,0.095,0.201,0.222,0.115,0.110,0.096,0.127,0.074,0.022,0.091,0.054,0.011,0.069,0.036,0.069,0.060,0.122,0.101,0.135,0.109,0.148,0.096,0.093,0.075,0.086,0.121,0.051,0.071,0.096,0.091,0.083,0.096,0.061,0.061,0.087,0.066,0.090,0.065,0.073,0.095,0.168,0.078
MTW058,0.124,0.098,0.134,0.110,0.092,0.060,0.125,0.070,0.096,0.080,0.130,0.167,0.115,0.031,0.115,0.107,0.146,0.088,0.136,0.130,0.141,0.097,0.138,0.131,0.108,0.142,0.082,0.137,0.132,0.102,0.117,0.071,0.136,0.072,0.111,0.156,0.081,0.077,0.069,0.096,0.157,0.166,0.126,0.058,0.075,0.079,0.092,0.069,0.107,0.110,0.054,0.070,0.088,0.075,0.086,0.088,0.060,0.108,0.113,0.094,0.085,0.074,0.054,0.082,0.060,0.068,0.107,0.109,0.116,0.123,0.111,0.091,0.154,0.168,0.128,0.085,0.070,0.136,0.139,0.111,0.130,0.152,0.095,0.040,0.103,0.015,0.031,0.080,0.079,0.026,0.101,0.078,0.013,0.034,0.056,0.078,0.097,0.047,0.027,0.038,0.016,0.061,0.104,0.022,0.121,0.060,0.041,0.020,0.006,0.044,0.022,0.099,0.126,0.062,0.021,0.171,0.044,0.033,0.011,0.058,0.009,0.027,0.056,0.019,0.089,0.084,0.031,0.038,0.035,0.059,0.073,0.039,0.096,0.072,0.081,0.108,0.107,0.021,0.148,0.123,0.055,0.006,0.016,0.031,0.039,0.032,0.085,0.077,0.084,0.085,0.000,0.031,0.053,0.018,0.054,0.024,0.034,0.029,0.046,0.015,0.035,0.050,0.032,0.043,0.086,0.026,0.042,0.029,0.006,0.025,0.122,0.030,0.147,0.057,0.013,0.021,0.043,0.020,0.086,0.019,0.107,0.037,0.080,0.142,0.067,0.029,0.046,0.072,0.057,0.047,0.027,0.041,0.043,0.052,0.115,0.074,0.066,0.015,0.065,0.066,0.083,0.100,0.042,0.030,0.127,0.089,0.048,0.105,0.067,0.089,0.113,0.035,0.092,0.067,0.036,0.094,0.052,0.109,0.081,0.128,0.107,0.075,0.032,0.085,0.092,0.080,0.021,0.118,0.090,0.056,0.083,0.070,0.063,0.106,0.047,0.063,0.029,0.047,0.141,0.042,0.053,0.037,0.120,0.077,0.003,0.057,0.166,0.049,0.057,0.125,0.151,0.056,0.071,0.021,0.103,0.021,0.110,0.048,0.027,0.029,0.058,0.153,0.028,0.030,0.032,0.056,0.017,0.081,0.020,0.143,0.067,0.022,0.043,0.005,0.131,0.049,0.074,0.151,0.046,0.067,0.122,0.078,0.049,0.050,0.043,0.033,0.044,0.038,0.026,0.036,0.033,0.024,0.118,0.063,0.156,0.033,0.020,0.035,0.075,0.045,0.081,0.145,0.015,0.028,0.064,0.026,0.056,0.006,0.013,0.036,0.040,0.047,0.076,0.050,0.034,0.051,0.083,0.007,0.013,0.035,0.032,0.055,0.068,0.047,0.062,0.113,0.101,0.065,0.133,0.091,0.095,0.129,0.055,0.114,0.219,0.217,0.140,0.131,0.200,0.165,0.215,0.099,0.068,0.091,0.070,0.133,0.132,0.073,0.121,0.154,0.183,0.145,0.138,0.186,0.095,0.179,0.152,0.101,0.112,0.123,0.088,0.171,0.111,0.108,0.113,0.129,0.055,0.119,0.071,0.068,0.059,0.073,0.082,0.139,0.083,0.121,0.105,0.067,0.095,0.139,0.123,0.069,0.103,0.044,0.103,0.136,0.078,0.130,0.101,0.104,0.140,0.121,0.121,0.176,0.099,0.122,0.103,0.092,0.106,0.109,0.087,0.118,0.122,0.129,0.067,0.025,0.159,0.086,0.007,0.070,0.040,0.089,0.055,0.121,0.103,0.159,0.157,0.144,0.076,0.146,0.114,0.092,0.102,0.094,0.152,0.129,0.112,0.087,0.098,0.110,0.118,0.095,0.081,0.074,0.091,0.103,0.113,0.071,0.166
MTW062,0.066,0.089,0.095,0.039,0.106,0.065,0.061,0.077,0.074,0.055,0.069,0.107,0.088,0.099,0.099,0.084,0.070,0.094,0.080,0.052,0.093,0.068,0.082,0.053,0.050,0.052,0.089,0.077,0.081,0.039,0.052,0.050,0.069,0.046,0.077,0.078,0.048,0.060,0.038,0.040,0.093,0.100,0.047,0.078,0.045,0.078,0.106,0.034,0.044,0.059,0.042,0.083,0.047,0.101,0.067,0.088,0.080,0.060,0.072,0.066,0.082,0.079,0.067,0.075,0.044,0.037,0.088,0.076,0.054,0.068,0.109,0.088,0.101,0.124,0.086,0.097,0.050,0.042,0.059,0.095,0.072,0.093,0.024,0.010,0.043,0.004,0.017,0.058,0.041,0.019,0.086,0.028,0.007,0.013,0.040,0.025,0.046,0.035,0.016,0.019,0.010,0.050,0.100,0.015,0.047,0.031,0.013,0.008,0.018,0.022,0.001,0.061,0.069,0.033,0.001,0.051,0.017,0.016,0.003,0.028,0.008,0.013,0.034,0.016,0.042,0.039,0.026,0.015,0.006,0.022,0.021,0.009,0.083,0.076,0.058,0.047,0.048,0.005,0.059,0.026,0.054,0.006,0.006,0.035,0.034,0.009,0.088,0.036,0.048,0.060,0.004,0.002,0.021,0.007,0.009,0.020,0.019,0.013,0.007,0.006,0.023,0.025,0.046,0.005,0.052,0.003,0.008,0.026,0.001,0.004,0.076,0.017,0.098,0.073,0.002,0.026,0.003,0.012,0.063,0.003,0.083,0.006,0.064,0.084,0.053,0.007,0.006,0.047,0.038,0.016,0.009,0.015,0.021,0.018,0.054,0.041,0.012,0.011,0.090,0.028,0.078,0.090,0.040,0.011,0.045,0.039,0.043,0.058,0.061,0.037,0.083,0.037,0.049,0.067,0.010,0.033,0.031,0.059,0.063,0.045,0.085,0.034,0.003,0.064,0.037,0.049,0.027,0.063,0.027,0.091,0.063,0.041,0.061,0.035,0.042,0.046,0.016,0.033,0.054,0.042,0.021,0.048,0.061,0.076,0.008,0.034,0.082,0.062,0.025,0.053,0.047,0.032,0.027,0.019,0.054,0.011,0.057,0.034,0.027,0.008,0.031,0.072,0.042,0.026,0.018,0.025,0.013,0.033,0.013,0.082,0.034,0.016,0.038,0.014,0.043,0.014,0.059,0.111,0.023,0.021,0.075,0.070,0.036,0.017,0.013,0.020,0.019,0.004,0.013,0.009,0.013,0.036,0.078,0.045,0.109,0.005,0.015,0.016,0.054,0.024,0.067,0.072,0.003,0.007,0.041,0.013,0.070,0.004,0.006,0.019,0.010,0.014,0.033,0.019,0.022,0.048,0.033,0.004,0.007,0.011,0.024,0.023,0.030,0.010,0.027,0.127,0.117,0.062,0.073,0.060,0.036,0.112,0.050,0.095,0.105,0.150,0.161,0.111,0.237,0.105,0.103,0.058,0.091,0.043,0.066,0.109,0.055,0.092,0.104,0.059,0.107,0.086,0.131,0.104,0.093,0.143,0.078,0.039,0.090,0.044,0.048,0.104,0.054,0.074,0.069,0.050,0.086,0.076,0.040,0.039,0.092,0.062,0.054,0.050,0.066,0.075,0.033,0.102,0.070,0.061,0.081,0.032,0.029,0.074,0.024,0.046,0.041,0.090,0.084,0.095,0.084,0.036,0.076,0.105,0.089,0.132,0.050,0.063,0.083,0.097,0.085,0.064,0.053,0.084,0.035,0.015,0.068,0.050,0.007,0.026,0.033,0.056,0.022,0.113,0.075,0.092,0.187,0.058,0.066,0.060,0.066,0.038,0.051,0.050,0.053,0.062,0.055,0.056,0.065,0.052,0.049,0.063,0.049,0.049,0.048,0.094,0.079,0.121,0.093
MTW071,0.059,0.095,0.112,0.047,0.104,0.097,0.085,0.077,0.079,0.085,0.100,0.117,0.028,0.057,0.058,0.057,0.055,0.108,0.110,0.059,0.059,0.086,0.075,0.059,0.064,0.101,0.057,0.141,0.073,0.059,0.031,0.085,0.080,0.078,0.080,0.113,0.038,0.099,0.060,0.082,0.103,0.080,0.057,0.027,0.050,0.034,0.058,0.060,0.032,0.047,0.066,0.030,0.066,0.089,0.058,0.097,0.054,0.057,0.065,0.089,0.037,0.080,0.065,0.037,0.080,0.048,0.065,0.075,0.057,0.099,0.088,0.027,0.094,0.087,0.074,0.042,0.101,0.089,0.122,0.071,0.103,0.078,0.047,0.018,0.031,0.014,0.008,0.081,0.059,0.013,0.053,0.062,0.010,0.029,0.063,0.097,0.057,0.029,0.023,0.015,0.009,0.059,0.071,0.020,0.043,0.012,0.009,0.012,0.010,0.040,0.030,0.055,0.129,0.051,0.012,0.073,0.010,0.021,0.012,0.041,0.004,0.016,0.049,0.017,0.061,0.055,0.052,0.032,0.015,0.049,0.023,0.005,0.045,0.059,0.046,0.040,0.067,0.005,0.072,0.072,0.067,0.001,0.001,0.008,0.002,0.002,0.050,0.041,0.098,0.059,0.000,0.017,0.043,0.030,0.015,0.020,0.030,0.049,0.014,0.015,0.016,0.045,0.016,0.007,0.057,0.012,0.005,0.013,0.006,0.019,0.079,0.025,0.054,0.014,0.007,0.013,0.009,0.026,0.073,0.025,0.093,0.012,0.097,0.038,0.065,0.001,0.022,0.056,0.080,0.018,0.007,0.019,0.013,0.014,0.097,0.086,0.019,0.027,0.035,0.073,0.052,0.067,0.025,0.010,0.087,0.083,0.059,0.079,0.079,0.046,0.086,0.015,0.048,0.047,0.013,0.092,0.034,0.097,0.063,0.053,0.063,0.033,0.020,0.097,0.037,0.070,0.023,0.068,0.047,0.072,0.040,0.036,0.044,0.043,0.031,0.058,0.001,0.029,0.095,0.020,0.060,0.021,0.047,0.060,0.016,0.069,0.115,0.047,0.028,0.094,0.041,0.067,0.052,0.036,0.086,0.006,0.058,0.046,0.040,0.016,0.046,0.090,0.039,0.045,0.031,0.053,0.031,0.064,0.031,0.106,0.049,0.002,0.014,0.018,0.046,0.061,0.050,0.088,0.029,0.019,0.106,0.073,0.036,0.034,0.024,0.051,0.022,0.018,0.014,0.014,0.028,0.029,0.035,0.041,0.086,0.007,0.015,0.006,0.078,0.034,0.043,0.064,0.023,0.010,0.045,0.024,0.037,0.001,0.011,0.040,0.010,0.027,0.064,0.024,0.059,0.046,0.059,0.008,0.006,0.016,0.020,0.023,0.044,0.010,0.036,0.094,0.072,0.104,0.105,0.081,0.043,0.095,0.059,0.088,0.182,0.157,0.115,0.099,0.106,0.089,0.136,0.074,0.048,0.044,0.060,0.047,0.040,0.064,0.082,0.112,0.114,0.128,0.157,0.124,0.099,0.167,0.052,0.053,0.059,0.117,0.088,0.089,0.074,0.031,0.045,0.080,0.072,0.085,0.041,0.072,0.052,0.081,0.044,0.097,0.084,0.099,0.056,0.058,0.076,0.055,0.083,0.051,0.067,0.044,0.065,0.078,0.062,0.110,0.046,0.096,0.092,0.053,0.063,0.148,0.086,0.155,0.084,0.073,0.108,0.102,0.069,0.089,0.047,0.090,0.066,0.019,0.116,0.037,0.002,0.052,0.032,0.058,0.058,0.083,0.060,0.103,0.060,0.083,0.071,0.059,0.101,0.040,0.064,0.047,0.052,0.072,0.015,0.062,0.045,0.060,0.043,0.041,0.048,0.056,0.040,0.067,0.044,0.060,0.048
MTW078,0.126,0.098,0.108,0.121,0.058,0.063,0.137,0.086,0.118,0.055,0.065,0.133,0.085,0.060,0.116,0.113,0.107,0.095,0.141,0.104,0.081,0.102,0.077,0.119,0.074,0.075,0.080,0.124,0.111,0.112,0.111,0.070,0.062,0.063,0.113,0.158,0.075,0.075,0.063,0.070,0.079,0.096,0.078,0.071,0.050,0.076,0.076,0.056,0.067,0.066,0.077,0.064,0.061,0.037,0.096,0.074,0.050,0.083,0.047,0.125,0.092,0.036,0.089,0.079,0.087,0.099,0.064,0.116,0.085,0.135,0.116,0.076,0.160,0.105,0.110,0.072,0.063,0.061,0.111,0.166,0.059,0.099,0.077,0.023,0.074,0.035,0.020,0.069,0.137,0.024,0.129,0.085,0.036,0.041,0.087,0.085,0.076,0.080,0.023,0.026,0.018,0.106,0.094,0.021,0.076,0.043,0.035,0.014,0.008,0.092,0.038,0.086,0.125,0.094,0.021,0.085,0.030,0.040,0.007,0.073,0.011,0.025,0.069,0.001,0.083,0.097,0.054,0.075,0.019,0.036,0.036,0.011,0.060,0.076,0.091,0.075,0.080,0.039,0.089,0.094,0.062,0.010,0.032,0.035,0.014,0.030,0.073,0.068,0.100,0.085,0.017,0.008,0.075,0.034,0.026,0.016,0.069,0.020,0.038,0.020,0.032,0.076,0.026,0.022,0.131,0.023,0.015,0.028,0.018,0.011,0.113,0.055,0.086,0.048,0.004,0.017,0.031,0.020,0.088,0.012,0.178,0.025,0.098,0.114,0.073,0.013,0.054,0.031,0.053,0.043,0.036,0.035,0.049,0.030,0.114,0.057,0.068,0.039,0.083,0.087,0.085,0.105,0.043,0.037,0.092,0.084,0.080,0.089,0.120,0.057,0.140,0.022,0.084,0.086,0.028,0.066,0.112,0.146,0.067,0.068,0.077,0.061,0.017,0.122,0.083,0.123,0.054,0.094,0.045,0.082,0.064,0.046,0.073,0.060,0.065,0.053,0.015,0.075,0.107,0.040,0.060,0.041,0.073,0.051,0.013,0.091,0.169,0.074,0.028,0.096,0.063,0.059,0.047,0.066,0.060,0.045,0.095,0.092,0.064,0.038,0.008,0.123,0.071,0.039,0.033,0.075,0.011,0.095,0.017,0.095,0.096,0.073,0.037,0.022,0.071,0.041,0.045,0.196,0.061,0.024,0.115,0.145,0.078,0.088,0.016,0.052,0.019,0.013,0.052,0.024,0.024,0.028,0.055,0.059,0.086,0.022,0.028,0.024,0.055,0.069,0.122,0.117,0.006,0.034,0.063,0.050,0.056,0.005,0.017,0.039,0.023,0.019,0.054,0.043,0.043,0.094,0.094,0.019,0.025,0.013,0.027,0.061,0.080,0.028,0.055,0.163,0.120,0.046,0.070,0.036,0.046,0.097,0.027,0.127,0.193,0.232,0.154,0.201,0.186,0.214,0.178,0.082,0.088,0.105,0.074,0.099,0.064,0.051,0.122,0.133,0.206,0.241,0.171,0.133,0.097,0.141,0.057,0.077,0.077,0.121,0.094,0.163,0.103,0.106,0.090,0.072,0.086,0.076,0.042,0.120,0.074,0.078,0.061,0.093,0.109,0.072,0.073,0.073,0.071,0.086,0.130,0.043,0.077,0.047,0.069,0.054,0.061,0.103,0.040,0.072,0.191,0.080,0.075,0.138,0.088,0.088,0.102,0.129,0.090,0.177,0.107,0.108,0.097,0.128,0.059,0.048,0.127,0.059,0.014,0.085,0.042,0.058,0.098,0.114,0.083,0.150,0.127,0.084,0.074,0.107,0.149,0.095,0.190,0.088,0.133,0.188,0.139,0.133,0.162,0.101,0.110,0.105,0.081,0.131,0.133,0.134,0.159,0.126,0.082
NG02-F,0.066,0.072,0.076,0.055,0.093,0.098,0.007,0.052,0.052,0.035,0.044,0.040,0.048,0.038,0.051,0.045,0.044,0.053,0.035,0.047,0.048,0.034,0.038,0.018,0.032,0.048,0.031,0.033,0.046,0.044,0.048,0.039,0.034,0.029,0.004,0.005,0.004,0.005,0.003,0.004,0.059,0.076,0.195,0.185,0.187,0.176,0.169,0.208,0.217,0.196,0.219,0.182,0.172,0.181,0.178,0.183,0.192,0.196,0.200,0.199,0.149,0.178,0.172,0.187,0.212,0.184,0.198,0.083,0.071,0.069,0.059,0.055,0.065,0.070,0.060,0.058,0.089,0.016,0.014,0.012,0.023,0.018,0.017,0.002,0.110,0.002,0.001,0.174,0.004,0.002,0.098,0.005,0.004,0.003,0.002,0.007,0.236,0.003,0.001,0.002,0.004,0.003,0.002,0.002,0.004,0.002,0.001,0.002,0.001,0.005,0.002,0.003,0.008,0.006,0.002,0.005,0.004,0.002,0.002,0.004,0.002,0.002,0.003,0.002,0.006,0.004,0.007,0.001,0.002,0.003,0.002,0.002,0.004,0.004,0.005,0.012,0.003,0.002,0.007,0.003,0.006,0.003,0.000,0.002,0.003,0.002,0.005,0.002,0.004,0.005,0.001,0.001,0.003,0.002,0.003,0.001,0.001,0.002,0.002,0.002,0.003,0.004,0.002,0.003,0.002,0.002,0.003,0.002,0.003,0.003,0.002,0.003,0.004,0.002,0.001,0.002,0.003,0.001,0.002,0.002,0.003,0.002,0.004,0.003,0.002,0.001,0.004,0.004,0.003,0.002,0.001,0.002,0.003,0.003,0.004,0.003,0.003,0.001,0.003,0.005,0.004,0.008,0.004,0.002,0.003,0.182,0.005,0.003,0.005,0.003,0.003,0.001,0.006,0.201,0.002,0.003,0.001,0.004,0.005,0.196,0.197,0.004,0.003,0.006,0.004,0.003,0.003,0.006,0.173,0.241,0.004,0.004,0.006,0.185,0.217,0.004,0.003,0.004,0.004,0.002,0.005,0.005,0.196,0.175,0.001,0.004,0.006,0.008,0.004,0.001,0.222,0.004,0.003,0.004,0.003,0.002,0.203,0.002,0.003,0.003,0.002,0.003,0.003,0.003,0.003,0.004,0.002,0.003,0.003,0.004,0.003,0.001,0.005,0.001,0.004,0.004,0.004,0.007,0.003,0.002,0.005,0.004,0.002,0.004,0.005,0.003,0.002,0.003,0.002,0.002,0.004,0.003,0.003,0.005,0.003,0.001,0.002,0.004,0.003,0.002,0.003,0.004,0.001,0.002,0.004,0.000,0.005,0.001,0.001,0.002,0.003,0.004,0.003,0.003,0.003,0.006,0.004,0.001,0.002,0.008,0.003,0.003,0.006,0.002,0.003,0.056,0.169,0.200,0.176,0.201,0.189,0.200,0.159,0.003,0.004,0.007,0.005,0.004,0.004,0.004,0.003,0.181,0.199,0.180,0.115,0.176,0.112,0.151,0.005,0.006,0.005,0.006,0.005,0.004,0.004,0.004,0.003,0.005,0.005,0.007,0.004,0.003,0.004,0.189,0.110,0.178,0.090,0.185,0.169,0.135,0.202,0.035,0.037,0.050,0.065,0.040,0.034,0.036,0.035,0.028,0.039,0.032,0.060,0.050,0.043,0.041,0.035,0.059,0.053,0.060,0.064,0.010,0.020,0.008,0.023,0.015,0.014,0.004,0.004,0.005,0.004,0.004,0.009,0.005,0.003,0.002,0.004,0.181,0.001,0.006,0.091,0.124,0.002,0.007,0.007,0.006,0.010,0.005,0.008,0.006,0.072,0.108,0.117,0.130,0.140,0.120,0.128,0.145,0.127,0.103,0.119,0.130,0.119,0.118,0.153,0.118,0.134,0.071,0.103
NG06,0.067,0.076,0.075,0.061,0.082,0.093,0.008,0.054,0.052,0.037,0.049,0.043,0.054,0.040,0.051,0.044,0.047,0.048,0.042,0.044,0.049,0.037,0.044,0.027,0.039,0.045,0.031,0.033,0.054,0.038,0.040,0.048,0.040,0.028,0.005,0.005,0.005,0.004,0.003,0.003,0.066,0.071,0.190,0.184,0.183,0.165,0.188,0.187,0.191,0.178,0.189,0.195,0.165,0.181,0.181,0.169,0.180,0.192,0.184,0.188,0.178,0.187,0.178,0.159,0.192,0.186,0.186,0.076,0.073,0.062,0.061,0.065,0.068,0.086,0.080,0.061,0.064,0.014,0.014,0.022,0.026,0.012,0.017,0.002,0.110,0.002,0.001,0.175,0.004,0.002,0.100,0.005,0.002,0.005,0.003,0.004,0.223,0.003,0.002,0.002,0.001,0.002,0.005,0.003,0.004,0.002,0.003,0.001,0.001,0.003,0.002,0.004,0.007,0.008,0.002,0.003,0.002,0.004,0.003,0.002,0.001,0.003,0.007,0.002,0.005,0.003,0.006,0.001,0.002,0.002,0.002,0.002,0.005,0.004,0.005,0.007,0.004,0.002,0.005,0.003,0.005,0.000,0.000,0.003,0.005,0.002,0.003,0.003,0.002,0.006,0.001,0.000,0.005,0.001,0.001,0.001,0.001,0.002,0.003,0.002,0.003,0.004,0.002,0.003,0.004,0.003,0.003,0.004,0.002,0.002,0.001,0.002,0.005,0.003,0.000,0.001,0.002,0.001,0.002,0.001,0.004,0.001,0.002,0.005,0.004,0.001,0.003,0.004,0.004,0.001,0.001,0.003,0.002,0.004,0.003,0.003,0.002,0.003,0.006,0.005,0.003,0.006,0.004,0.001,0.004,0.191,0.004,0.004,0.004,0.003,0.004,0.003,0.006,0.217,0.002,0.002,0.004,0.004,0.005,0.199,0.199,0.004,0.002,0.006,0.007,0.004,0.006,0.005,0.170,0.238,0.004,0.007,0.005,0.185,0.220,0.005,0.002,0.004,0.006,0.005,0.006,0.004,0.170,0.189,0.000,0.003,0.007,0.008,0.003,0.002,0.205,0.002,0.002,0.006,0.003,0.002,0.204,0.002,0.002,0.002,0.003,0.003,0.004,0.003,0.002,0.003,0.002,0.003,0.003,0.002,0.003,0.001,0.002,0.005,0.002,0.007,0.002,0.008,0.002,0.002,0.008,0.004,0.006,0.003,0.005,0.002,0.001,0.002,0.003,0.001,0.002,0.003,0.003,0.005,0.005,0.001,0.002,0.001,0.003,0.001,0.005,0.004,0.001,0.003,0.003,0.001,0.007,0.002,0.001,0.001,0.001,0.002,0.003,0.003,0.003,0.007,0.004,0.001,0.001,0.005,0.006,0.003,0.004,0.001,0.003,0.073,0.187,0.188,0.169,0.184,0.194,0.194,0.150,0.003,0.004,0.007,0.007,0.002,0.006,0.003,0.003,0.196,0.166,0.186,0.141,0.184,0.108,0.158,0.006,0.004,0.003,0.004,0.004,0.002,0.003,0.003,0.002,0.002,0.005,0.005,0.003,0.003,0.002,0.189,0.113,0.168,0.102,0.176,0.200,0.128,0.205,0.043,0.027,0.039,0.048,0.042,0.031,0.046,0.036,0.027,0.041,0.036,0.052,0.053,0.046,0.039,0.036,0.044,0.049,0.060,0.066,0.008,0.025,0.007,0.016,0.017,0.020,0.003,0.006,0.007,0.005,0.003,0.005,0.003,0.004,0.002,0.003,0.193,0.001,0.005,0.096,0.105,0.003,0.005,0.007,0.006,0.007,0.005,0.004,0.008,0.057,0.130,0.126,0.132,0.133,0.138,0.132,0.117,0.125,0.126,0.135,0.124,0.117,0.120,0.132,0.125,0.128,0.077,0.098
NG09-F,0.076,0.074,0.084,0.065,0.086,0.098,0.007,0.053,0.053,0.035,0.045,0.041,0.059,0.045,0.057,0.052,0.058,0.063,0.039,0.043,0.039,0.038,0.042,0.022,0.042,0.052,0.039,0.042,0.053,0.047,0.044,0.051,0.043,0.032,0.005,0.005,0.004,0.003,0.003,0.002,0.079,0.066,0.192,0.177,0.187,0.174,0.201,0.188,0.200,0.203,0.226,0.199,0.173,0.205,0.168,0.183,0.184,0.194,0.170,0.202,0.170,0.196,0.159,0.178,0.176,0.195,0.195,0.070,0.093,0.055,0.068,0.078,0.069,0.072,0.063,0.067,0.074,0.011,0.021,0.017,0.024,0.015,0.027,0.002,0.098,0.001,0.001,0.188,0.003,0.001,0.089,0.002,0.001,0.004,0.003,0.004,0.230,0.003,0.002,0.002,0.001,0.004,0.002,0.002,0.003,0.002,0.004,0.002,0.001,0.002,0.001,0.002,0.006,0.003,0.001,0.004,0.003,0.002,0.000,0.004,0.001,0.001,0.005,0.001,0.002,0.002,0.003,0.001,0.002,0.001,0.003,0.003,0.004,0.002,0.004,0.004,0.002,0.001,0.003,0.004,0.003,0.000,0.000,0.002,0.005,0.003,0.004,0.002,0.004,0.003,0.001,0.001,0.002,0.002,0.001,0.001,0.003,0.002,0.001,0.001,0.003,0.003,0.001,0.002,0.003,0.002,0.003,0.004,0.001,0.002,0.002,0.002,0.003,0.002,0.001,0.001,0.003,0.001,0.004,0.001,0.003,0.001,0.002,0.003,0.003,0.002,0.002,0.002,0.002,0.001,0.002,0.003,0.002,0.002,0.003,0.003,0.003,0.001,0.003,0.006,0.003,0.003,0.003,0.002,0.003,0.219,0.002,0.002,0.002,0.003,0.004,0.001,0.004,0.200,0.003,0.002,0.001,0.004,0.004,0.205,0.209,0.002,0.003,0.003,0.004,0.004,0.005,0.003,0.172,0.239,0.006,0.002,0.003,0.205,0.226,0.004,0.003,0.004,0.001,0.001,0.001,0.004,0.200,0.197,0.000,0.003,0.003,0.004,0.002,0.002,0.232,0.002,0.002,0.002,0.002,0.002,0.203,0.002,0.002,0.002,0.003,0.003,0.003,0.004,0.003,0.003,0.002,0.002,0.004,0.004,0.002,0.002,0.004,0.002,0.002,0.005,0.001,0.006,0.002,0.003,0.004,0.003,0.005,0.003,0.005,0.002,0.002,0.004,0.002,0.002,0.002,0.003,0.003,0.003,0.003,0.002,0.003,0.004,0.003,0.001,0.004,0.004,0.000,0.002,0.005,0.001,0.004,0.002,0.001,0.001,0.002,0.003,0.003,0.003,0.002,0.003,0.004,0.001,0.001,0.006,0.004,0.003,0.006,0.002,0.003,0.052,0.183,0.191,0.178,0.192,0.185,0.205,0.164,0.003,0.004,0.006,0.004,0.004,0.003,0.003,0.005,0.193,0.202,0.195,0.144,0.174,0.114,0.154,0.003,0.003,0.003,0.005,0.006,0.003,0.004,0.002,0.002,0.003,0.003,0.004,0.003,0.002,0.002,0.191,0.124,0.169,0.100,0.189,0.200,0.145,0.203,0.035,0.034,0.037,0.050,0.041,0.031,0.033,0.035,0.026,0.038,0.023,0.047,0.050,0.045,0.036,0.039,0.044,0.036,0.062,0.057,0.014,0.023,0.005,0.015,0.014,0.012,0.004,0.006,0.006,0.004,0.004,0.003,0.003,0.003,0.002,0.004,0.199,0.000,0.006,0.116,0.130,0.002,0.006,0.006,0.008,0.006,0.003,0.004,0.006,0.061,0.114,0.140,0.134,0.142,0.133,0.131,0.125,0.137,0.112,0.141,0.122,0.132,0.124,0.141,0.135,0.121,0.079,0.096
NG63-F,0.079,0.075,0.109,0.076,0.088,0.111,0.008,0.056,0.067,0.045,0.055,0.048,0.058,0.051,0.052,0.049,0.052,0.052,0.046,0.049,0.056,0.038,0.063,0.025,0.042,0.044,0.036,0.045,0.064,0.051,0.045,0.060,0.054,0.037,0.003,0.007,0.007,0.006,0.004,0.004,0.068,0.067,0.180,0.170,0.177,0.182,0.212,0.197,0.187,0.173,0.199,0.183,0.180,0.206,0.195,0.203,0.183,0.203,0.182,0.183,0.180,0.205,0.173,0.152,0.185,0.197,0.206,0.094,0.076,0.060,0.087,0.061,0.065,0.088,0.082,0.070,0.067,0.013,0.019,0.026,0.037,0.015,0.031,0.002,0.109,0.002,0.001,0.186,0.005,0.001,0.099,0.002,0.002,0.002,0.002,0.004,0.216,0.003,0.002,0.002,0.001,0.003,0.002,0.002,0.002,0.003,0.005,0.003,0.001,0.003,0.002,0.004,0.003,0.003,0.001,0.004,0.003,0.002,0.001,0.003,0.001,0.001,0.004,0.001,0.002,0.003,0.003,0.001,0.007,0.004,0.003,0.003,0.007,0.004,0.006,0.005,0.004,0.002,0.003,0.006,0.003,0.002,0.001,0.002,0.003,0.002,0.006,0.003,0.004,0.003,0.001,0.002,0.002,0.003,0.002,0.001,0.002,0.003,0.003,0.002,0.003,0.004,0.003,0.002,0.004,0.002,0.003,0.004,0.001,0.002,0.001,0.001,0.006,0.004,0.001,0.002,0.003,0.001,0.004,0.001,0.004,0.002,0.002,0.007,0.003,0.003,0.003,0.002,0.001,0.001,0.002,0.002,0.002,0.003,0.006,0.001,0.004,0.001,0.006,0.006,0.002,0.007,0.002,0.001,0.004,0.176,0.004,0.006,0.002,0.002,0.003,0.000,0.007,0.168,0.003,0.001,0.001,0.003,0.004,0.192,0.209,0.004,0.003,0.002,0.004,0.003,0.002,0.003,0.186,0.208,0.005,0.005,0.003,0.211,0.184,0.003,0.002,0.004,0.003,0.002,0.002,0.004,0.177,0.175,0.000,0.003,0.002,0.007,0.001,0.002,0.194,0.001,0.002,0.005,0.004,0.002,0.199,0.001,0.003,0.003,0.003,0.004,0.004,0.003,0.004,0.003,0.001,0.002,0.001,0.003,0.003,0.003,0.005,0.007,0.002,0.006,0.004,0.007,0.003,0.003,0.005,0.003,0.005,0.004,0.003,0.001,0.003,0.003,0.003,0.002,0.003,0.002,0.002,0.003,0.002,0.003,0.002,0.002,0.003,0.001,0.004,0.006,0.000,0.002,0.005,0.000,0.004,0.001,0.002,0.001,0.003,0.003,0.002,0.002,0.004,0.004,0.005,0.000,0.000,0.004,0.004,0.003,0.007,0.003,0.002,0.064,0.184,0.220,0.181,0.195,0.207,0.204,0.156,0.003,0.004,0.009,0.005,0.003,0.006,0.005,0.004,0.151,0.186,0.176,0.109,0.189,0.138,0.161,0.005,0.003,0.003,0.004,0.005,0.003,0.003,0.002,0.003,0.002,0.005,0.003,0.003,0.004,0.002,0.194,0.134,0.162,0.104,0.179,0.197,0.150,0.176,0.048,0.038,0.051,0.059,0.046,0.036,0.052,0.035,0.047,0.045,0.028,0.054,0.048,0.050,0.048,0.047,0.043,0.048,0.073,0.079,0.013,0.025,0.015,0.013,0.020,0.014,0.004,0.006,0.006,0.005,0.004,0.006,0.003,0.004,0.002,0.004,0.213,0.001,0.006,0.103,0.121,0.004,0.003,0.003,0.007,0.009,0.005,0.002,0.008,0.064,0.138,0.136,0.123,0.146,0.135,0.160,0.132,0.140,0.129,0.155,0.130,0.117,0.117,0.125,0.130,0.138,0.082,0.105
NG65-F,0.069,0.072,0.080,0.058,0.090,0.096,0.009,0.049,0.063,0.050,0.042,0.041,0.042,0.051,0.051,0.054,0.053,0.054,0.031,0.036,0.039,0.037,0.051,0.033,0.027,0.036,0.035,0.038,0.047,0.037,0.047,0.033,0.036,0.028,0.005,0.005,0.004,0.005,0.003,0.004,0.070,0.078,0.203,0.182,0.184,0.190,0.189,0.208,0.219,0.190,0.195,0.166,0.167,0.216,0.210,0.181,0.191,0.214,0.196,0.195,0.190,0.206,0.182,0.192,0.207,0.184,0.229,0.083,0.073,0.070,0.076,0.084,0.075,0.081,0.077,0.061,0.076,0.011,0.012,0.029,0.032,0.016,0.023,0.002,0.127,0.002,0.001,0.203,0.003,0.001,0.106,0.003,0.002,0.002,0.003,0.003,0.222,0.003,0.001,0.002,0.002,0.003,0.003,0.001,0.003,0.002,0.002,0.002,0.000,0.004,0.001,0.002,0.006,0.007,0.000,0.004,0.003,0.003,0.001,0.003,0.001,0.002,0.004,0.001,0.005,0.002,0.004,0.001,0.002,0.001,0.003,0.002,0.006,0.004,0.003,0.005,0.004,0.001,0.004,0.003,0.005,0.003,0.001,0.002,0.003,0.002,0.005,0.003,0.003,0.004,0.001,0.001,0.004,0.002,0.002,0.001,0.000,0.002,0.002,0.002,0.002,0.004,0.005,0.003,0.002,0.001,0.002,0.005,0.002,0.003,0.003,0.001,0.004,0.007,0.001,0.001,0.003,0.002,0.002,0.001,0.005,0.003,0.003,0.006,0.002,0.001,0.003,0.004,0.002,0.001,0.001,0.003,0.003,0.003,0.003,0.004,0.003,0.002,0.007,0.005,0.004,0.009,0.003,0.001,0.003,0.189,0.004,0.005,0.003,0.002,0.006,0.001,0.005,0.207,0.002,0.002,0.001,0.003,0.003,0.187,0.231,0.005,0.003,0.005,0.005,0.003,0.002,0.004,0.189,0.212,0.005,0.005,0.003,0.219,0.219,0.003,0.003,0.003,0.005,0.002,0.004,0.004,0.190,0.175,0.001,0.001,0.006,0.010,0.002,0.002,0.211,0.001,0.002,0.003,0.003,0.002,0.215,0.002,0.001,0.002,0.003,0.004,0.002,0.003,0.001,0.003,0.001,0.002,0.004,0.003,0.002,0.002,0.005,0.003,0.005,0.006,0.003,0.006,0.003,0.005,0.009,0.002,0.004,0.003,0.005,0.003,0.002,0.003,0.001,0.001,0.004,0.003,0.003,0.005,0.003,0.002,0.001,0.003,0.003,0.002,0.004,0.004,0.001,0.002,0.003,0.001,0.005,0.001,0.001,0.002,0.003,0.003,0.003,0.003,0.002,0.004,0.002,0.001,0.002,0.003,0.005,0.004,0.006,0.002,0.003,0.074,0.210,0.220,0.187,0.213,0.186,0.219,0.177,0.003,0.004,0.008,0.005,0.005,0.006,0.003,0.004,0.163,0.172,0.150,0.134,0.225,0.128,0.157,0.006,0.004,0.004,0.005,0.005,0.003,0.003,0.004,0.002,0.002,0.005,0.005,0.002,0.005,0.002,0.222,0.129,0.167,0.100,0.192,0.185,0.136,0.208,0.038,0.030,0.042,0.057,0.040,0.028,0.036,0.036,0.027,0.034,0.032,0.058,0.053,0.047,0.038,0.030,0.048,0.055,0.054,0.069,0.010,0.025,0.011,0.017,0.014,0.014,0.003,0.005,0.005,0.004,0.004,0.005,0.003,0.002,0.002,0.002,0.216,0.001,0.005,0.113,0.129,0.002,0.007,0.006,0.004,0.009,0.006,0.004,0.006,0.057,0.128,0.140,0.141,0.162,0.138,0.131,0.152,0.118,0.121,0.124,0.134,0.120,0.133,0.162,0.139,0.132,0.093,0.103
NG66,0.065,0.076,0.104,0.068,0.089,0.088,0.009,0.052,0.064,0.048,0.046,0.045,0.046,0.046,0.053,0.051,0.053,0.047,0.037,0.041,0.054,0.047,0.050,0.037,0.030,0.054,0.047,0.046,0.045,0.033,0.053,0.051,0.048,0.037,0.004,0.007,0.006,0.006,0.004,0.005,0.082,0.075,0.181,0.172,0.170,0.174,0.167,0.196,0.193,0.161,0.193,0.169,0.173,0.212,0.208,0.191,0.197,0.189,0.173,0.184,0.155,0.164,0.161,0.170,0.175,0.166,0.208,0.087,0.075,0.063,0.070,0.064,0.070,0.054,0.078,0.065,0.092,0.020,0.018,0.022,0.029,0.028,0.034,0.002,0.104,0.002,0.002,0.184,0.006,0.002,0.087,0.007,0.003,0.002,0.003,0.012,0.192,0.005,0.002,0.004,0.003,0.005,0.004,0.002,0.007,0.005,0.003,0.002,0.002,0.004,0.003,0.003,0.010,0.010,0.002,0.006,0.003,0.003,0.001,0.004,0.002,0.003,0.007,0.001,0.006,0.005,0.010,0.001,0.002,0.002,0.005,0.003,0.007,0.006,0.009,0.016,0.007,0.002,0.010,0.007,0.008,0.001,0.001,0.003,0.002,0.003,0.004,0.004,0.007,0.009,0.002,0.002,0.005,0.002,0.004,0.001,0.000,0.003,0.003,0.002,0.003,0.004,0.003,0.003,0.003,0.002,0.004,0.006,0.004,0.005,0.004,0.003,0.009,0.004,0.001,0.002,0.003,0.003,0.008,0.002,0.008,0.003,0.005,0.005,0.005,0.003,0.005,0.006,0.004,0.004,0.002,0.006,0.002,0.003,0.005,0.005,0.004,0.004,0.006,0.007,0.005,0.009,0.004,0.002,0.007,0.186,0.008,0.006,0.007,0.006,0.003,0.001,0.011,0.173,0.003,0.005,0.002,0.006,0.007,0.167,0.212,0.004,0.004,0.008,0.005,0.005,0.003,0.010,0.196,0.204,0.006,0.011,0.005,0.197,0.185,0.008,0.004,0.007,0.007,0.004,0.006,0.006,0.180,0.160,0.001,0.004,0.011,0.009,0.004,0.002,0.193,0.004,0.003,0.007,0.008,0.002,0.207,0.003,0.006,0.002,0.002,0.005,0.007,0.004,0.003,0.005,0.002,0.002,0.004,0.006,0.006,0.003,0.006,0.002,0.005,0.006,0.004,0.007,0.003,0.004,0.009,0.007,0.003,0.005,0.008,0.004,0.003,0.004,0.003,0.002,0.005,0.003,0.004,0.009,0.007,0.003,0.002,0.003,0.002,0.001,0.004,0.006,0.000,0.002,0.006,0.000,0.008,0.003,0.001,0.002,0.003,0.004,0.005,0.003,0.007,0.011,0.009,0.003,0.002,0.005,0.006,0.003,0.008,0.004,0.004,0.078,0.169,0.192,0.168,0.180,0.183,0.179,0.154,0.003,0.006,0.007,0.004,0.007,0.005,0.003,0.004,0.166,0.162,0.155,0.155,0.202,0.125,0.170,0.005,0.007,0.003,0.003,0.004,0.005,0.006,0.005,0.005,0.003,0.005,0.006,0.003,0.004,0.003,0.200,0.124,0.155,0.082,0.169,0.201,0.131,0.182,0.046,0.035,0.043,0.080,0.041,0.042,0.034,0.050,0.037,0.037,0.036,0.050,0.057,0.041,0.050,0.045,0.054,0.075,0.051,0.058,0.015,0.025,0.017,0.017,0.015,0.022,0.003,0.006,0.007,0.005,0.005,0.006,0.007,0.004,0.002,0.007,0.213,0.002,0.006,0.090,0.103,0.006,0.007,0.011,0.007,0.004,0.006,0.005,0.008,0.071,0.135,0.135,0.139,0.146,0.133,0.133,0.160,0.139,0.131,0.145,0.118,0.137,0.141,0.158,0.134,0.137,0.093,0.097
NG88-F,0.077,0.067,0.073,0.062,0.090,0.088,0.007,0.040,0.056,0.035,0.035,0.037,0.039,0.033,0.041,0.036,0.031,0.043,0.036,0.028,0.054,0.040,0.034,0.024,0.035,0.039,0.042,0.039,0.054,0.027,0.040,0.043,0.032,0.034,0.002,0.004,0.003,0.004,0.004,0.003,0.067,0.064,0.164,0.182,0.169,0.142,0.165,0.177,0.187,0.160,0.180,0.177,0.165,0.188,0.195,0.178,0.176,0.172,0.161,0.176,0.162,0.172,0.169,0.179,0.177,0.175,0.173,0.074,0.077,0.062,0.065,0.056,0.060,0.066,0.075,0.047,0.068,0.008,0.016,0.020,0.017,0.013,0.017,0.000,0.108,0.001,0.001,0.153,0.003,0.001,0.084,0.002,0.001,0.002,0.002,0.008,0.195,0.003,0.001,0.001,0.001,0.003,0.001,0.003,0.002,0.001,0.005,0.001,0.001,0.001,0.001,0.003,0.003,0.002,0.001,0.002,0.002,0.002,0.000,0.002,0.001,0.001,0.005,0.001,0.002,0.003,0.002,0.001,0.002,0.002,0.002,0.001,0.005,0.002,0.006,0.006,0.004,0.001,0.003,0.005,0.002,0.001,0.001,0.001,0.002,0.001,0.004,0.002,0.004,0.002,0.001,0.000,0.001,0.001,0.001,0.001,0.000,0.002,0.002,0.002,0.003,0.002,0.002,0.001,0.003,0.001,0.001,0.003,0.001,0.003,0.002,0.002,0.005,0.004,0.001,0.001,0.001,0.001,0.004,0.001,0.002,0.001,0.002,0.004,0.003,0.001,0.002,0.001,0.002,0.002,0.001,0.002,0.001,0.002,0.002,0.001,0.002,0.001,0.005,0.003,0.002,0.004,0.003,0.000,0.003,0.194,0.002,0.004,0.001,0.003,0.003,0.001,0.006,0.162,0.001,0.002,0.001,0.002,0.004,0.159,0.189,0.003,0.001,0.001,0.002,0.002,0.001,0.002,0.184,0.201,0.003,0.005,0.003,0.164,0.185,0.002,0.001,0.004,0.002,0.001,0.001,0.004,0.149,0.173,0.000,0.002,0.003,0.005,0.002,0.002,0.179,0.002,0.002,0.005,0.004,0.001,0.190,0.001,0.004,0.003,0.001,0.002,0.004,0.004,0.003,0.002,0.003,0.002,0.002,0.003,0.004,0.001,0.004,0.001,0.003,0.003,0.002,0.007,0.002,0.001,0.003,0.004,0.002,0.002,0.003,0.002,0.001,0.002,0.001,0.001,0.002,0.001,0.002,0.002,0.002,0.002,0.002,0.001,0.002,0.001,0.003,0.002,0.000,0.002,0.004,0.000,0.003,0.001,0.001,0.001,0.001,0.002,0.002,0.002,0.004,0.003,0.006,0.000,0.001,0.003,0.005,0.002,0.004,0.002,0.004,0.055,0.163,0.183,0.152,0.174,0.186,0.197,0.138,0.003,0.002,0.005,0.004,0.003,0.006,0.004,0.002,0.150,0.158,0.141,0.123,0.169,0.115,0.127,0.005,0.003,0.002,0.003,0.004,0.003,0.002,0.002,0.001,0.003,0.003,0.005,0.002,0.004,0.002,0.195,0.098,0.167,0.094,0.178,0.185,0.128,0.189,0.040,0.026,0.032,0.055,0.042,0.034,0.036,0.030,0.024,0.036,0.023,0.051,0.038,0.040,0.031,0.031,0.040,0.043,0.058,0.062,0.014,0.020,0.011,0.014,0.011,0.011,0.002,0.004,0.003,0.003,0.003,0.006,0.003,0.003,0.001,0.004,0.177,0.001,0.003,0.093,0.105,0.003,0.004,0.007,0.006,0.009,0.004,0.003,0.005,0.053,0.116,0.116,0.117,0.143,0.104,0.119,0.118,0.120,0.100,0.120,0.107,0.103,0.109,0.119,0.115,0.120,0.057,0.100
NIAS01,0.053,0.061,0.105,0.073,0.095,0.033,0.066,0.067,0.112,0.101,0.099,0.065,0.046,0.044,0.076,0.070,0.079,0.056,0.098,0.131,0.078,0.080,0.077,0.163,0.096,0.060,0.132,0.083,0.080,0.056,0.077,0.089,0.100,0.064,0.118,0.101,0.041,0.056,0.082,0.055,0.083,0.157,0.055,0.099,0.074,0.112,0.125,0.063,0.036,0.032,0.062,0.088,0.060,0.107,0.063,0.078,0.072,0.073,0.088,0.047,0.083,0.069,0.083,0.092,0.049,0.040,0.093,0.091,0.075,0.102,0.098,0.116,0.186,0.116,0.080,0.173,0.124,0.119,0.111,0.154,0.138,0.095,0.113,0.020,0.047,0.007,0.007,0.056,0.063,0.020,0.058,0.031,0.004,0.014,0.076,0.070,0.056,0.042,0.020,0.018,0.007,0.103,0.058,0.012,0.060,0.019,0.012,0.007,0.018,0.027,0.010,0.090,0.089,0.050,0.011,0.144,0.016,0.005,0.010,0.084,0.005,0.016,0.033,0.007,0.053,0.046,0.026,0.016,0.024,0.046,0.034,0.018,0.076,0.043,0.058,0.065,0.069,0.008,0.056,0.034,0.046,0.005,0.001,0.024,0.024,0.007,0.086,0.043,0.059,0.037,0.006,0.003,0.030,0.010,0.013,0.009,0.024,0.028,0.019,0.012,0.011,0.050,0.060,0.012,0.044,0.001,0.013,0.025,0.006,0.020,0.097,0.023,0.094,0.092,0.008,0.011,0.014,0.015,0.091,0.008,0.091,0.024,0.036,0.082,0.051,0.002,0.013,0.045,0.068,0.020,0.009,0.012,0.022,0.026,0.085,0.062,0.018,0.014,0.073,0.047,0.068,0.138,0.020,0.014,0.071,0.056,0.051,0.085,0.045,0.051,0.082,0.009,0.050,0.079,0.005,0.085,0.031,0.056,0.081,0.054,0.096,0.050,0.005,0.057,0.071,0.066,0.021,0.068,0.027,0.070,0.046,0.092,0.036,0.045,0.048,0.047,0.015,0.038,0.099,0.026,0.024,0.041,0.075,0.061,0.011,0.031,0.097,0.098,0.021,0.047,0.043,0.027,0.050,0.052,0.063,0.004,0.073,0.040,0.034,0.026,0.011,0.093,0.035,0.012,0.020,0.048,0.022,0.040,0.005,0.100,0.047,0.013,0.019,0.009,0.076,0.016,0.020,0.104,0.023,0.016,0.108,0.062,0.018,0.032,0.016,0.028,0.013,0.021,0.010,0.013,0.012,0.040,0.061,0.049,0.062,0.010,0.013,0.006,0.048,0.019,0.057,0.056,0.008,0.010,0.084,0.010,0.052,0.006,0.001,0.031,0.011,0.015,0.047,0.002,0.060,0.021,0.039,0.008,0.005,0.018,0.022,0.026,0.043,0.018,0.031,0.066,0.090,0.064,0.038,0.076,0.064,0.106,0.027,0.089,0.075,0.119,0.102,0.070,0.110,0.072,0.069,0.068,0.088,0.041,0.069,0.112,0.054,0.079,0.059,0.188,0.202,0.134,0.126,0.205,0.082,0.207,0.108,0.153,0.038,0.120,0.090,0.152,0.131,0.089,0.082,0.066,0.109,0.089,0.093,0.107,0.072,0.074,0.044,0.088,0.106,0.115,0.040,0.094,0.083,0.124,0.149,0.062,0.062,0.096,0.069,0.062,0.101,0.076,0.114,0.141,0.141,0.154,0.133,0.103,0.087,0.119,0.090,0.065,0.109,0.124,0.069,0.089,0.109,0.106,0.109,0.017,0.076,0.049,0.018,0.046,0.039,0.085,0.063,0.066,0.091,0.094,0.148,0.103,0.070,0.127,0.061,0.053,0.084,0.081,0.078,0.078,0.083,0.043,0.067,0.078,0.052,0.044,0.042,0.041,0.042,0.085,0.097,0.084,0.108
NIAS02,0.065,0.076,0.136,0.049,0.055,0.038,0.116,0.042,0.132,0.082,0.131,0.072,0.049,0.058,0.098,0.097,0.052,0.050,0.112,0.151,0.151,0.084,0.032,0.221,0.061,0.103,0.139,0.066,0.068,0.039,0.053,0.118,0.177,0.068,0.178,0.171,0.052,0.113,0.089,0.059,0.106,0.223,0.063,0.052,0.059,0.065,0.068,0.060,0.057,0.044,0.046,0.057,0.068,0.071,0.072,0.075,0.059,0.070,0.063,0.067,0.068,0.046,0.079,0.071,0.083,0.059,0.080,0.079,0.070,0.102,0.074,0.155,0.162,0.078,0.074,0.159,0.160,0.173,0.147,0.152,0.079,0.097,0.091,0.016,0.060,0.010,0.016,0.056,0.067,0.020,0.064,0.046,0.012,0.027,0.130,0.092,0.058,0.040,0.052,0.024,0.045,0.121,0.069,0.024,0.065,0.010,0.023,0.020,0.017,0.042,0.042,0.132,0.102,0.086,0.012,0.099,0.040,0.037,0.006,0.060,0.024,0.057,0.060,0.021,0.049,0.054,0.060,0.022,0.013,0.031,0.016,0.009,0.039,0.083,0.043,0.090,0.068,0.021,0.060,0.042,0.054,0.010,0.012,0.023,0.015,0.016,0.065,0.081,0.075,0.046,0.009,0.013,0.034,0.028,0.017,0.028,0.015,0.038,0.017,0.004,0.017,0.048,0.016,0.020,0.038,0.018,0.031,0.014,0.014,0.050,0.136,0.022,0.158,0.076,0.013,0.013,0.023,0.025,0.059,0.020,0.099,0.017,0.078,0.062,0.076,0.007,0.039,0.036,0.070,0.012,0.019,0.050,0.045,0.030,0.056,0.077,0.034,0.024,0.041,0.056,0.084,0.160,0.036,0.017,0.081,0.065,0.044,0.066,0.045,0.046,0.050,0.020,0.072,0.052,0.024,0.078,0.055,0.056,0.051,0.077,0.070,0.028,0.030,0.106,0.032,0.068,0.027,0.071,0.052,0.042,0.085,0.125,0.047,0.054,0.070,0.100,0.019,0.032,0.079,0.029,0.029,0.046,0.055,0.065,0.029,0.049,0.093,0.102,0.033,0.080,0.045,0.056,0.042,0.091,0.046,0.021,0.090,0.033,0.043,0.033,0.033,0.131,0.040,0.034,0.024,0.056,0.022,0.020,0.016,0.109,0.055,0.014,0.020,0.017,0.100,0.025,0.042,0.130,0.034,0.025,0.115,0.053,0.019,0.077,0.025,0.040,0.011,0.013,0.021,0.001,0.032,0.019,0.041,0.041,0.074,0.009,0.013,0.024,0.044,0.014,0.059,0.089,0.013,0.023,0.054,0.009,0.118,0.009,0.017,0.029,0.014,0.032,0.041,0.022,0.103,0.049,0.067,0.012,0.010,0.016,0.014,0.019,0.036,0.019,0.037,0.090,0.072,0.080,0.062,0.050,0.075,0.065,0.043,0.114,0.100,0.108,0.132,0.081,0.059,0.094,0.072,0.092,0.064,0.049,0.042,0.064,0.078,0.040,0.196,0.283,0.312,0.117,0.192,0.170,0.104,0.211,0.151,0.162,0.060,0.212,0.094,0.155,0.166,0.091,0.129,0.064,0.057,0.070,0.045,0.055,0.060,0.063,0.044,0.085,0.148,0.148,0.062,0.113,0.069,0.183,0.099,0.066,0.084,0.049,0.052,0.097,0.099,0.055,0.115,0.071,0.158,0.134,0.219,0.096,0.162,0.141,0.117,0.057,0.144,0.087,0.064,0.083,0.102,0.159,0.055,0.016,0.092,0.061,0.002,0.057,0.061,0.080,0.084,0.087,0.147,0.158,0.106,0.064,0.067,0.158,0.051,0.085,0.079,0.086,0.095,0.069,0.066,0.089,0.073,0.071,0.053,0.056,0.075,0.057,0.053,0.041,0.092,0.097,0.054
NIAS03,0.052,0.051,0.132,0.064,0.083,0.051,0.112,0.088,0.124,0.099,0.138,0.101,0.049,0.087,0.102,0.085,0.063,0.083,0.100,0.223,0.141,0.072,0.060,0.271,0.073,0.047,0.167,0.110,0.114,0.101,0.111,0.074,0.145,0.070,0.191,0.205,0.059,0.081,0.059,0.099,0.082,0.226,0.050,0.038,0.033,0.034,0.055,0.059,0.055,0.040,0.039,0.038,0.037,0.024,0.037,0.048,0.053,0.028,0.035,0.043,0.054,0.026,0.038,0.054,0.053,0.033,0.066,0.094,0.052,0.097,0.073,0.152,0.166,0.061,0.082,0.145,0.168,0.188,0.152,0.162,0.114,0.124,0.094,0.019,0.060,0.024,0.006,0.036,0.066,0.028,0.071,0.064,0.025,0.008,0.114,0.129,0.040,0.054,0.024,0.018,0.033,0.089,0.074,0.030,0.095,0.013,0.015,0.006,0.018,0.052,0.031,0.163,0.121,0.051,0.020,0.098,0.018,0.031,0.018,0.055,0.006,0.020,0.050,0.019,0.078,0.052,0.053,0.022,0.044,0.083,0.049,0.008,0.061,0.053,0.061,0.098,0.064,0.018,0.098,0.063,0.080,0.026,0.004,0.026,0.019,0.032,0.070,0.051,0.052,0.091,0.005,0.012,0.035,0.013,0.022,0.019,0.020,0.030,0.021,0.020,0.024,0.074,0.037,0.037,0.068,0.016,0.018,0.025,0.014,0.012,0.171,0.015,0.116,0.069,0.006,0.014,0.035,0.024,0.066,0.009,0.171,0.032,0.109,0.073,0.088,0.002,0.046,0.038,0.066,0.030,0.019,0.032,0.056,0.042,0.105,0.099,0.031,0.019,0.057,0.050,0.090,0.147,0.036,0.010,0.130,0.042,0.080,0.080,0.062,0.060,0.085,0.020,0.085,0.033,0.013,0.074,0.038,0.093,0.068,0.038,0.042,0.056,0.012,0.100,0.066,0.098,0.036,0.089,0.023,0.025,0.063,0.131,0.087,0.029,0.043,0.063,0.016,0.036,0.112,0.049,0.064,0.031,0.039,0.030,0.016,0.059,0.103,0.081,0.049,0.084,0.048,0.061,0.079,0.095,0.082,0.008,0.032,0.043,0.052,0.034,0.030,0.121,0.064,0.033,0.041,0.073,0.016,0.058,0.012,0.091,0.079,0.036,0.053,0.015,0.124,0.054,0.052,0.104,0.046,0.027,0.140,0.089,0.024,0.032,0.039,0.030,0.016,0.010,0.014,0.013,0.023,0.042,0.054,0.047,0.077,0.005,0.021,0.017,0.053,0.021,0.081,0.067,0.015,0.025,0.078,0.011,0.072,0.007,0.010,0.068,0.029,0.025,0.064,0.021,0.125,0.060,0.065,0.008,0.020,0.026,0.024,0.032,0.037,0.033,0.034,0.122,0.036,0.019,0.026,0.018,0.025,0.031,0.023,0.092,0.101,0.104,0.145,0.094,0.103,0.099,0.117,0.075,0.047,0.032,0.028,0.066,0.030,0.025,0.189,0.292,0.266,0.222,0.188,0.163,0.142,0.252,0.174,0.179,0.064,0.233,0.110,0.217,0.158,0.051,0.126,0.054,0.042,0.058,0.041,0.054,0.041,0.041,0.069,0.098,0.138,0.168,0.099,0.131,0.091,0.147,0.145,0.097,0.102,0.059,0.085,0.126,0.127,0.081,0.114,0.065,0.169,0.215,0.225,0.100,0.161,0.210,0.129,0.092,0.144,0.154,0.089,0.089,0.103,0.178,0.072,0.015,0.100,0.030,0.002,0.068,0.024,0.066,0.106,0.074,0.185,0.233,0.195,0.099,0.101,0.217,0.073,0.053,0.108,0.034,0.061,0.079,0.075,0.066,0.062,0.075,0.061,0.068,0.069,0.088,0.050,0.080,0.095,0.059,0.053
NIAS04,0.093,0.070,0.056,0.085,0.086,0.087,0.152,0.134,0.109,0.120,0.109,0.130,0.085,0.118,0.076,0.106,0.109,0.123,0.126,0.111,0.067,0.095,0.071,0.157,0.087,0.062,0.115,0.166,0.105,0.083,0.110,0.048,0.087,0.084,0.149,0.146,0.088,0.108,0.071,0.104,0.155,0.146,0.109,0.087,0.081,0.067,0.050,0.104,0.071,0.113,0.048,0.043,0.048,0.080,0.051,0.113,0.122,0.047,0.054,0.066,0.054,0.064,0.061,0.093,0.090,0.040,0.086,0.107,0.076,0.120,0.092,0.151,0.140,0.127,0.110,0.074,0.152,0.108,0.110,0.130,0.158,0.107,0.086,0.036,0.049,0.026,0.016,0.068,0.092,0.051,0.077,0.051,0.031,0.031,0.058,0.102,0.070,0.053,0.039,0.045,0.021,0.072,0.070,0.035,0.103,0.010,0.023,0.012,0.027,0.082,0.022,0.129,0.129,0.079,0.020,0.130,0.029,0.035,0.031,0.082,0.017,0.045,0.054,0.023,0.089,0.067,0.061,0.042,0.040,0.101,0.061,0.023,0.047,0.057,0.052,0.099,0.080,0.029,0.065,0.051,0.060,0.041,0.010,0.038,0.065,0.036,0.069,0.077,0.067,0.029,0.007,0.020,0.060,0.025,0.027,0.024,0.059,0.060,0.041,0.024,0.040,0.107,0.047,0.050,0.072,0.016,0.027,0.027,0.021,0.016,0.091,0.025,0.094,0.074,0.012,0.022,0.048,0.023,0.104,0.010,0.185,0.043,0.082,0.066,0.085,0.011,0.077,0.039,0.076,0.031,0.030,0.034,0.055,0.066,0.140,0.078,0.039,0.025,0.044,0.072,0.089,0.082,0.039,0.041,0.115,0.103,0.052,0.098,0.113,0.067,0.101,0.034,0.088,0.039,0.019,0.088,0.048,0.112,0.129,0.051,0.109,0.077,0.014,0.092,0.069,0.079,0.026,0.087,0.053,0.087,0.078,0.058,0.083,0.051,0.064,0.069,0.029,0.047,0.129,0.044,0.053,0.063,0.072,0.072,0.028,0.049,0.142,0.075,0.049,0.095,0.079,0.072,0.074,0.068,0.069,0.038,0.033,0.051,0.038,0.053,0.075,0.116,0.043,0.054,0.048,0.061,0.031,0.091,0.012,0.122,0.077,0.044,0.075,0.020,0.085,0.076,0.064,0.167,0.087,0.032,0.135,0.085,0.042,0.073,0.048,0.048,0.024,0.048,0.035,0.026,0.021,0.097,0.059,0.044,0.102,0.005,0.029,0.078,0.059,0.027,0.091,0.073,0.010,0.024,0.054,0.022,0.052,0.013,0.013,0.082,0.042,0.017,0.079,0.028,0.035,0.079,0.073,0.000,0.024,0.082,0.026,0.062,0.091,0.050,0.042,0.121,0.066,0.033,0.051,0.036,0.050,0.067,0.026,0.085,0.149,0.156,0.142,0.094,0.105,0.143,0.166,0.098,0.070,0.076,0.057,0.091,0.030,0.049,0.153,0.141,0.279,0.208,0.175,0.135,0.117,0.195,0.118,0.089,0.055,0.154,0.165,0.124,0.139,0.090,0.069,0.122,0.067,0.062,0.049,0.089,0.046,0.087,0.072,0.104,0.102,0.117,0.080,0.086,0.109,0.071,0.127,0.079,0.072,0.072,0.100,0.066,0.100,0.084,0.049,0.074,0.146,0.127,0.089,0.158,0.099,0.115,0.100,0.146,0.138,0.155,0.117,0.119,0.088,0.111,0.081,0.035,0.115,0.083,0.014,0.054,0.062,0.078,0.065,0.136,0.104,0.138,0.123,0.120,0.117,0.107,0.146,0.091,0.180,0.051,0.096,0.138,0.096,0.136,0.147,0.121,0.088,0.117,0.092,0.140,0.136,0.161,0.159,0.059,0.060
NIAS08,0.105,0.051,0.149,0.053,0.101,0.075,0.120,0.092,0.141,0.101,0.129,0.166,0.090,0.119,0.140,0.121,0.100,0.097,0.125,0.137,0.153,0.085,0.080,0.182,0.076,0.078,0.100,0.095,0.086,0.044,0.043,0.045,0.109,0.084,0.149,0.132,0.060,0.088,0.056,0.069,0.159,0.218,0.071,0.062,0.060,0.085,0.090,0.082,0.090,0.062,0.070,0.062,0.073,0.064,0.064,0.061,0.059,0.064,0.050,0.092,0.062,0.069,0.062,0.061,0.069,0.063,0.100,0.067,0.107,0.120,0.077,0.118,0.159,0.069,0.079,0.141,0.130,0.109,0.215,0.144,0.088,0.088,0.068,0.019,0.089,0.014,0.003,0.089,0.063,0.036,0.108,0.033,0.014,0.036,0.122,0.075,0.065,0.050,0.029,0.040,0.020,0.047,0.068,0.017,0.073,0.015,0.017,0.022,0.009,0.047,0.030,0.142,0.116,0.074,0.009,0.074,0.022,0.023,0.015,0.052,0.014,0.025,0.047,0.008,0.061,0.063,0.042,0.040,0.013,0.049,0.046,0.014,0.047,0.078,0.046,0.048,0.059,0.014,0.058,0.045,0.074,0.007,0.009,0.020,0.017,0.020,0.048,0.048,0.095,0.058,0.008,0.015,0.075,0.024,0.014,0.040,0.029,0.040,0.034,0.011,0.028,0.059,0.030,0.012,0.049,0.018,0.021,0.037,0.007,0.022,0.178,0.037,0.110,0.054,0.006,0.018,0.028,0.027,0.074,0.019,0.128,0.029,0.040,0.060,0.068,0.009,0.040,0.043,0.090,0.026,0.014,0.016,0.042,0.048,0.091,0.087,0.031,0.020,0.080,0.074,0.044,0.132,0.057,0.016,0.077,0.054,0.033,0.091,0.109,0.028,0.089,0.031,0.089,0.071,0.027,0.076,0.046,0.080,0.062,0.066,0.076,0.069,0.019,0.103,0.065,0.096,0.033,0.064,0.067,0.058,0.050,0.112,0.061,0.068,0.051,0.069,0.015,0.035,0.101,0.054,0.030,0.054,0.069,0.061,0.022,0.030,0.136,0.062,0.027,0.086,0.069,0.028,0.035,0.074,0.071,0.014,0.066,0.047,0.039,0.031,0.041,0.113,0.051,0.048,0.024,0.061,0.030,0.046,0.011,0.069,0.045,0.018,0.013,0.019,0.087,0.023,0.075,0.195,0.044,0.016,0.109,0.064,0.049,0.052,0.029,0.020,0.025,0.011,0.035,0.015,0.029,0.034,0.071,0.023,0.105,0.004,0.043,0.019,0.066,0.027,0.076,0.126,0.016,0.014,0.055,0.024,0.079,0.015,0.018,0.061,0.006,0.025,0.066,0.020,0.066,0.038,0.052,0.005,0.008,0.015,0.015,0.042,0.044,0.024,0.029,0.126,0.079,0.065,0.081,0.053,0.067,0.062,0.048,0.070,0.166,0.155,0.129,0.089,0.153,0.162,0.114,0.080,0.068,0.082,0.056,0.095,0.048,0.071,0.165,0.244,0.242,0.171,0.153,0.189,0.183,0.210,0.104,0.115,0.047,0.183,0.086,0.173,0.115,0.072,0.139,0.080,0.109,0.049,0.052,0.069,0.052,0.050,0.052,0.119,0.149,0.147,0.078,0.139,0.084,0.103,0.124,0.054,0.081,0.024,0.056,0.067,0.067,0.093,0.111,0.106,0.157,0.156,0.152,0.147,0.152,0.190,0.082,0.113,0.164,0.091,0.096,0.090,0.096,0.117,0.067,0.017,0.096,0.065,0.013,0.078,0.021,0.063,0.083,0.130,0.148,0.183,0.153,0.079,0.094,0.122,0.125,0.112,0.110,0.104,0.120,0.115,0.116,0.061,0.123,0.071,0.069,0.085,0.092,0.079,0.084,0.085,0.071,0.098,0.084
NIAS10,0.070,0.063,0.137,0.049,0.058,0.037,0.095,0.020,0.073,0.063,0.089,0.109,0.067,0.065,0.095,0.065,0.096,0.071,0.066,0.124,0.077,0.073,0.066,0.139,0.091,0.075,0.102,0.091,0.095,0.062,0.051,0.059,0.097,0.079,0.114,0.108,0.067,0.090,0.072,0.062,0.074,0.113,0.046,0.058,0.036,0.052,0.074,0.053,0.055,0.037,0.035,0.049,0.057,0.063,0.032,0.063,0.082,0.048,0.080,0.044,0.058,0.051,0.044,0.060,0.035,0.039,0.066,0.079,0.068,0.127,0.064,0.075,0.129,0.094,0.075,0.082,0.101,0.108,0.151,0.135,0.094,0.111,0.057,0.020,0.050,0.014,0.027,0.065,0.084,0.028,0.084,0.050,0.013,0.019,0.082,0.094,0.056,0.050,0.029,0.026,0.022,0.060,0.060,0.015,0.068,0.045,0.022,0.010,0.017,0.021,0.017,0.107,0.088,0.052,0.004,0.123,0.019,0.013,0.020,0.073,0.009,0.029,0.048,0.026,0.059,0.066,0.063,0.028,0.012,0.051,0.061,0.019,0.065,0.053,0.098,0.065,0.073,0.006,0.085,0.094,0.094,0.007,0.002,0.020,0.028,0.017,0.074,0.051,0.120,0.085,0.013,0.015,0.030,0.038,0.027,0.019,0.033,0.038,0.026,0.038,0.024,0.036,0.027,0.018,0.063,0.015,0.015,0.029,0.018,0.016,0.139,0.023,0.097,0.059,0.010,0.009,0.022,0.020,0.117,0.017,0.064,0.027,0.102,0.075,0.075,0.007,0.022,0.052,0.083,0.033,0.017,0.033,0.022,0.040,0.108,0.097,0.029,0.025,0.049,0.049,0.075,0.135,0.033,0.013,0.069,0.042,0.064,0.087,0.069,0.078,0.099,0.011,0.083,0.034,0.012,0.098,0.054,0.064,0.084,0.069,0.053,0.053,0.018,0.083,0.100,0.053,0.029,0.094,0.030,0.030,0.067,0.127,0.075,0.052,0.046,0.070,0.011,0.042,0.137,0.045,0.037,0.039,0.068,0.061,0.016,0.065,0.135,0.081,0.028,0.066,0.035,0.047,0.057,0.068,0.072,0.009,0.059,0.047,0.050,0.037,0.025,0.120,0.042,0.020,0.026,0.051,0.007,0.040,0.017,0.109,0.066,0.033,0.048,0.019,0.083,0.012,0.048,0.126,0.020,0.012,0.084,0.060,0.022,0.032,0.043,0.029,0.037,0.031,0.027,0.023,0.017,0.025,0.095,0.036,0.071,0.034,0.024,0.019,0.082,0.032,0.065,0.108,0.016,0.016,0.105,0.020,0.086,0.005,0.013,0.040,0.022,0.031,0.057,0.024,0.066,0.056,0.046,0.017,0.020,0.014,0.032,0.024,0.039,0.029,0.039,0.088,0.067,0.051,0.055,0.037,0.052,0.038,0.046,0.063,0.122,0.120,0.154,0.125,0.130,0.130,0.093,0.064,0.040,0.052,0.048,0.051,0.063,0.049,0.229,0.205,0.204,0.135,0.191,0.135,0.131,0.200,0.101,0.104,0.075,0.151,0.101,0.155,0.137,0.055,0.093,0.063,0.076,0.066,0.048,0.091,0.062,0.069,0.095,0.135,0.082,0.115,0.074,0.060,0.069,0.088,0.132,0.082,0.051,0.063,0.080,0.086,0.087,0.092,0.072,0.099,0.114,0.099,0.120,0.119,0.106,0.131,0.075,0.103,0.141,0.107,0.065,0.125,0.073,0.125,0.112,0.031,0.092,0.050,0.015,0.091,0.033,0.052,0.078,0.087,0.087,0.117,0.124,0.124,0.072,0.109,0.081,0.053,0.057,0.054,0.063,0.084,0.051,0.042,0.051,0.058,0.055,0.054,0.067,0.047,0.031,0.066,0.089,0.066,0.110
NIAS12,0.057,0.076,0.088,0.067,0.132,0.085,0.125,0.069,0.092,0.079,0.072,0.074,0.075,0.054,0.068,0.106,0.060,0.089,0.086,0.191,0.071,0.107,0.079,0.067,0.083,0.075,0.112,0.154,0.087,0.091,0.100,0.086,0.066,0.080,0.110,0.143,0.105,0.127,0.102,0.088,0.150,0.122,0.072,0.071,0.047,0.096,0.076,0.049,0.090,0.050,0.056,0.055,0.049,0.043,0.071,0.082,0.073,0.051,0.096,0.064,0.055,0.063,0.072,0.084,0.086,0.033,0.093,0.105,0.118,0.108,0.109,0.057,0.081,0.082,0.075,0.109,0.096,0.093,0.106,0.088,0.102,0.077,0.075,0.040,0.053,0.012,0.001,0.064,0.096,0.050,0.076,0.069,0.004,0.036,0.065,0.129,0.052,0.087,0.035,0.034,0.033,0.121,0.077,0.025,0.103,0.041,0.010,0.007,0.017,0.019,0.054,0.096,0.135,0.080,0.022,0.130,0.027,0.033,0.011,0.122,0.016,0.033,0.035,0.020,0.069,0.080,0.082,0.006,0.034,0.065,0.075,0.036,0.032,0.077,0.079,0.079,0.093,0.008,0.119,0.083,0.117,0.009,0.011,0.023,0.045,0.030,0.052,0.045,0.130,0.079,0.008,0.038,0.040,0.019,0.030,0.041,0.010,0.028,0.027,0.027,0.018,0.072,0.041,0.027,0.071,0.034,0.046,0.035,0.012,0.061,0.106,0.009,0.103,0.054,0.003,0.018,0.043,0.040,0.059,0.016,0.182,0.019,0.083,0.030,0.071,0.033,0.027,0.057,0.084,0.034,0.016,0.090,0.043,0.044,0.086,0.094,0.060,0.026,0.042,0.099,0.070,0.074,0.036,0.036,0.124,0.088,0.132,0.135,0.065,0.096,0.065,0.026,0.090,0.053,0.054,0.084,0.048,0.060,0.059,0.057,0.066,0.080,0.041,0.057,0.064,0.046,0.032,0.080,0.074,0.039,0.136,0.073,0.092,0.085,0.079,0.089,0.035,0.048,0.124,0.059,0.054,0.067,0.064,0.073,0.031,0.073,0.108,0.070,0.049,0.123,0.081,0.092,0.086,0.080,0.066,0.018,0.067,0.028,0.072,0.026,0.037,0.036,0.066,0.057,0.023,0.076,0.028,0.034,0.017,0.112,0.101,0.028,0.032,0.033,0.101,0.082,0.046,0.150,0.066,0.040,0.173,0.103,0.005,0.028,0.069,0.030,0.057,0.061,0.024,0.030,0.022,0.048,0.082,0.048,0.084,0.057,0.021,0.050,0.066,0.008,0.072,0.108,0.020,0.023,0.082,0.000,0.071,0.010,0.020,0.048,0.031,0.052,0.108,0.036,0.090,0.074,0.075,0.011,0.016,0.021,0.035,0.039,0.039,0.018,0.062,0.141,0.096,0.069,0.063,0.043,0.074,0.055,0.052,0.069,0.156,0.125,0.112,0.080,0.138,0.129,0.083,0.088,0.055,0.068,0.049,0.079,0.085,0.044,0.114,0.144,0.215,0.148,0.218,0.145,0.120,0.225,0.083,0.093,0.090,0.129,0.116,0.103,0.105,0.085,0.080,0.112,0.087,0.084,0.056,0.039,0.069,0.084,0.075,0.160,0.084,0.112,0.137,0.094,0.104,0.077,0.094,0.087,0.140,0.069,0.094,0.165,0.157,0.117,0.048,0.163,0.097,0.157,0.101,0.077,0.092,0.140,0.085,0.101,0.081,0.148,0.123,0.098,0.071,0.137,0.098,0.013,0.106,0.051,0.026,0.139,0.071,0.125,0.032,0.113,0.138,0.179,0.176,0.139,0.111,0.124,0.072,0.061,0.078,0.064,0.074,0.066,0.079,0.039,0.073,0.067,0.077,0.087,0.051,0.063,0.064,0.063,0.055,0.086,0.081
NIAS13,0.040,0.079,0.063,0.052,0.064,0.072,0.073,0.063,0.082,0.071,0.096,0.049,0.059,0.067,0.067,0.085,0.039,0.098,0.070,0.122,0.111,0.068,0.076,0.112,0.070,0.057,0.125,0.108,0.056,0.038,0.054,0.091,0.083,0.039,0.142,0.127,0.059,0.075,0.049,0.081,0.087,0.134,0.037,0.023,0.019,0.034,0.034,0.024,0.031,0.047,0.028,0.035,0.029,0.028,0.018,0.050,0.040,0.016,0.037,0.035,0.029,0.031,0.037,0.028,0.038,0.018,0.045,0.072,0.039,0.063,0.047,0.090,0.169,0.074,0.042,0.100,0.129,0.090,0.100,0.079,0.090,0.091,0.045,0.017,0.033,0.003,0.010,0.036,0.056,0.017,0.047,0.059,0.003,0.010,0.086,0.072,0.024,0.045,0.015,0.020,0.017,0.065,0.097,0.008,0.053,0.020,0.013,0.010,0.012,0.016,0.017,0.073,0.086,0.046,0.009,0.141,0.005,0.021,0.002,0.104,0.005,0.019,0.021,0.015,0.035,0.047,0.044,0.007,0.023,0.045,0.037,0.013,0.038,0.039,0.051,0.043,0.068,0.004,0.043,0.051,0.077,0.005,0.004,0.015,0.019,0.008,0.058,0.044,0.085,0.056,0.002,0.009,0.025,0.026,0.014,0.024,0.012,0.046,0.012,0.001,0.016,0.036,0.017,0.007,0.041,0.006,0.010,0.017,0.004,0.012,0.111,0.013,0.079,0.047,0.003,0.012,0.009,0.016,0.061,0.015,0.093,0.011,0.041,0.046,0.043,0.008,0.019,0.036,0.048,0.018,0.005,0.032,0.018,0.026,0.058,0.071,0.011,0.016,0.032,0.036,0.038,0.088,0.030,0.010,0.064,0.030,0.081,0.069,0.052,0.044,0.044,0.017,0.060,0.026,0.012,0.086,0.025,0.051,0.070,0.038,0.022,0.033,0.005,0.067,0.074,0.063,0.013,0.044,0.013,0.036,0.055,0.081,0.055,0.026,0.023,0.049,0.007,0.038,0.099,0.039,0.037,0.029,0.032,0.045,0.012,0.064,0.074,0.056,0.022,0.069,0.031,0.068,0.037,0.047,0.056,0.010,0.031,0.020,0.047,0.009,0.031,0.098,0.023,0.039,0.020,0.023,0.011,0.031,0.009,0.097,0.056,0.023,0.022,0.009,0.071,0.050,0.040,0.075,0.038,0.017,0.182,0.065,0.012,0.015,0.028,0.019,0.005,0.012,0.010,0.011,0.023,0.021,0.081,0.015,0.068,0.004,0.011,0.014,0.039,0.010,0.024,0.046,0.012,0.011,0.049,0.006,0.031,0.003,0.007,0.050,0.014,0.012,0.046,0.010,0.099,0.052,0.049,0.005,0.007,0.008,0.010,0.022,0.026,0.022,0.027,0.087,0.052,0.020,0.045,0.012,0.025,0.030,0.034,0.053,0.110,0.078,0.135,0.068,0.102,0.111,0.055,0.038,0.036,0.019,0.019,0.043,0.032,0.017,0.150,0.159,0.196,0.115,0.130,0.136,0.112,0.082,0.085,0.115,0.067,0.114,0.125,0.125,0.091,0.025,0.068,0.040,0.034,0.026,0.013,0.037,0.040,0.049,0.040,0.086,0.102,0.120,0.072,0.099,0.072,0.089,0.214,0.056,0.063,0.038,0.059,0.079,0.095,0.101,0.084,0.085,0.080,0.101,0.119,0.171,0.122,0.160,0.073,0.053,0.128,0.148,0.100,0.081,0.065,0.104,0.065,0.012,0.084,0.018,0.006,0.061,0.025,0.031,0.048,0.114,0.087,0.119,0.164,0.130,0.045,0.139,0.088,0.032,0.041,0.028,0.041,0.027,0.034,0.015,0.033,0.030,0.017,0.035,0.029,0.026,0.013,0.025,0.021,0.065,0.044
NIAS15,0.068,0.068,0.093,0.050,0.062,0.073,0.060,0.047,0.059,0.080,0.088,0.096,0.045,0.054,0.080,0.074,0.065,0.049,0.049,0.093,0.091,0.076,0.094,0.170,0.057,0.061,0.107,0.056,0.045,0.056,0.057,0.060,0.095,0.068,0.151,0.093,0.027,0.046,0.052,0.048,0.096,0.133,0.064,0.046,0.048,0.049,0.050,0.040,0.036,0.046,0.073,0.051,0.047,0.068,0.055,0.066,0.046,0.038,0.050,0.025,0.034,0.040,0.046,0.050,0.029,0.034,0.044,0.041,0.049,0.090,0.061,0.130,0.083,0.057,0.048,0.121,0.173,0.129,0.109,0.115,0.086,0.097,0.080,0.016,0.019,0.001,0.014,0.070,0.035,0.020,0.026,0.029,0.002,0.003,0.086,0.060,0.031,0.022,0.013,0.010,0.019,0.066,0.067,0.005,0.073,0.002,0.028,0.008,0.007,0.021,0.009,0.097,0.082,0.056,0.012,0.057,0.015,0.016,0.020,0.043,0.006,0.012,0.042,0.014,0.034,0.026,0.026,0.016,0.026,0.041,0.049,0.014,0.083,0.050,0.015,0.051,0.023,0.005,0.051,0.049,0.046,0.008,0.005,0.011,0.041,0.005,0.070,0.040,0.027,0.058,0.011,0.005,0.017,0.023,0.010,0.010,0.016,0.025,0.007,0.018,0.026,0.039,0.012,0.018,0.042,0.005,0.011,0.032,0.011,0.003,0.109,0.024,0.093,0.021,0.011,0.020,0.027,0.017,0.095,0.013,0.104,0.021,0.040,0.051,0.046,0.006,0.023,0.015,0.025,0.004,0.009,0.031,0.023,0.032,0.070,0.033,0.009,0.012,0.041,0.024,0.048,0.069,0.037,0.013,0.059,0.045,0.015,0.071,0.045,0.060,0.050,0.010,0.042,0.038,0.009,0.025,0.020,0.052,0.040,0.051,0.047,0.037,0.014,0.052,0.022,0.070,0.012,0.055,0.042,0.033,0.017,0.061,0.036,0.045,0.027,0.052,0.009,0.016,0.061,0.017,0.041,0.040,0.057,0.045,0.007,0.031,0.066,0.044,0.015,0.064,0.047,0.034,0.064,0.060,0.041,0.009,0.044,0.028,0.026,0.029,0.045,0.076,0.023,0.036,0.035,0.037,0.013,0.039,0.018,0.074,0.016,0.022,0.034,0.022,0.097,0.029,0.051,0.150,0.009,0.049,0.133,0.036,0.021,0.043,0.054,0.030,0.009,0.007,0.005,0.004,0.018,0.021,0.065,0.033,0.088,0.006,0.012,0.010,0.039,0.018,0.036,0.024,0.007,0.011,0.038,0.011,0.045,0.008,0.003,0.059,0.035,0.023,0.039,0.012,0.063,0.012,0.024,0.004,0.008,0.014,0.034,0.008,0.022,0.050,0.016,0.077,0.036,0.069,0.038,0.027,0.027,0.056,0.034,0.062,0.071,0.065,0.076,0.117,0.098,0.070,0.043,0.057,0.039,0.037,0.038,0.046,0.066,0.029,0.133,0.200,0.251,0.137,0.112,0.122,0.084,0.155,0.155,0.164,0.078,0.178,0.117,0.183,0.208,0.071,0.132,0.043,0.047,0.013,0.036,0.026,0.057,0.036,0.060,0.054,0.080,0.112,0.065,0.064,0.044,0.156,0.082,0.064,0.039,0.064,0.044,0.039,0.077,0.067,0.086,0.121,0.121,0.140,0.145,0.085,0.085,0.114,0.054,0.066,0.094,0.053,0.054,0.049,0.072,0.128,0.046,0.011,0.073,0.053,0.003,0.034,0.037,0.039,0.046,0.047,0.066,0.110,0.125,0.023,0.044,0.086,0.073,0.037,0.044,0.021,0.039,0.040,0.047,0.030,0.037,0.039,0.027,0.030,0.025,0.038,0.043,0.060,0.032,0.051,0.049
NIAS16,0.070,0.059,0.101,0.096,0.063,0.073,0.063,0.075,0.079,0.102,0.094,0.043,0.068,0.045,0.081,0.092,0.060,0.049,0.071,0.111,0.137,0.094,0.081,0.179,0.091,0.076,0.116,0.102,0.057,0.058,0.057,0.076,0.128,0.058,0.144,0.100,0.046,0.040,0.068,0.051,0.109,0.164,0.065,0.068,0.054,0.068,0.072,0.054,0.031,0.047,0.049,0.060,0.044,0.039,0.031,0.064,0.037,0.031,0.043,0.059,0.058,0.047,0.042,0.060,0.016,0.038,0.057,0.094,0.069,0.081,0.069,0.133,0.101,0.103,0.041,0.141,0.151,0.127,0.092,0.098,0.085,0.079,0.086,0.017,0.050,0.004,0.016,0.063,0.045,0.025,0.056,0.038,0.005,0.013,0.064,0.071,0.054,0.029,0.023,0.023,0.013,0.092,0.048,0.017,0.063,0.011,0.013,0.013,0.010,0.013,0.016,0.080,0.067,0.036,0.012,0.114,0.012,0.022,0.009,0.043,0.004,0.009,0.031,0.013,0.067,0.061,0.026,0.007,0.034,0.066,0.052,0.012,0.043,0.038,0.063,0.077,0.059,0.002,0.052,0.056,0.061,0.006,0.001,0.008,0.017,0.010,0.080,0.041,0.062,0.028,0.008,0.009,0.017,0.026,0.015,0.014,0.012,0.020,0.020,0.010,0.011,0.040,0.024,0.010,0.007,0.001,0.008,0.015,0.010,0.001,0.109,0.021,0.066,0.047,0.013,0.010,0.019,0.020,0.039,0.017,0.064,0.024,0.049,0.046,0.060,0.013,0.031,0.042,0.034,0.024,0.009,0.020,0.021,0.027,0.065,0.049,0.016,0.010,0.058,0.050,0.042,0.105,0.031,0.006,0.071,0.054,0.053,0.095,0.039,0.057,0.057,0.014,0.054,0.058,0.011,0.053,0.022,0.033,0.050,0.058,0.039,0.056,0.013,0.053,0.062,0.055,0.013,0.067,0.022,0.057,0.038,0.100,0.039,0.061,0.030,0.024,0.014,0.030,0.090,0.024,0.037,0.037,0.058,0.048,0.012,0.048,0.065,0.066,0.020,0.110,0.071,0.045,0.038,0.046,0.078,0.003,0.051,0.014,0.027,0.015,0.019,0.087,0.038,0.004,0.022,0.047,0.031,0.038,0.017,0.042,0.032,0.010,0.016,0.022,0.075,0.043,0.060,0.124,0.027,0.017,0.119,0.044,0.003,0.021,0.013,0.036,0.012,0.010,0.006,0.015,0.048,0.029,0.059,0.027,0.043,0.001,0.025,0.008,0.064,0.003,0.048,0.041,0.009,0.020,0.049,0.001,0.031,0.009,0.001,0.037,0.012,0.019,0.051,0.003,0.072,0.013,0.041,0.005,0.002,0.020,0.042,0.036,0.042,0.026,0.019,0.078,0.045,0.044,0.036,0.025,0.065,0.031,0.038,0.080,0.095,0.089,0.101,0.071,0.054,0.063,0.056,0.096,0.041,0.049,0.028,0.035,0.041,0.064,0.189,0.192,0.240,0.103,0.119,0.110,0.087,0.202,0.150,0.034,0.039,0.125,0.120,0.144,0.157,0.052,0.129,0.062,0.060,0.047,0.044,0.045,0.050,0.044,0.050,0.059,0.114,0.133,0.074,0.097,0.061,0.144,0.077,0.050,0.069,0.066,0.097,0.053,0.114,0.093,0.100,0.108,0.119,0.155,0.151,0.079,0.107,0.079,0.093,0.060,0.115,0.060,0.081,0.079,0.133,0.115,0.036,0.009,0.058,0.024,0.007,0.045,0.026,0.070,0.052,0.053,0.106,0.113,0.120,0.082,0.066,0.099,0.055,0.056,0.026,0.050,0.025,0.048,0.064,0.025,0.035,0.055,0.032,0.049,0.061,0.074,0.052,0.034,0.049,0.067,0.061
NIAS17,0.077,0.107,0.125,0.095,0.081,0.119,0.069,0.101,0.069,0.063,0.069,0.088,0.169,0.116,0.141,0.171,0.096,0.165,0.068,0.063,0.130,0.099,0.077,0.068,0.054,0.112,0.091,0.075,0.064,0.039,0.057,0.134,0.076,0.066,0.095,0.105,0.074,0.101,0.061,0.064,0.111,0.055,0.092,0.075,0.084,0.102,0.101,0.121,0.119,0.168,0.103,0.057,0.076,0.098,0.111,0.188,0.155,0.130,0.105,0.104,0.122,0.085,0.121,0.133,0.094,0.127,0.085,0.152,0.065,0.096,0.078,0.130,0.116,0.152,0.068,0.033,0.102,0.112,0.063,0.061,0.078,0.056,0.020,0.011,0.107,0.012,0.014,0.083,0.068,0.010,0.094,0.054,0.020,0.026,0.040,0.042,0.111,0.058,0.024,0.001,0.008,0.067,0.076,0.013,0.042,0.007,0.035,0.001,0.002,0.015,0.051,0.073,0.069,0.034,0.016,0.081,0.033,0.031,0.010,0.040,0.001,0.015,0.051,0.007,0.048,0.026,0.033,0.013,0.009,0.032,0.027,0.010,0.071,0.037,0.074,0.054,0.057,0.023,0.066,0.026,0.072,0.001,0.001,0.018,0.010,0.021,0.039,0.047,0.035,0.070,0.000,0.009,0.035,0.021,0.014,0.012,0.009,0.019,0.027,0.020,0.023,0.030,0.015,0.029,0.065,0.019,0.008,0.003,0.004,0.017,0.059,0.010,0.101,0.025,0.007,0.012,0.024,0.013,0.049,0.022,0.084,0.022,0.031,0.051,0.040,0.001,0.024,0.050,0.050,0.019,0.034,0.037,0.031,0.011,0.042,0.069,0.021,0.014,0.022,0.045,0.033,0.042,0.021,0.009,0.066,0.075,0.064,0.064,0.027,0.052,0.034,0.014,0.055,0.080,0.023,0.043,0.014,0.047,0.110,0.113,0.122,0.030,0.010,0.034,0.027,0.025,0.026,0.056,0.087,0.118,0.051,0.043,0.101,0.104,0.105,0.046,0.006,0.054,0.046,0.020,0.020,0.015,0.131,0.112,0.017,0.058,0.062,0.051,0.041,0.106,0.090,0.049,0.031,0.037,0.038,0.026,0.104,0.028,0.034,0.004,0.027,0.066,0.028,0.024,0.027,0.036,0.042,0.022,0.014,0.076,0.047,0.011,0.015,0.036,0.049,0.048,0.025,0.066,0.040,0.009,0.134,0.071,0.022,0.028,0.015,0.025,0.006,0.010,0.024,0.006,0.021,0.007,0.081,0.014,0.153,0.012,0.016,0.007,0.012,0.028,0.041,0.059,0.020,0.020,0.045,0.002,0.062,0.019,0.020,0.040,0.012,0.032,0.041,0.017,0.033,0.087,0.063,0.005,0.008,0.019,0.014,0.025,0.035,0.009,0.027,0.186,0.179,0.077,0.161,0.098,0.090,0.092,0.147,0.060,0.081,0.086,0.203,0.102,0.160,0.093,0.070,0.119,0.136,0.067,0.101,0.145,0.090,0.077,0.063,0.096,0.113,0.078,0.068,0.101,0.103,0.159,0.097,0.054,0.071,0.098,0.087,0.086,0.143,0.134,0.078,0.090,0.056,0.119,0.078,0.121,0.145,0.053,0.041,0.098,0.096,0.110,0.086,0.137,0.113,0.070,0.123,0.063,0.077,0.049,0.053,0.079,0.088,0.109,0.076,0.095,0.057,0.046,0.108,0.083,0.084,0.134,0.075,0.061,0.091,0.119,0.054,0.087,0.056,0.089,0.058,0.020,0.057,0.126,0.003,0.058,0.042,0.049,0.034,0.092,0.052,0.114,0.119,0.108,0.037,0.083,0.026,0.101,0.101,0.120,0.126,0.117,0.109,0.100,0.072,0.071,0.082,0.057,0.097,0.086,0.127,0.075,0.106,0.124,0.091
NIAS21,0.074,0.101,0.120,0.088,0.070,0.089,0.100,0.096,0.127,0.139,0.119,0.133,0.091,0.130,0.106,0.158,0.089,0.110,0.105,0.165,0.134,0.134,0.054,0.169,0.069,0.108,0.167,0.118,0.088,0.074,0.053,0.111,0.112,0.137,0.150,0.166,0.061,0.102,0.075,0.144,0.123,0.207,0.080,0.037,0.064,0.059,0.057,0.077,0.071,0.056,0.081,0.081,0.066,0.076,0.092,0.070,0.083,0.074,0.060,0.095,0.051,0.052,0.061,0.086,0.098,0.061,0.087,0.078,0.109,0.148,0.079,0.158,0.148,0.055,0.114,0.107,0.130,0.150,0.190,0.144,0.142,0.106,0.071,0.023,0.055,0.008,0.019,0.072,0.084,0.021,0.112,0.073,0.016,0.025,0.100,0.146,0.082,0.088,0.031,0.017,0.022,0.100,0.058,0.012,0.059,0.015,0.033,0.009,0.010,0.023,0.066,0.110,0.102,0.058,0.021,0.072,0.027,0.043,0.011,0.112,0.010,0.010,0.057,0.011,0.061,0.061,0.057,0.024,0.051,0.084,0.073,0.018,0.104,0.056,0.087,0.106,0.076,0.016,0.106,0.083,0.092,0.003,0.000,0.023,0.041,0.015,0.076,0.082,0.088,0.091,0.001,0.020,0.045,0.022,0.026,0.022,0.016,0.030,0.036,0.018,0.053,0.058,0.019,0.026,0.076,0.017,0.010,0.014,0.011,0.028,0.147,0.014,0.120,0.036,0.012,0.009,0.027,0.025,0.073,0.023,0.151,0.015,0.033,0.098,0.036,0.010,0.039,0.046,0.068,0.025,0.018,0.037,0.025,0.053,0.121,0.074,0.026,0.031,0.062,0.059,0.054,0.114,0.057,0.012,0.115,0.069,0.063,0.077,0.051,0.097,0.082,0.018,0.087,0.068,0.023,0.065,0.037,0.090,0.063,0.073,0.095,0.064,0.017,0.091,0.065,0.107,0.040,0.088,0.046,0.058,0.073,0.132,0.072,0.053,0.062,0.092,0.007,0.058,0.088,0.021,0.026,0.066,0.058,0.061,0.027,0.060,0.112,0.075,0.039,0.070,0.094,0.047,0.090,0.110,0.084,0.012,0.078,0.049,0.042,0.023,0.054,0.118,0.070,0.077,0.064,0.060,0.035,0.102,0.026,0.104,0.067,0.037,0.048,0.026,0.104,0.062,0.081,0.128,0.039,0.039,0.117,0.084,0.019,0.047,0.101,0.031,0.031,0.022,0.029,0.023,0.039,0.020,0.066,0.060,0.092,0.020,0.019,0.009,0.048,0.027,0.067,0.081,0.026,0.015,0.060,0.013,0.074,0.016,0.017,0.055,0.038,0.033,0.058,0.017,0.091,0.053,0.054,0.008,0.010,0.027,0.047,0.027,0.045,0.047,0.045,0.089,0.076,0.035,0.065,0.060,0.061,0.078,0.039,0.069,0.092,0.157,0.143,0.077,0.052,0.119,0.080,0.120,0.083,0.068,0.040,0.086,0.070,0.078,0.147,0.244,0.284,0.151,0.174,0.144,0.107,0.177,0.148,0.114,0.068,0.141,0.111,0.165,0.153,0.108,0.130,0.109,0.098,0.106,0.069,0.079,0.083,0.067,0.047,0.103,0.153,0.163,0.115,0.093,0.072,0.116,0.120,0.082,0.133,0.055,0.142,0.092,0.087,0.103,0.092,0.115,0.163,0.115,0.188,0.089,0.154,0.152,0.116,0.104,0.137,0.099,0.074,0.096,0.082,0.152,0.080,0.015,0.162,0.071,0.009,0.099,0.087,0.067,0.067,0.124,0.120,0.180,0.144,0.096,0.079,0.121,0.142,0.084,0.079,0.066,0.076,0.088,0.042,0.058,0.072,0.052,0.080,0.062,0.046,0.073,0.072,0.045,0.067,0.096,0.047
NIAS26,0.063,0.069,0.064,0.091,0.057,0.082,0.114,0.045,0.049,0.075,0.047,0.075,0.036,0.075,0.080,0.065,0.067,0.068,0.112,0.088,0.069,0.086,0.063,0.077,0.058,0.064,0.076,0.099,0.084,0.038,0.060,0.050,0.097,0.110,0.089,0.104,0.057,0.106,0.103,0.103,0.101,0.091,0.039,0.042,0.038,0.038,0.045,0.031,0.037,0.043,0.035,0.046,0.035,0.044,0.033,0.051,0.047,0.032,0.035,0.057,0.036,0.021,0.039,0.033,0.034,0.034,0.050,0.093,0.074,0.107,0.091,0.076,0.118,0.062,0.052,0.042,0.085,0.094,0.097,0.062,0.078,0.071,0.061,0.028,0.034,0.007,0.013,0.046,0.074,0.033,0.025,0.056,0.012,0.021,0.048,0.082,0.039,0.052,0.031,0.037,0.018,0.103,0.059,0.017,0.068,0.019,0.013,0.013,0.010,0.037,0.028,0.073,0.117,0.063,0.008,0.134,0.032,0.019,0.009,0.108,0.013,0.032,0.070,0.017,0.065,0.038,0.060,0.024,0.026,0.064,0.069,0.031,0.059,0.070,0.089,0.060,0.119,0.011,0.047,0.065,0.075,0.006,0.006,0.030,0.026,0.022,0.029,0.084,0.076,0.037,0.009,0.004,0.036,0.019,0.019,0.033,0.014,0.050,0.024,0.007,0.032,0.042,0.027,0.014,0.057,0.005,0.021,0.014,0.020,0.028,0.068,0.027,0.105,0.050,0.013,0.006,0.013,0.013,0.046,0.007,0.084,0.008,0.052,0.062,0.075,0.002,0.019,0.035,0.070,0.017,0.012,0.032,0.022,0.037,0.089,0.090,0.022,0.018,0.053,0.042,0.053,0.072,0.035,0.017,0.084,0.051,0.059,0.065,0.041,0.064,0.076,0.007,0.050,0.032,0.013,0.048,0.031,0.075,0.076,0.021,0.042,0.043,0.017,0.061,0.042,0.057,0.029,0.059,0.034,0.029,0.090,0.042,0.047,0.069,0.037,0.090,0.024,0.051,0.055,0.035,0.040,0.040,0.043,0.033,0.019,0.052,0.101,0.088,0.030,0.086,0.043,0.071,0.067,0.046,0.049,0.001,0.047,0.049,0.044,0.015,0.054,0.054,0.043,0.031,0.030,0.059,0.032,0.060,0.009,0.099,0.063,0.019,0.042,0.010,0.046,0.059,0.048,0.157,0.044,0.042,0.181,0.076,0.023,0.075,0.042,0.038,0.012,0.013,0.022,0.019,0.020,0.037,0.036,0.025,0.051,0.013,0.029,0.027,0.047,0.018,0.049,0.065,0.004,0.021,0.069,0.014,0.073,0.015,0.010,0.054,0.024,0.014,0.050,0.004,0.052,0.060,0.062,0.012,0.011,0.028,0.024,0.024,0.033,0.023,0.029,0.101,0.037,0.044,0.020,0.025,0.033,0.038,0.018,0.050,0.105,0.090,0.105,0.058,0.071,0.108,0.070,0.064,0.045,0.046,0.039,0.039,0.036,0.032,0.103,0.118,0.145,0.167,0.095,0.108,0.106,0.201,0.100,0.124,0.064,0.115,0.010,0.122,0.145,0.046,0.057,0.054,0.047,0.025,0.034,0.040,0.055,0.091,0.064,0.094,0.086,0.077,0.078,0.078,0.069,0.067,0.197,0.090,0.072,0.067,0.061,0.077,0.075,0.056,0.024,0.068,0.096,0.091,0.045,0.175,0.056,0.088,0.078,0.049,0.055,0.128,0.084,0.099,0.053,0.068,0.081,0.019,0.098,0.046,0.010,0.049,0.023,0.045,0.058,0.130,0.054,0.084,0.151,0.088,0.066,0.064,0.107,0.049,0.082,0.066,0.040,0.062,0.058,0.038,0.067,0.053,0.031,0.052,0.059,0.045,0.043,0.055,0.038,0.073,0.039
NIAS33,0.064,0.059,0.087,0.023,0.106,0.040,0.089,0.038,0.096,0.087,0.077,0.111,0.042,0.045,0.089,0.050,0.075,0.037,0.071,0.178,0.095,0.077,0.069,0.138,0.037,0.048,0.141,0.075,0.138,0.078,0.079,0.037,0.078,0.062,0.116,0.159,0.043,0.046,0.057,0.064,0.070,0.142,0.044,0.068,0.058,0.064,0.090,0.026,0.023,0.024,0.023,0.088,0.028,0.081,0.062,0.031,0.041,0.052,0.062,0.033,0.087,0.078,0.085,0.068,0.014,0.021,0.084,0.059,0.048,0.088,0.092,0.097,0.142,0.089,0.084,0.120,0.098,0.126,0.101,0.162,0.126,0.087,0.066,0.010,0.021,0.006,0.008,0.028,0.077,0.006,0.031,0.041,0.001,0.010,0.085,0.077,0.031,0.035,0.019,0.015,0.010,0.028,0.043,0.008,0.078,0.023,0.006,0.012,0.011,0.040,0.011,0.103,0.093,0.062,0.006,0.049,0.016,0.006,0.007,0.038,0.007,0.023,0.040,0.015,0.040,0.043,0.033,0.039,0.024,0.048,0.052,0.020,0.111,0.033,0.053,0.038,0.040,0.004,0.071,0.047,0.034,0.001,0.001,0.007,0.021,0.010,0.029,0.044,0.064,0.064,0.001,0.003,0.052,0.014,0.013,0.013,0.040,0.034,0.008,0.005,0.026,0.028,0.053,0.006,0.064,0.002,0.010,0.013,0.008,0.014,0.165,0.028,0.093,0.102,0.008,0.002,0.011,0.009,0.096,0.009,0.127,0.012,0.051,0.084,0.037,0.011,0.015,0.055,0.047,0.012,0.006,0.015,0.014,0.049,0.102,0.034,0.015,0.017,0.092,0.019,0.045,0.132,0.034,0.015,0.095,0.031,0.067,0.064,0.072,0.054,0.123,0.010,0.052,0.063,0.004,0.045,0.052,0.051,0.038,0.027,0.049,0.020,0.002,0.065,0.029,0.086,0.014,0.063,0.029,0.047,0.043,0.083,0.018,0.013,0.019,0.038,0.007,0.038,0.053,0.046,0.023,0.046,0.033,0.032,0.016,0.037,0.137,0.072,0.016,0.048,0.022,0.028,0.044,0.057,0.028,0.004,0.077,0.064,0.023,0.026,0.027,0.116,0.016,0.037,0.031,0.016,0.007,0.061,0.007,0.065,0.044,0.026,0.033,0.014,0.071,0.021,0.036,0.162,0.014,0.029,0.103,0.064,0.042,0.045,0.038,0.018,0.003,0.012,0.013,0.004,0.014,0.024,0.032,0.030,0.083,0.006,0.016,0.007,0.045,0.037,0.076,0.075,0.005,0.013,0.029,0.027,0.050,0.004,0.004,0.053,0.018,0.004,0.038,0.004,0.063,0.024,0.029,0.009,0.007,0.002,0.010,0.017,0.027,0.034,0.013,0.123,0.063,0.056,0.033,0.052,0.023,0.094,0.016,0.092,0.092,0.180,0.090,0.116,0.123,0.095,0.112,0.047,0.049,0.032,0.054,0.107,0.048,0.067,0.175,0.175,0.254,0.120,0.163,0.153,0.093,0.194,0.153,0.132,0.061,0.168,0.117,0.128,0.170,0.064,0.094,0.042,0.088,0.074,0.033,0.029,0.054,0.075,0.053,0.073,0.101,0.090,0.072,0.077,0.040,0.076,0.146,0.108,0.114,0.077,0.072,0.124,0.066,0.112,0.129,0.100,0.200,0.137,0.107,0.153,0.076,0.143,0.081,0.053,0.092,0.096,0.065,0.092,0.098,0.107,0.053,0.016,0.091,0.041,0.004,0.038,0.029,0.067,0.099,0.101,0.105,0.134,0.172,0.056,0.039,0.153,0.108,0.029,0.049,0.029,0.065,0.056,0.029,0.015,0.057,0.045,0.025,0.028,0.032,0.019,0.020,0.086,0.073,0.096,0.109
NIAS38,0.060,0.039,0.099,0.078,0.063,0.082,0.103,0.040,0.106,0.079,0.072,0.093,0.030,0.063,0.099,0.094,0.077,0.086,0.113,0.136,0.130,0.081,0.096,0.166,0.063,0.064,0.131,0.097,0.092,0.031,0.045,0.092,0.132,0.087,0.147,0.148,0.041,0.075,0.134,0.083,0.109,0.168,0.034,0.050,0.058,0.055,0.070,0.040,0.053,0.042,0.040,0.044,0.047,0.040,0.043,0.039,0.041,0.048,0.044,0.053,0.045,0.023,0.048,0.029,0.027,0.054,0.044,0.079,0.050,0.092,0.098,0.095,0.110,0.091,0.059,0.122,0.213,0.151,0.163,0.125,0.095,0.079,0.092,0.028,0.054,0.016,0.015,0.048,0.070,0.027,0.036,0.038,0.010,0.035,0.100,0.095,0.052,0.029,0.064,0.026,0.014,0.117,0.074,0.015,0.063,0.031,0.022,0.004,0.009,0.025,0.022,0.096,0.089,0.076,0.030,0.100,0.016,0.030,0.009,0.041,0.005,0.024,0.051,0.015,0.067,0.050,0.042,0.024,0.036,0.067,0.040,0.023,0.065,0.035,0.074,0.094,0.047,0.011,0.069,0.044,0.029,0.007,0.006,0.025,0.032,0.028,0.079,0.071,0.061,0.039,0.006,0.009,0.044,0.018,0.016,0.022,0.019,0.058,0.021,0.016,0.031,0.042,0.030,0.008,0.057,0.012,0.011,0.019,0.012,0.035,0.146,0.023,0.113,0.048,0.009,0.015,0.011,0.014,0.053,0.007,0.085,0.011,0.050,0.064,0.054,0.004,0.018,0.033,0.060,0.024,0.016,0.012,0.011,0.028,0.107,0.069,0.028,0.024,0.046,0.033,0.035,0.102,0.039,0.037,0.097,0.072,0.042,0.054,0.058,0.063,0.090,0.011,0.051,0.032,0.029,0.057,0.032,0.063,0.075,0.039,0.055,0.046,0.006,0.101,0.049,0.081,0.024,0.054,0.036,0.036,0.095,0.094,0.060,0.035,0.033,0.068,0.020,0.037,0.062,0.043,0.031,0.028,0.024,0.057,0.025,0.044,0.097,0.096,0.045,0.050,0.036,0.055,0.070,0.080,0.045,0.002,0.031,0.066,0.027,0.018,0.039,0.088,0.028,0.039,0.022,0.053,0.034,0.072,0.016,0.083,0.038,0.022,0.041,0.013,0.090,0.030,0.048,0.225,0.017,0.022,0.171,0.063,0.022,0.074,0.053,0.022,0.012,0.016,0.028,0.030,0.019,0.045,0.036,0.029,0.041,0.010,0.021,0.019,0.061,0.037,0.062,0.057,0.008,0.017,0.037,0.014,0.073,0.004,0.013,0.052,0.022,0.012,0.044,0.001,0.076,0.051,0.056,0.010,0.019,0.030,0.016,0.024,0.041,0.023,0.041,0.117,0.052,0.033,0.048,0.025,0.028,0.033,0.019,0.060,0.082,0.128,0.111,0.087,0.080,0.098,0.086,0.073,0.049,0.047,0.027,0.049,0.039,0.042,0.177,0.232,0.230,0.165,0.130,0.162,0.116,0.170,0.215,0.179,0.120,0.184,0.178,0.213,0.217,0.046,0.130,0.066,0.038,0.048,0.039,0.033,0.046,0.085,0.042,0.103,0.131,0.129,0.044,0.083,0.056,0.145,0.100,0.069,0.075,0.094,0.086,0.078,0.066,0.073,0.083,0.147,0.162,0.135,0.140,0.113,0.095,0.126,0.075,0.066,0.139,0.055,0.073,0.093,0.091,0.133,0.061,0.033,0.099,0.038,0.006,0.030,0.031,0.048,0.083,0.104,0.114,0.130,0.194,0.073,0.079,0.110,0.093,0.042,0.083,0.077,0.068,0.062,0.053,0.032,0.068,0.042,0.047,0.055,0.060,0.052,0.045,0.071,0.059,0.096,0.060
PNG001,0.066,0.069,0.086,0.059,0.085,0.091,0.006,0.044,0.048,0.037,0.035,0.038,0.044,0.031,0.053,0.047,0.044,0.049,0.035,0.041,0.048,0.042,0.045,0.025,0.036,0.044,0.038,0.035,0.047,0.032,0.050,0.042,0.043,0.035,0.004,0.005,0.004,0.005,0.004,0.004,0.062,0.072,0.209,0.178,0.187,0.203,0.188,0.233,0.229,0.193,0.207,0.201,0.213,0.253,0.228,0.196,0.231,0.258,0.214,0.194,0.226,0.220,0.179,0.199,0.220,0.212,0.223,0.100,0.077,0.060,0.060,0.085,0.062,0.069,0.071,0.061,0.074,0.013,0.017,0.020,0.023,0.014,0.023,0.001,0.122,0.001,0.001,0.203,0.004,0.002,0.119,0.003,0.002,0.002,0.002,0.003,0.228,0.004,0.002,0.001,0.001,0.002,0.001,0.002,0.002,0.002,0.003,0.002,0.001,0.002,0.001,0.003,0.003,0.002,0.001,0.003,0.003,0.002,0.001,0.002,0.002,0.001,0.003,0.001,0.002,0.002,0.002,0.001,0.005,0.001,0.002,0.002,0.004,0.004,0.004,0.004,0.004,0.002,0.003,0.004,0.003,0.001,0.000,0.002,0.004,0.002,0.004,0.002,0.003,0.002,0.001,0.001,0.001,0.002,0.002,0.001,0.002,0.002,0.002,0.001,0.003,0.003,0.002,0.002,0.004,0.002,0.002,0.007,0.001,0.002,0.002,0.001,0.005,0.003,0.001,0.001,0.002,0.001,0.003,0.001,0.004,0.001,0.003,0.004,0.001,0.002,0.002,0.002,0.002,0.001,0.002,0.003,0.003,0.003,0.003,0.001,0.003,0.001,0.005,0.005,0.003,0.003,0.003,0.002,0.003,0.200,0.003,0.004,0.002,0.003,0.002,0.001,0.004,0.206,0.002,0.002,0.001,0.003,0.003,0.194,0.231,0.008,0.003,0.001,0.003,0.002,0.002,0.003,0.186,0.232,0.003,0.003,0.004,0.202,0.234,0.002,0.002,0.003,0.002,0.002,0.002,0.002,0.205,0.194,0.000,0.003,0.002,0.006,0.001,0.002,0.225,0.002,0.002,0.003,0.004,0.003,0.232,0.002,0.003,0.002,0.003,0.002,0.004,0.002,0.002,0.003,0.001,0.001,0.002,0.002,0.003,0.002,0.003,0.006,0.004,0.004,0.004,0.006,0.003,0.006,0.005,0.003,0.003,0.004,0.002,0.003,0.002,0.003,0.002,0.001,0.002,0.002,0.003,0.003,0.003,0.002,0.001,0.003,0.001,0.001,0.003,0.004,0.000,0.002,0.005,0.001,0.003,0.001,0.001,0.001,0.002,0.003,0.002,0.002,0.003,0.005,0.005,0.000,0.001,0.003,0.004,0.002,0.006,0.003,0.003,0.078,0.201,0.221,0.197,0.209,0.214,0.228,0.168,0.003,0.003,0.006,0.003,0.004,0.004,0.002,0.004,0.166,0.168,0.157,0.131,0.210,0.119,0.173,0.005,0.005,0.003,0.004,0.004,0.003,0.003,0.002,0.003,0.003,0.005,0.006,0.002,0.003,0.002,0.244,0.115,0.184,0.097,0.208,0.226,0.163,0.244,0.039,0.033,0.042,0.062,0.034,0.046,0.038,0.052,0.030,0.032,0.024,0.052,0.054,0.046,0.040,0.036,0.048,0.053,0.058,0.070,0.010,0.023,0.008,0.017,0.013,0.011,0.005,0.004,0.007,0.003,0.004,0.005,0.004,0.001,0.002,0.003,0.216,0.001,0.004,0.113,0.132,0.003,0.006,0.005,0.005,0.009,0.004,0.002,0.006,0.067,0.159,0.162,0.166,0.175,0.164,0.152,0.175,0.128,0.130,0.134,0.136,0.137,0.155,0.196,0.154,0.157,0.080,0.105
PNG003,0.058,0.070,0.101,0.068,0.104,0.116,0.010,0.066,0.064,0.044,0.061,0.062,0.060,0.041,0.063,0.061,0.067,0.059,0.041,0.054,0.062,0.047,0.049,0.044,0.025,0.053,0.043,0.054,0.051,0.051,0.043,0.044,0.035,0.036,0.009,0.012,0.007,0.006,0.005,0.006,0.084,0.082,0.202,0.181,0.167,0.177,0.185,0.190,0.202,0.181,0.171,0.161,0.176,0.199,0.194,0.177,0.199,0.182,0.192,0.187,0.158,0.192,0.153,0.158,0.191,0.168,0.199,0.081,0.073,0.068,0.075,0.098,0.092,0.085,0.082,0.079,0.079,0.017,0.026,0.035,0.031,0.027,0.031,0.002,0.144,0.001,0.002,0.185,0.001,0.001,0.118,0.005,0.001,0.003,0.009,0.006,0.231,0.002,0.001,0.003,0.004,0.006,0.007,0.003,0.004,0.002,0.002,0.002,0.001,0.001,0.001,0.007,0.008,0.011,0.000,0.005,0.003,0.005,0.001,0.004,0.001,0.002,0.003,0.001,0.007,0.005,0.007,0.001,0.002,0.003,0.004,0.003,0.005,0.004,0.008,0.013,0.006,0.001,0.008,0.007,0.006,0.001,0.000,0.001,0.003,0.002,0.008,0.006,0.006,0.005,0.001,0.002,0.005,0.002,0.003,0.002,0.000,0.004,0.002,0.001,0.003,0.004,0.001,0.001,0.002,0.002,0.003,0.002,0.001,0.002,0.010,0.001,0.008,0.004,0.001,0.002,0.002,0.001,0.003,0.001,0.003,0.001,0.004,0.006,0.004,0.002,0.002,0.007,0.004,0.002,0.000,0.003,0.002,0.005,0.006,0.004,0.003,0.001,0.006,0.003,0.004,0.013,0.006,0.001,0.004,0.161,0.004,0.008,0.005,0.003,0.004,0.002,0.011,0.191,0.003,0.004,0.001,0.006,0.007,0.170,0.198,0.003,0.003,0.008,0.006,0.005,0.002,0.008,0.191,0.203,0.005,0.014,0.005,0.214,0.193,0.004,0.002,0.004,0.008,0.004,0.005,0.004,0.168,0.144,0.001,0.002,0.007,0.010,0.003,0.004,0.179,0.003,0.003,0.006,0.006,0.002,0.207,0.002,0.005,0.004,0.003,0.008,0.005,0.003,0.002,0.003,0.002,0.003,0.005,0.009,0.003,0.002,0.004,0.003,0.006,0.006,0.004,0.015,0.002,0.003,0.010,0.002,0.002,0.002,0.006,0.003,0.003,0.002,0.001,0.002,0.003,0.003,0.008,0.006,0.005,0.001,0.003,0.002,0.005,0.001,0.004,0.006,0.001,0.001,0.006,0.000,0.006,0.001,0.000,0.002,0.002,0.003,0.004,0.004,0.008,0.006,0.005,0.001,0.001,0.005,0.005,0.002,0.007,0.003,0.004,0.086,0.182,0.200,0.190,0.215,0.195,0.192,0.167,0.005,0.004,0.006,0.008,0.006,0.007,0.004,0.005,0.162,0.168,0.168,0.151,0.204,0.124,0.145,0.009,0.013,0.013,0.006,0.012,0.008,0.005,0.009,0.010,0.011,0.005,0.011,0.005,0.009,0.009,0.192,0.118,0.156,0.093,0.188,0.188,0.137,0.197,0.058,0.036,0.053,0.060,0.038,0.040,0.051,0.042,0.038,0.049,0.033,0.052,0.042,0.051,0.046,0.037,0.035,0.062,0.068,0.063,0.019,0.038,0.015,0.021,0.021,0.019,0.004,0.010,0.004,0.004,0.005,0.011,0.009,0.003,0.001,0.004,0.209,0.001,0.005,0.104,0.112,0.007,0.011,0.007,0.009,0.013,0.009,0.003,0.013,0.074,0.118,0.131,0.147,0.131,0.126,0.126,0.137,0.125,0.132,0.123,0.123,0.123,0.134,0.137,0.131,0.124,0.096,0.102
PNG005,0.072,0.076,0.079,0.072,0.096,0.113,0.013,0.052,0.067,0.045,0.041,0.045,0.051,0.029,0.061,0.046,0.051,0.047,0.046,0.048,0.050,0.047,0.043,0.024,0.039,0.052,0.038,0.048,0.047,0.047,0.043,0.040,0.049,0.036,0.003,0.007,0.005,0.004,0.003,0.005,0.064,0.090,0.220,0.208,0.212,0.197,0.205,0.221,0.226,0.229,0.208,0.199,0.191,0.212,0.204,0.222,0.214,0.218,0.226,0.218,0.192,0.214,0.235,0.198,0.266,0.240,0.275,0.085,0.091,0.067,0.068,0.077,0.075,0.077,0.061,0.053,0.080,0.015,0.017,0.016,0.022,0.018,0.023,0.002,0.119,0.002,0.002,0.201,0.004,0.002,0.107,0.005,0.002,0.003,0.002,0.005,0.251,0.004,0.002,0.002,0.001,0.004,0.005,0.002,0.004,0.003,0.005,0.001,0.001,0.003,0.002,0.003,0.008,0.006,0.002,0.005,0.003,0.001,0.002,0.004,0.002,0.003,0.004,0.002,0.005,0.002,0.005,0.001,0.001,0.003,0.004,0.003,0.003,0.004,0.005,0.008,0.006,0.001,0.005,0.003,0.006,0.001,0.001,0.002,0.003,0.003,0.005,0.002,0.004,0.005,0.000,0.001,0.005,0.002,0.003,0.001,0.002,0.003,0.005,0.001,0.002,0.004,0.002,0.002,0.003,0.002,0.003,0.005,0.002,0.004,0.003,0.002,0.003,0.003,0.001,0.002,0.004,0.001,0.002,0.001,0.003,0.003,0.006,0.003,0.003,0.002,0.002,0.006,0.003,0.002,0.002,0.003,0.003,0.006,0.005,0.003,0.003,0.001,0.003,0.008,0.004,0.005,0.003,0.003,0.005,0.199,0.003,0.003,0.004,0.003,0.003,0.001,0.005,0.223,0.002,0.004,0.001,0.004,0.003,0.224,0.229,0.004,0.003,0.005,0.005,0.005,0.002,0.007,0.199,0.231,0.007,0.005,0.003,0.183,0.233,0.003,0.002,0.003,0.005,0.003,0.005,0.005,0.223,0.194,0.000,0.002,0.006,0.007,0.002,0.004,0.220,0.002,0.002,0.003,0.004,0.003,0.220,0.002,0.002,0.002,0.004,0.003,0.004,0.003,0.003,0.003,0.002,0.002,0.006,0.006,0.003,0.001,0.003,0.001,0.005,0.004,0.005,0.005,0.004,0.002,0.004,0.003,0.003,0.003,0.004,0.003,0.003,0.006,0.001,0.003,0.004,0.004,0.003,0.005,0.002,0.003,0.002,0.005,0.005,0.002,0.004,0.004,0.001,0.002,0.003,0.000,0.005,0.001,0.001,0.002,0.002,0.004,0.003,0.003,0.003,0.007,0.004,0.000,0.001,0.009,0.003,0.007,0.008,0.003,0.004,0.070,0.222,0.243,0.212,0.193,0.215,0.241,0.182,0.004,0.005,0.007,0.005,0.005,0.003,0.005,0.003,0.179,0.171,0.159,0.125,0.180,0.106,0.168,0.004,0.004,0.004,0.007,0.005,0.004,0.005,0.004,0.002,0.003,0.004,0.006,0.003,0.002,0.003,0.210,0.107,0.208,0.108,0.193,0.208,0.148,0.213,0.048,0.038,0.045,0.054,0.049,0.043,0.045,0.041,0.032,0.045,0.039,0.067,0.046,0.049,0.041,0.026,0.048,0.057,0.059,0.075,0.013,0.021,0.008,0.019,0.015,0.016,0.005,0.007,0.007,0.003,0.005,0.007,0.003,0.003,0.002,0.004,0.222,0.001,0.005,0.100,0.114,0.003,0.009,0.009,0.007,0.005,0.005,0.005,0.007,0.070,0.144,0.145,0.158,0.166,0.140,0.129,0.179,0.135,0.139,0.144,0.139,0.154,0.129,0.171,0.163,0.152,0.084,0.105
PNG031,0.062,0.079,0.089,0.062,0.081,0.091,0.012,0.045,0.052,0.041,0.045,0.050,0.037,0.037,0.051,0.041,0.052,0.056,0.037,0.043,0.037,0.042,0.046,0.026,0.037,0.035,0.035,0.037,0.046,0.041,0.030,0.038,0.031,0.035,0.005,0.006,0.005,0.007,0.003,0.005,0.076,0.078,0.157,0.147,0.150,0.143,0.160,0.151,0.154,0.140,0.163,0.156,0.147,0.147,0.163,0.141,0.128,0.149,0.158,0.158,0.177,0.142,0.148,0.137,0.167,0.165,0.190,0.083,0.078,0.061,0.064,0.064,0.070,0.089,0.057,0.056,0.069,0.011,0.015,0.024,0.020,0.028,0.016,0.000,0.128,0.001,0.002,0.152,0.006,0.002,0.100,0.004,0.002,0.002,0.003,0.005,0.168,0.003,0.002,0.003,0.002,0.006,0.002,0.002,0.003,0.002,0.003,0.001,0.001,0.003,0.002,0.003,0.010,0.006,0.001,0.003,0.002,0.005,0.000,0.003,0.000,0.002,0.005,0.001,0.003,0.003,0.005,0.002,0.001,0.005,0.002,0.001,0.005,0.006,0.004,0.004,0.005,0.001,0.006,0.004,0.009,0.001,0.000,0.003,0.003,0.001,0.004,0.002,0.006,0.006,0.001,0.001,0.004,0.002,0.001,0.001,0.002,0.005,0.001,0.001,0.002,0.003,0.004,0.002,0.004,0.001,0.003,0.002,0.003,0.002,0.004,0.003,0.005,0.004,0.001,0.001,0.001,0.002,0.005,0.002,0.005,0.000,0.005,0.006,0.002,0.001,0.004,0.004,0.003,0.000,0.001,0.003,0.002,0.002,0.008,0.003,0.001,0.003,0.009,0.007,0.005,0.008,0.004,0.000,0.004,0.139,0.006,0.007,0.005,0.005,0.008,0.001,0.005,0.165,0.002,0.002,0.003,0.006,0.002,0.168,0.184,0.003,0.003,0.006,0.002,0.004,0.001,0.006,0.181,0.174,0.004,0.003,0.004,0.167,0.176,0.005,0.002,0.003,0.005,0.001,0.004,0.006,0.133,0.145,0.001,0.003,0.008,0.009,0.001,0.003,0.164,0.005,0.003,0.004,0.004,0.001,0.161,0.004,0.003,0.002,0.003,0.004,0.004,0.006,0.002,0.005,0.002,0.003,0.004,0.005,0.005,0.002,0.004,0.005,0.004,0.008,0.004,0.008,0.002,0.002,0.005,0.007,0.006,0.005,0.006,0.004,0.002,0.004,0.003,0.000,0.004,0.002,0.002,0.005,0.005,0.001,0.002,0.001,0.003,0.002,0.004,0.006,0.001,0.001,0.006,0.002,0.005,0.002,0.001,0.002,0.003,0.003,0.004,0.003,0.002,0.006,0.003,0.000,0.001,0.007,0.008,0.004,0.008,0.003,0.003,0.042,0.170,0.196,0.149,0.166,0.176,0.199,0.126,0.001,0.004,0.010,0.003,0.003,0.009,0.007,0.005,0.138,0.159,0.143,0.123,0.167,0.087,0.146,0.011,0.006,0.005,0.006,0.010,0.007,0.007,0.005,0.004,0.004,0.003,0.009,0.004,0.007,0.003,0.171,0.097,0.166,0.082,0.151,0.171,0.143,0.165,0.041,0.030,0.045,0.045,0.034,0.034,0.046,0.039,0.029,0.037,0.027,0.053,0.043,0.035,0.033,0.030,0.040,0.046,0.049,0.074,0.008,0.023,0.012,0.020,0.018,0.012,0.003,0.005,0.006,0.005,0.003,0.008,0.005,0.003,0.001,0.006,0.152,0.002,0.006,0.117,0.122,0.004,0.009,0.010,0.005,0.007,0.004,0.007,0.007,0.063,0.172,0.148,0.160,0.181,0.170,0.158,0.163,0.181,0.148,0.181,0.149,0.131,0.144,0.145,0.151,0.172,0.090,0.108
PNG057,0.056,0.077,0.082,0.051,0.089,0.115,0.005,0.055,0.057,0.039,0.049,0.042,0.040,0.036,0.046,0.045,0.049,0.050,0.041,0.040,0.035,0.035,0.042,0.029,0.032,0.041,0.030,0.039,0.040,0.032,0.031,0.037,0.037,0.034,0.003,0.005,0.004,0.003,0.003,0.004,0.068,0.065,0.191,0.185,0.175,0.174,0.180,0.221,0.224,0.195,0.199,0.192,0.179,0.221,0.204,0.196,0.205,0.202,0.215,0.197,0.214,0.203,0.178,0.194,0.210,0.211,0.223,0.074,0.067,0.070,0.067,0.064,0.065,0.067,0.076,0.058,0.075,0.015,0.015,0.018,0.030,0.011,0.019,0.001,0.128,0.002,0.001,0.195,0.003,0.001,0.098,0.002,0.002,0.002,0.002,0.003,0.199,0.003,0.002,0.001,0.001,0.004,0.002,0.002,0.003,0.002,0.004,0.000,0.001,0.004,0.002,0.002,0.005,0.002,0.001,0.004,0.002,0.003,0.002,0.004,0.001,0.001,0.004,0.001,0.002,0.003,0.004,0.001,0.003,0.004,0.002,0.001,0.005,0.002,0.004,0.004,0.004,0.001,0.003,0.005,0.002,0.002,0.001,0.002,0.004,0.002,0.005,0.002,0.004,0.002,0.000,0.001,0.001,0.001,0.002,0.001,0.000,0.002,0.003,0.002,0.002,0.003,0.003,0.003,0.003,0.002,0.002,0.005,0.001,0.002,0.003,0.001,0.003,0.002,0.000,0.001,0.004,0.001,0.002,0.001,0.003,0.002,0.002,0.004,0.002,0.001,0.002,0.002,0.002,0.001,0.001,0.004,0.002,0.002,0.005,0.002,0.002,0.001,0.004,0.004,0.002,0.004,0.002,0.001,0.004,0.198,0.003,0.003,0.002,0.004,0.004,0.001,0.006,0.224,0.001,0.003,0.001,0.003,0.004,0.205,0.214,0.004,0.002,0.003,0.003,0.003,0.003,0.004,0.170,0.216,0.004,0.003,0.003,0.188,0.195,0.003,0.002,0.005,0.002,0.001,0.001,0.004,0.193,0.172,0.001,0.003,0.004,0.004,0.003,0.001,0.212,0.001,0.002,0.004,0.003,0.002,0.208,0.001,0.002,0.003,0.003,0.003,0.004,0.003,0.003,0.003,0.003,0.002,0.002,0.003,0.003,0.001,0.005,0.004,0.004,0.005,0.002,0.005,0.002,0.003,0.007,0.003,0.006,0.004,0.004,0.002,0.003,0.004,0.001,0.002,0.002,0.002,0.002,0.002,0.002,0.002,0.002,0.001,0.002,0.001,0.002,0.004,0.001,0.002,0.004,0.000,0.004,0.001,0.001,0.001,0.002,0.002,0.002,0.001,0.004,0.004,0.004,0.001,0.001,0.004,0.005,0.002,0.005,0.001,0.003,0.061,0.191,0.209,0.184,0.202,0.198,0.225,0.191,0.003,0.004,0.007,0.005,0.004,0.005,0.004,0.003,0.169,0.162,0.160,0.125,0.189,0.105,0.163,0.005,0.004,0.004,0.003,0.003,0.003,0.003,0.002,0.001,0.002,0.004,0.006,0.001,0.003,0.002,0.216,0.118,0.175,0.090,0.209,0.219,0.140,0.233,0.034,0.027,0.037,0.047,0.035,0.028,0.030,0.033,0.029,0.031,0.035,0.042,0.043,0.054,0.036,0.030,0.037,0.046,0.053,0.065,0.009,0.017,0.011,0.018,0.017,0.015,0.003,0.004,0.004,0.002,0.004,0.004,0.003,0.003,0.002,0.005,0.231,0.001,0.005,0.109,0.117,0.003,0.005,0.006,0.006,0.007,0.007,0.003,0.004,0.062,0.135,0.150,0.163,0.156,0.133,0.117,0.155,0.129,0.126,0.133,0.141,0.146,0.140,0.153,0.142,0.146,0.073,0.096
PNG059,0.069,0.072,0.086,0.059,0.097,0.100,0.005,0.042,0.060,0.050,0.038,0.045,0.045,0.037,0.055,0.042,0.045,0.056,0.037,0.038,0.044,0.040,0.035,0.025,0.022,0.037,0.040,0.035,0.046,0.039,0.038,0.047,0.040,0.040,0.003,0.003,0.003,0.003,0.003,0.002,0.067,0.075,0.178,0.190,0.177,0.185,0.183,0.213,0.204,0.191,0.203,0.216,0.190,0.227,0.211,0.194,0.212,0.219,0.207,0.172,0.179,0.203,0.166,0.173,0.220,0.196,0.219,0.075,0.074,0.060,0.060,0.061,0.073,0.076,0.080,0.063,0.067,0.008,0.015,0.020,0.024,0.014,0.023,0.001,0.095,0.002,0.001,0.169,0.005,0.001,0.099,0.002,0.003,0.002,0.002,0.002,0.205,0.003,0.002,0.001,0.001,0.002,0.001,0.002,0.002,0.003,0.005,0.001,0.001,0.003,0.002,0.002,0.004,0.002,0.001,0.003,0.002,0.002,0.001,0.002,0.001,0.001,0.006,0.000,0.001,0.002,0.004,0.001,0.002,0.001,0.003,0.003,0.003,0.002,0.004,0.001,0.003,0.002,0.002,0.004,0.003,0.002,0.001,0.002,0.002,0.002,0.003,0.002,0.003,0.003,0.001,0.001,0.001,0.001,0.002,0.000,0.000,0.003,0.001,0.002,0.001,0.003,0.002,0.003,0.003,0.002,0.001,0.006,0.002,0.003,0.001,0.001,0.003,0.003,0.000,0.002,0.003,0.001,0.001,0.001,0.002,0.001,0.002,0.004,0.001,0.001,0.002,0.001,0.002,0.000,0.001,0.002,0.002,0.002,0.003,0.002,0.003,0.001,0.003,0.004,0.003,0.003,0.002,0.001,0.004,0.216,0.004,0.003,0.002,0.003,0.003,0.001,0.003,0.200,0.002,0.002,0.001,0.003,0.004,0.186,0.191,0.003,0.003,0.002,0.003,0.002,0.001,0.002,0.178,0.226,0.002,0.002,0.004,0.180,0.205,0.003,0.002,0.003,0.002,0.002,0.001,0.004,0.183,0.198,0.001,0.003,0.002,0.006,0.002,0.001,0.206,0.003,0.002,0.003,0.002,0.002,0.201,0.002,0.002,0.002,0.002,0.002,0.003,0.002,0.003,0.001,0.002,0.001,0.001,0.001,0.002,0.001,0.004,0.002,0.002,0.003,0.001,0.005,0.002,0.002,0.003,0.004,0.004,0.002,0.002,0.001,0.002,0.003,0.001,0.001,0.002,0.002,0.002,0.002,0.001,0.003,0.001,0.002,0.001,0.002,0.002,0.005,0.000,0.001,0.003,0.001,0.003,0.001,0.001,0.001,0.003,0.003,0.003,0.002,0.002,0.003,0.004,0.001,0.002,0.003,0.003,0.002,0.007,0.001,0.003,0.060,0.194,0.201,0.163,0.179,0.190,0.205,0.169,0.002,0.002,0.006,0.001,0.002,0.002,0.002,0.001,0.149,0.179,0.166,0.134,0.177,0.121,0.165,0.006,0.003,0.003,0.002,0.003,0.002,0.002,0.001,0.002,0.002,0.003,0.004,0.002,0.002,0.002,0.227,0.114,0.183,0.098,0.212,0.219,0.129,0.239,0.049,0.027,0.037,0.047,0.033,0.026,0.035,0.043,0.026,0.040,0.024,0.039,0.049,0.058,0.036,0.035,0.033,0.051,0.071,0.077,0.009,0.017,0.017,0.015,0.014,0.009,0.002,0.005,0.003,0.002,0.002,0.008,0.002,0.002,0.002,0.002,0.211,0.001,0.004,0.087,0.107,0.003,0.003,0.008,0.006,0.006,0.003,0.003,0.003,0.071,0.153,0.148,0.144,0.160,0.140,0.152,0.139,0.138,0.132,0.143,0.131,0.131,0.117,0.149,0.142,0.153,0.062,0.098
PNG064,0.064,0.069,0.093,0.061,0.078,0.097,0.005,0.052,0.052,0.037,0.039,0.054,0.050,0.040,0.050,0.039,0.047,0.056,0.052,0.048,0.050,0.035,0.047,0.034,0.030,0.047,0.034,0.042,0.042,0.039,0.045,0.038,0.045,0.059,0.005,0.006,0.006,0.004,0.003,0.004,0.065,0.061,0.181,0.180,0.174,0.175,0.156,0.198,0.188,0.157,0.201,0.165,0.181,0.197,0.170,0.171,0.183,0.208,0.176,0.192,0.178,0.174,0.171,0.154,0.208,0.201,0.202,0.088,0.075,0.065,0.064,0.080,0.072,0.055,0.065,0.066,0.071,0.014,0.017,0.017,0.017,0.021,0.016,0.001,0.131,0.002,0.001,0.181,0.005,0.000,0.121,0.005,0.003,0.002,0.003,0.004,0.216,0.003,0.001,0.002,0.001,0.005,0.002,0.003,0.003,0.002,0.003,0.002,0.002,0.004,0.002,0.003,0.006,0.009,0.001,0.007,0.002,0.003,0.001,0.005,0.001,0.002,0.003,0.002,0.006,0.002,0.007,0.002,0.005,0.004,0.002,0.001,0.005,0.002,0.007,0.009,0.004,0.001,0.008,0.006,0.006,0.000,0.000,0.003,0.003,0.001,0.005,0.002,0.005,0.006,0.001,0.001,0.005,0.002,0.001,0.000,0.003,0.002,0.004,0.002,0.003,0.003,0.002,0.002,0.005,0.001,0.002,0.002,0.001,0.002,0.003,0.003,0.005,0.002,0.001,0.001,0.004,0.001,0.006,0.001,0.007,0.002,0.003,0.002,0.002,0.002,0.004,0.005,0.003,0.001,0.002,0.002,0.003,0.002,0.005,0.003,0.003,0.003,0.003,0.005,0.003,0.005,0.003,0.001,0.004,0.184,0.003,0.007,0.005,0.003,0.003,0.001,0.007,0.182,0.002,0.004,0.002,0.004,0.004,0.181,0.214,0.004,0.001,0.004,0.006,0.003,0.004,0.006,0.188,0.190,0.004,0.007,0.004,0.187,0.216,0.004,0.001,0.006,0.006,0.003,0.003,0.004,0.200,0.162,0.001,0.004,0.007,0.008,0.002,0.003,0.199,0.003,0.002,0.006,0.004,0.002,0.169,0.002,0.004,0.002,0.003,0.004,0.005,0.003,0.001,0.004,0.004,0.004,0.007,0.009,0.005,0.003,0.006,0.004,0.005,0.004,0.002,0.006,0.002,0.002,0.008,0.005,0.005,0.002,0.005,0.003,0.001,0.003,0.004,0.001,0.001,0.001,0.005,0.005,0.003,0.002,0.002,0.001,0.003,0.002,0.003,0.003,0.001,0.001,0.006,0.000,0.006,0.003,0.001,0.002,0.002,0.002,0.003,0.003,0.004,0.007,0.007,0.002,0.001,0.006,0.003,0.004,0.006,0.002,0.002,0.061,0.177,0.213,0.182,0.205,0.203,0.183,0.157,0.004,0.005,0.005,0.005,0.003,0.003,0.005,0.006,0.158,0.152,0.160,0.134,0.172,0.105,0.154,0.008,0.004,0.005,0.006,0.005,0.006,0.002,0.004,0.002,0.003,0.006,0.005,0.003,0.002,0.002,0.218,0.110,0.174,0.110,0.181,0.172,0.104,0.193,0.041,0.031,0.045,0.057,0.039,0.028,0.025,0.035,0.035,0.042,0.034,0.054,0.024,0.048,0.042,0.036,0.043,0.051,0.053,0.063,0.014,0.024,0.009,0.016,0.018,0.017,0.004,0.005,0.012,0.002,0.004,0.008,0.005,0.006,0.001,0.004,0.178,0.002,0.005,0.116,0.120,0.004,0.009,0.008,0.005,0.010,0.009,0.004,0.008,0.063,0.168,0.163,0.164,0.180,0.169,0.151,0.149,0.172,0.126,0.144,0.160,0.156,0.150,0.152,0.150,0.153,0.077,0.083
PNG076,0.073,0.080,0.089,0.054,0.085,0.109,0.003,0.039,0.053,0.036,0.046,0.039,0.041,0.042,0.052,0.041,0.047,0.051,0.038,0.039,0.046,0.044,0.045,0.029,0.026,0.040,0.037,0.036,0.054,0.029,0.038,0.035,0.034,0.036,0.004,0.005,0.003,0.003,0.003,0.003,0.060,0.058,0.214,0.186,0.182,0.184,0.178,0.222,0.233,0.216,0.217,0.197,0.192,0.216,0.213,0.206,0.221,0.232,0.224,0.214,0.193,0.214,0.189,0.192,0.242,0.219,0.205,0.092,0.073,0.060,0.058,0.084,0.068,0.075,0.076,0.064,0.077,0.008,0.009,0.018,0.023,0.013,0.021,0.001,0.125,0.002,0.001,0.189,0.005,0.001,0.110,0.003,0.003,0.001,0.002,0.004,0.227,0.004,0.001,0.001,0.001,0.003,0.003,0.001,0.002,0.002,0.003,0.001,0.001,0.004,0.001,0.002,0.005,0.002,0.001,0.002,0.002,0.001,0.001,0.003,0.000,0.001,0.003,0.001,0.001,0.002,0.004,0.001,0.003,0.001,0.003,0.001,0.005,0.004,0.006,0.004,0.005,0.002,0.004,0.005,0.004,0.002,0.000,0.002,0.002,0.002,0.004,0.002,0.005,0.003,0.001,0.000,0.001,0.001,0.002,0.001,0.001,0.002,0.002,0.002,0.001,0.004,0.002,0.002,0.004,0.001,0.001,0.004,0.002,0.002,0.001,0.002,0.004,0.003,0.001,0.001,0.002,0.001,0.002,0.001,0.004,0.002,0.002,0.005,0.003,0.001,0.002,0.001,0.002,0.001,0.001,0.002,0.002,0.003,0.004,0.003,0.002,0.001,0.004,0.003,0.003,0.003,0.003,0.000,0.004,0.188,0.006,0.004,0.002,0.005,0.003,0.001,0.005,0.216,0.001,0.002,0.001,0.004,0.006,0.211,0.215,0.002,0.001,0.002,0.004,0.004,0.003,0.004,0.195,0.248,0.003,0.004,0.007,0.213,0.238,0.004,0.002,0.004,0.002,0.002,0.001,0.005,0.183,0.180,0.000,0.004,0.003,0.006,0.002,0.001,0.213,0.004,0.002,0.005,0.004,0.002,0.219,0.003,0.004,0.001,0.002,0.003,0.005,0.003,0.002,0.002,0.002,0.001,0.001,0.001,0.005,0.001,0.004,0.001,0.004,0.003,0.004,0.007,0.003,0.002,0.007,0.005,0.002,0.002,0.003,0.002,0.001,0.003,0.001,0.000,0.003,0.003,0.004,0.002,0.005,0.002,0.002,0.002,0.002,0.001,0.002,0.003,0.000,0.001,0.002,0.001,0.004,0.001,0.001,0.001,0.002,0.002,0.002,0.002,0.004,0.004,0.005,0.001,0.002,0.002,0.002,0.002,0.006,0.001,0.002,0.070,0.222,0.224,0.209,0.217,0.210,0.215,0.177,0.001,0.003,0.005,0.006,0.002,0.006,0.003,0.003,0.182,0.188,0.170,0.121,0.200,0.111,0.172,0.004,0.003,0.002,0.002,0.003,0.003,0.003,0.003,0.003,0.002,0.005,0.004,0.003,0.003,0.002,0.250,0.120,0.192,0.096,0.229,0.242,0.147,0.241,0.045,0.027,0.041,0.051,0.041,0.032,0.039,0.041,0.029,0.036,0.031,0.056,0.044,0.055,0.038,0.036,0.050,0.049,0.054,0.068,0.010,0.021,0.013,0.020,0.017,0.011,0.003,0.006,0.005,0.003,0.002,0.004,0.003,0.003,0.002,0.003,0.218,0.001,0.003,0.116,0.130,0.004,0.004,0.008,0.005,0.005,0.004,0.003,0.005,0.061,0.138,0.156,0.168,0.168,0.142,0.135,0.162,0.131,0.123,0.139,0.128,0.145,0.144,0.167,0.145,0.147,0.085,0.102
RAM003,0.085,0.071,0.076,0.086,0.115,0.119,0.027,0.039,0.109,0.047,0.058,0.051,0.042,0.048,0.036,0.051,0.040,0.059,0.076,0.052,0.054,0.075,0.056,0.065,0.061,0.091,0.077,0.067,0.058,0.081,0.052,0.089,0.049,0.069,0.011,0.018,0.015,0.012,0.014,0.014,0.073,0.082,0.163,0.184,0.153,0.169,0.153,0.171,0.152,0.111,0.125,0.145,0.141,0.185,0.197,0.139,0.162,0.156,0.170,0.159,0.130,0.154,0.147,0.134,0.185,0.113,0.155,0.094,0.088,0.074,0.087,0.064,0.098,0.093,0.079,0.074,0.090,0.029,0.026,0.050,0.034,0.039,0.030,0.006,0.091,0.007,0.001,0.172,0.017,0.002,0.099,0.008,0.009,0.007,0.013,0.014,0.174,0.007,0.005,0.004,0.004,0.014,0.019,0.002,0.009,0.011,0.002,0.001,0.001,0.008,0.011,0.017,0.016,0.011,0.000,0.013,0.005,0.004,0.001,0.008,0.001,0.010,0.009,0.001,0.009,0.011,0.010,0.001,0.010,0.011,0.017,0.007,0.011,0.019,0.012,0.020,0.020,0.002,0.010,0.017,0.011,0.001,0.001,0.004,0.004,0.007,0.010,0.012,0.024,0.009,0.002,0.004,0.006,0.006,0.012,0.008,0.001,0.010,0.005,0.002,0.003,0.015,0.004,0.003,0.014,0.004,0.007,0.005,0.006,0.007,0.012,0.002,0.014,0.015,0.001,0.000,0.005,0.005,0.010,0.004,0.014,0.005,0.024,0.014,0.018,0.005,0.000,0.013,0.009,0.002,0.003,0.006,0.004,0.004,0.028,0.017,0.007,0.004,0.018,0.015,0.011,0.020,0.005,0.005,0.012,0.163,0.018,0.010,0.009,0.010,0.013,0.001,0.020,0.133,0.006,0.019,0.004,0.010,0.016,0.140,0.188,0.012,0.004,0.014,0.008,0.013,0.007,0.016,0.177,0.170,0.019,0.011,0.010,0.180,0.141,0.012,0.007,0.010,0.004,0.008,0.005,0.016,0.149,0.119,0.004,0.014,0.015,0.018,0.007,0.025,0.168,0.013,0.013,0.018,0.016,0.001,0.204,0.010,0.009,0.004,0.018,0.014,0.020,0.010,0.002,0.008,0.009,0.003,0.006,0.009,0.011,0.002,0.007,0.004,0.010,0.012,0.015,0.016,0.001,0.007,0.020,0.011,0.001,0.004,0.008,0.002,0.006,0.011,0.003,0.003,0.015,0.010,0.009,0.009,0.009,0.004,0.004,0.006,0.024,0.001,0.009,0.014,0.002,0.000,0.015,0.001,0.013,0.001,0.003,0.005,0.006,0.012,0.011,0.004,0.014,0.018,0.012,0.003,0.002,0.008,0.006,0.008,0.014,0.003,0.004,0.073,0.200,0.187,0.163,0.198,0.134,0.176,0.126,0.010,0.015,0.019,0.010,0.010,0.014,0.018,0.011,0.120,0.148,0.113,0.127,0.142,0.109,0.139,0.017,0.014,0.010,0.017,0.010,0.013,0.014,0.015,0.006,0.009,0.007,0.013,0.017,0.014,0.014,0.156,0.138,0.165,0.092,0.128,0.188,0.116,0.176,0.106,0.084,0.090,0.088,0.042,0.062,0.054,0.057,0.051,0.080,0.075,0.125,0.068,0.065,0.077,0.037,0.063,0.111,0.069,0.111,0.025,0.030,0.038,0.026,0.030,0.031,0.004,0.010,0.007,0.014,0.012,0.018,0.009,0.014,0.010,0.012,0.194,0.001,0.012,0.087,0.089,0.018,0.020,0.012,0.020,0.027,0.013,0.014,0.016,0.095,0.107,0.141,0.126,0.121,0.114,0.129,0.154,0.108,0.128,0.133,0.133,0.119,0.136,0.140,0.148,0.170,0.067,0.115
RAM005,0.075,0.075,0.111,0.079,0.134,0.145,0.023,0.069,0.086,0.041,0.039,0.056,0.065,0.044,0.077,0.042,0.055,0.061,0.058,0.045,0.069,0.070,0.048,0.055,0.060,0.072,0.052,0.068,0.093,0.061,0.050,0.090,0.052,0.069,0.022,0.021,0.010,0.018,0.015,0.016,0.069,0.057,0.174,0.175,0.125,0.138,0.187,0.196,0.174,0.171,0.166,0.175,0.140,0.199,0.194,0.140,0.182,0.127,0.140,0.175,0.119,0.152,0.145,0.144,0.196,0.134,0.211,0.108,0.117,0.110,0.121,0.078,0.085,0.088,0.061,0.059,0.115,0.038,0.034,0.029,0.049,0.043,0.012,0.006,0.107,0.002,0.009,0.226,0.014,0.006,0.079,0.010,0.004,0.006,0.014,0.028,0.193,0.011,0.006,0.006,0.009,0.017,0.019,0.002,0.016,0.012,0.004,0.004,0.002,0.007,0.009,0.021,0.005,0.012,0.000,0.010,0.004,0.006,0.008,0.014,0.003,0.007,0.007,0.003,0.009,0.011,0.010,0.002,0.006,0.004,0.010,0.006,0.011,0.014,0.014,0.011,0.010,0.003,0.016,0.016,0.009,0.000,0.002,0.007,0.012,0.004,0.010,0.011,0.010,0.013,0.003,0.003,0.009,0.006,0.009,0.006,0.002,0.012,0.003,0.009,0.006,0.012,0.006,0.004,0.014,0.003,0.005,0.007,0.002,0.008,0.013,0.003,0.022,0.011,0.003,0.005,0.008,0.008,0.017,0.005,0.018,0.005,0.010,0.012,0.011,0.005,0.004,0.008,0.017,0.003,0.004,0.004,0.007,0.007,0.015,0.008,0.007,0.006,0.010,0.008,0.019,0.015,0.005,0.003,0.016,0.188,0.015,0.017,0.009,0.012,0.009,0.008,0.016,0.170,0.003,0.008,0.007,0.010,0.012,0.157,0.160,0.012,0.004,0.015,0.010,0.008,0.006,0.011,0.164,0.202,0.017,0.013,0.013,0.186,0.173,0.011,0.003,0.011,0.010,0.007,0.014,0.013,0.229,0.162,0.006,0.011,0.020,0.016,0.009,0.017,0.185,0.008,0.014,0.014,0.013,0.001,0.137,0.012,0.012,0.007,0.011,0.010,0.017,0.011,0.004,0.015,0.006,0.009,0.009,0.018,0.012,0.005,0.014,0.009,0.019,0.004,0.011,0.028,0.004,0.009,0.015,0.014,0.005,0.009,0.007,0.009,0.009,0.004,0.004,0.003,0.007,0.012,0.010,0.005,0.016,0.007,0.005,0.005,0.010,0.004,0.011,0.013,0.003,0.002,0.021,0.001,0.010,0.004,0.004,0.012,0.005,0.006,0.012,0.005,0.011,0.009,0.019,0.003,0.004,0.010,0.012,0.007,0.006,0.004,0.010,0.066,0.154,0.200,0.178,0.154,0.181,0.197,0.148,0.014,0.014,0.016,0.015,0.015,0.018,0.014,0.012,0.172,0.128,0.147,0.137,0.150,0.112,0.125,0.014,0.014,0.023,0.020,0.014,0.024,0.017,0.018,0.014,0.014,0.008,0.013,0.017,0.014,0.010,0.179,0.117,0.180,0.091,0.141,0.145,0.126,0.142,0.114,0.030,0.052,0.108,0.038,0.065,0.078,0.075,0.036,0.093,0.075,0.117,0.044,0.047,0.065,0.041,0.054,0.116,0.088,0.118,0.036,0.034,0.045,0.038,0.026,0.021,0.019,0.009,0.020,0.015,0.020,0.015,0.014,0.018,0.006,0.018,0.150,0.002,0.014,0.110,0.152,0.009,0.021,0.023,0.020,0.040,0.015,0.018,0.014,0.071,0.098,0.130,0.120,0.118,0.114,0.114,0.171,0.142,0.136,0.134,0.163,0.177,0.147,0.153,0.161,0.131,0.058,0.135
RAM008,0.064,0.077,0.125,0.082,0.105,0.077,0.035,0.074,0.094,0.061,0.052,0.062,0.053,0.059,0.063,0.046,0.062,0.063,0.055,0.077,0.085,0.063,0.088,0.051,0.068,0.080,0.065,0.086,0.073,0.053,0.064,0.051,0.066,0.053,0.028,0.029,0.014,0.025,0.017,0.025,0.095,0.090,0.168,0.145,0.146,0.142,0.148,0.198,0.161,0.125,0.163,0.136,0.155,0.159,0.152,0.165,0.159,0.157,0.193,0.160,0.174,0.189,0.177,0.136,0.190,0.170,0.174,0.098,0.073,0.106,0.091,0.054,0.090,0.080,0.089,0.087,0.097,0.028,0.030,0.034,0.044,0.042,0.039,0.008,0.117,0.002,0.001,0.180,0.016,0.004,0.116,0.013,0.007,0.006,0.016,0.029,0.162,0.015,0.003,0.007,0.009,0.015,0.013,0.006,0.018,0.012,0.004,0.004,0.003,0.004,0.008,0.020,0.032,0.015,0.003,0.026,0.008,0.006,0.002,0.012,0.002,0.006,0.008,0.002,0.015,0.013,0.018,0.001,0.008,0.014,0.017,0.011,0.013,0.013,0.025,0.024,0.019,0.003,0.023,0.021,0.024,0.001,0.001,0.006,0.012,0.009,0.011,0.012,0.032,0.021,0.002,0.005,0.007,0.005,0.009,0.007,0.001,0.010,0.006,0.002,0.006,0.014,0.004,0.005,0.013,0.007,0.008,0.005,0.003,0.007,0.012,0.002,0.017,0.019,0.001,0.004,0.006,0.005,0.011,0.005,0.021,0.002,0.020,0.019,0.021,0.003,0.003,0.016,0.016,0.004,0.005,0.013,0.007,0.011,0.025,0.023,0.011,0.005,0.015,0.016,0.012,0.019,0.016,0.006,0.022,0.158,0.019,0.022,0.013,0.023,0.015,0.002,0.023,0.154,0.005,0.016,0.011,0.015,0.025,0.146,0.148,0.014,0.007,0.019,0.018,0.019,0.009,0.016,0.171,0.187,0.022,0.021,0.020,0.172,0.167,0.015,0.007,0.022,0.024,0.013,0.007,0.013,0.140,0.131,0.005,0.014,0.019,0.019,0.011,0.014,0.174,0.024,0.014,0.020,0.018,0.003,0.147,0.008,0.019,0.005,0.008,0.015,0.017,0.010,0.010,0.016,0.003,0.011,0.003,0.014,0.019,0.006,0.008,0.007,0.015,0.012,0.009,0.033,0.008,0.011,0.032,0.024,0.001,0.004,0.014,0.005,0.008,0.010,0.004,0.007,0.006,0.008,0.014,0.008,0.013,0.005,0.006,0.007,0.016,0.002,0.018,0.028,0.004,0.007,0.021,0.001,0.017,0.001,0.003,0.010,0.008,0.013,0.016,0.007,0.022,0.019,0.022,0.002,0.002,0.007,0.005,0.006,0.012,0.008,0.014,0.049,0.181,0.178,0.139,0.158,0.197,0.182,0.183,0.013,0.018,0.032,0.017,0.018,0.013,0.020,0.013,0.175,0.140,0.121,0.137,0.158,0.103,0.114,0.020,0.021,0.025,0.021,0.025,0.026,0.026,0.028,0.009,0.010,0.014,0.021,0.019,0.014,0.017,0.169,0.127,0.157,0.103,0.141,0.145,0.132,0.160,0.092,0.038,0.033,0.062,0.064,0.050,0.086,0.060,0.040,0.066,0.070,0.090,0.061,0.057,0.070,0.050,0.108,0.076,0.079,0.055,0.023,0.029,0.021,0.029,0.039,0.029,0.013,0.021,0.018,0.020,0.019,0.019,0.020,0.015,0.006,0.021,0.157,0.002,0.023,0.083,0.114,0.014,0.029,0.025,0.030,0.024,0.030,0.019,0.020,0.086,0.144,0.127,0.142,0.171,0.169,0.140,0.136,0.108,0.125,0.124,0.138,0.152,0.134,0.142,0.109,0.148,0.084,0.119
RAM022,0.114,0.096,0.130,0.081,0.097,0.099,0.017,0.062,0.104,0.064,0.056,0.068,0.056,0.044,0.058,0.073,0.058,0.050,0.108,0.088,0.103,0.116,0.071,0.077,0.056,0.073,0.095,0.093,0.097,0.040,0.093,0.077,0.079,0.074,0.021,0.025,0.006,0.016,0.018,0.016,0.068,0.120,0.152,0.157,0.169,0.136,0.120,0.185,0.189,0.165,0.147,0.171,0.136,0.200,0.214,0.180,0.176,0.174,0.139,0.151,0.159,0.153,0.140,0.202,0.200,0.155,0.182,0.101,0.080,0.076,0.080,0.081,0.099,0.057,0.080,0.074,0.147,0.034,0.055,0.046,0.038,0.038,0.033,0.005,0.110,0.001,0.003,0.164,0.009,0.006,0.111,0.011,0.002,0.004,0.016,0.020,0.233,0.004,0.005,0.007,0.005,0.014,0.014,0.003,0.014,0.004,0.002,0.002,0.001,0.006,0.007,0.016,0.019,0.024,0.003,0.009,0.004,0.002,0.001,0.014,0.002,0.004,0.008,0.002,0.017,0.009,0.012,0.003,0.006,0.011,0.004,0.003,0.008,0.008,0.010,0.022,0.018,0.001,0.019,0.007,0.012,0.001,0.002,0.004,0.004,0.002,0.012,0.007,0.007,0.010,0.001,0.001,0.015,0.003,0.002,0.003,0.003,0.007,0.004,0.002,0.003,0.012,0.004,0.001,0.008,0.003,0.003,0.003,0.003,0.006,0.021,0.004,0.017,0.008,0.002,0.001,0.003,0.003,0.011,0.002,0.013,0.001,0.007,0.008,0.011,0.001,0.006,0.012,0.011,0.006,0.001,0.005,0.003,0.004,0.015,0.006,0.006,0.002,0.006,0.008,0.009,0.029,0.004,0.002,0.012,0.212,0.005,0.010,0.013,0.007,0.011,0.002,0.010,0.140,0.004,0.011,0.004,0.010,0.017,0.162,0.226,0.010,0.004,0.020,0.008,0.012,0.004,0.015,0.130,0.219,0.008,0.025,0.015,0.191,0.185,0.007,0.003,0.007,0.022,0.006,0.014,0.007,0.191,0.205,0.004,0.004,0.023,0.015,0.009,0.010,0.196,0.004,0.008,0.014,0.010,0.001,0.189,0.006,0.006,0.003,0.007,0.013,0.006,0.007,0.002,0.012,0.002,0.010,0.007,0.015,0.006,0.001,0.007,0.004,0.013,0.009,0.011,0.017,0.007,0.004,0.014,0.008,0.004,0.008,0.015,0.006,0.002,0.002,0.003,0.005,0.006,0.005,0.010,0.012,0.012,0.002,0.003,0.003,0.013,0.004,0.009,0.008,0.001,0.004,0.003,0.002,0.014,0.001,0.003,0.007,0.002,0.004,0.006,0.001,0.013,0.012,0.008,0.001,0.003,0.006,0.008,0.009,0.015,0.003,0.010,0.091,0.164,0.140,0.142,0.196,0.147,0.164,0.130,0.009,0.014,0.017,0.031,0.009,0.015,0.015,0.012,0.190,0.143,0.134,0.133,0.183,0.161,0.164,0.022,0.030,0.030,0.017,0.025,0.014,0.012,0.029,0.012,0.018,0.011,0.027,0.014,0.019,0.019,0.208,0.121,0.160,0.085,0.153,0.159,0.142,0.168,0.074,0.068,0.052,0.080,0.067,0.060,0.082,0.084,0.053,0.063,0.069,0.144,0.072,0.061,0.066,0.053,0.093,0.148,0.084,0.065,0.046,0.057,0.030,0.040,0.043,0.026,0.007,0.031,0.020,0.022,0.018,0.011,0.023,0.010,0.004,0.020,0.165,0.001,0.007,0.093,0.116,0.013,0.022,0.034,0.033,0.023,0.017,0.013,0.029,0.086,0.124,0.132,0.112,0.136,0.111,0.126,0.128,0.108,0.116,0.110,0.117,0.125,0.123,0.147,0.107,0.101,0.118,0.122
RAM024,0.068,0.113,0.127,0.060,0.096,0.120,0.034,0.080,0.093,0.062,0.079,0.055,0.063,0.071,0.056,0.066,0.047,0.084,0.077,0.079,0.085,0.078,0.053,0.071,0.067,0.072,0.069,0.109,0.101,0.086,0.067,0.088,0.116,0.084,0.030,0.030,0.011,0.028,0.029,0.041,0.080,0.105,0.152,0.133,0.146,0.133,0.139,0.132,0.150,0.153,0.178,0.132,0.157,0.165,0.139,0.182,0.181,0.154,0.171,0.200,0.118,0.158,0.140,0.151,0.135,0.134,0.139,0.107,0.070,0.067,0.088,0.093,0.065,0.096,0.078,0.081,0.087,0.044,0.048,0.030,0.055,0.047,0.045,0.006,0.084,0.003,0.002,0.141,0.011,0.010,0.086,0.007,0.005,0.004,0.030,0.024,0.182,0.014,0.003,0.011,0.004,0.011,0.021,0.007,0.018,0.007,0.004,0.005,0.001,0.004,0.005,0.023,0.026,0.012,0.004,0.020,0.004,0.004,0.003,0.012,0.005,0.005,0.008,0.007,0.012,0.012,0.012,0.003,0.012,0.019,0.016,0.010,0.013,0.014,0.027,0.024,0.030,0.003,0.029,0.017,0.015,0.002,0.001,0.004,0.009,0.004,0.018,0.009,0.015,0.009,0.004,0.003,0.006,0.006,0.004,0.005,0.002,0.016,0.007,0.003,0.008,0.020,0.006,0.001,0.009,0.002,0.006,0.009,0.004,0.004,0.023,0.008,0.025,0.011,0.003,0.004,0.003,0.005,0.015,0.004,0.030,0.005,0.020,0.014,0.013,0.005,0.008,0.010,0.010,0.007,0.004,0.005,0.009,0.012,0.023,0.017,0.006,0.007,0.012,0.014,0.015,0.028,0.014,0.006,0.028,0.153,0.013,0.019,0.018,0.024,0.013,0.001,0.017,0.173,0.008,0.033,0.009,0.029,0.032,0.169,0.177,0.018,0.007,0.023,0.017,0.020,0.007,0.017,0.165,0.167,0.013,0.023,0.028,0.152,0.162,0.019,0.008,0.017,0.022,0.010,0.007,0.014,0.100,0.143,0.003,0.010,0.020,0.016,0.010,0.012,0.144,0.011,0.017,0.018,0.016,0.006,0.183,0.008,0.016,0.009,0.012,0.026,0.015,0.010,0.008,0.019,0.006,0.018,0.004,0.010,0.014,0.008,0.011,0.006,0.024,0.013,0.013,0.022,0.009,0.010,0.028,0.015,0.003,0.007,0.012,0.007,0.004,0.010,0.004,0.006,0.010,0.010,0.024,0.007,0.028,0.003,0.009,0.006,0.013,0.004,0.014,0.014,0.004,0.006,0.015,0.003,0.013,0.001,0.003,0.021,0.014,0.005,0.023,0.004,0.024,0.009,0.016,0.005,0.004,0.006,0.009,0.011,0.017,0.010,0.009,0.087,0.188,0.167,0.159,0.163,0.134,0.154,0.135,0.009,0.020,0.018,0.044,0.018,0.024,0.024,0.012,0.156,0.166,0.148,0.130,0.166,0.109,0.160,0.029,0.036,0.045,0.027,0.033,0.025,0.020,0.047,0.020,0.027,0.018,0.036,0.017,0.020,0.024,0.152,0.100,0.186,0.085,0.145,0.141,0.131,0.175,0.049,0.032,0.070,0.089,0.075,0.035,0.076,0.068,0.061,0.108,0.072,0.053,0.068,0.079,0.064,0.084,0.072,0.070,0.077,0.087,0.055,0.059,0.033,0.048,0.051,0.036,0.016,0.049,0.031,0.034,0.020,0.019,0.029,0.020,0.004,0.023,0.148,0.004,0.009,0.073,0.104,0.021,0.026,0.035,0.049,0.027,0.041,0.017,0.031,0.087,0.093,0.132,0.126,0.144,0.110,0.135,0.111,0.116,0.133,0.117,0.105,0.115,0.153,0.128,0.115,0.114,0.085,0.108
RAM025,0.108,0.063,0.124,0.102,0.110,0.114,0.034,0.085,0.072,0.054,0.043,0.062,0.076,0.057,0.078,0.078,0.063,0.084,0.053,0.091,0.083,0.088,0.078,0.058,0.047,0.087,0.047,0.063,0.105,0.072,0.062,0.056,0.055,0.064,0.032,0.045,0.010,0.020,0.017,0.020,0.099,0.090,0.172,0.126,0.132,0.156,0.170,0.201,0.178,0.169,0.170,0.147,0.200,0.169,0.199,0.176,0.182,0.194,0.145,0.147,0.165,0.207,0.132,0.165,0.194,0.181,0.223,0.121,0.124,0.086,0.115,0.093,0.087,0.071,0.070,0.072,0.091,0.030,0.028,0.021,0.057,0.026,0.041,0.008,0.138,0.004,0.003,0.171,0.018,0.007,0.098,0.017,0.006,0.009,0.010,0.026,0.218,0.018,0.009,0.005,0.008,0.024,0.013,0.003,0.018,0.006,0.007,0.003,0.002,0.007,0.009,0.023,0.022,0.014,0.003,0.022,0.006,0.006,0.005,0.017,0.003,0.005,0.003,0.003,0.014,0.010,0.015,0.006,0.008,0.011,0.017,0.011,0.012,0.007,0.021,0.023,0.025,0.004,0.010,0.023,0.017,0.002,0.001,0.008,0.010,0.010,0.022,0.012,0.025,0.021,0.004,0.006,0.005,0.007,0.009,0.006,0.001,0.005,0.010,0.005,0.011,0.013,0.003,0.008,0.016,0.005,0.008,0.008,0.002,0.009,0.034,0.001,0.013,0.012,0.004,0.002,0.014,0.003,0.014,0.005,0.027,0.007,0.021,0.014,0.011,0.005,0.008,0.011,0.012,0.003,0.004,0.014,0.011,0.007,0.014,0.016,0.008,0.003,0.008,0.015,0.011,0.021,0.009,0.005,0.029,0.168,0.021,0.027,0.009,0.012,0.006,0.008,0.022,0.168,0.008,0.015,0.003,0.016,0.016,0.186,0.199,0.023,0.008,0.010,0.010,0.007,0.011,0.013,0.160,0.171,0.022,0.013,0.014,0.163,0.171,0.012,0.009,0.017,0.014,0.013,0.009,0.015,0.129,0.147,0.003,0.017,0.018,0.012,0.005,0.022,0.180,0.011,0.011,0.010,0.012,0.002,0.190,0.003,0.010,0.009,0.011,0.020,0.013,0.007,0.005,0.014,0.007,0.010,0.003,0.023,0.016,0.001,0.004,0.012,0.021,0.015,0.020,0.039,0.009,0.007,0.030,0.015,0.004,0.013,0.012,0.007,0.010,0.008,0.010,0.006,0.007,0.010,0.013,0.011,0.012,0.008,0.010,0.009,0.008,0.003,0.017,0.021,0.003,0.007,0.017,0.000,0.016,0.003,0.003,0.007,0.007,0.007,0.017,0.007,0.012,0.024,0.017,0.001,0.002,0.006,0.013,0.010,0.018,0.012,0.006,0.082,0.153,0.181,0.170,0.189,0.168,0.180,0.121,0.020,0.027,0.026,0.023,0.020,0.011,0.017,0.015,0.177,0.162,0.148,0.137,0.150,0.142,0.173,0.013,0.020,0.035,0.023,0.024,0.022,0.030,0.032,0.016,0.020,0.018,0.035,0.019,0.022,0.011,0.268,0.138,0.218,0.112,0.158,0.151,0.122,0.179,0.086,0.070,0.071,0.098,0.045,0.073,0.055,0.073,0.062,0.053,0.063,0.117,0.057,0.080,0.100,0.094,0.090,0.056,0.080,0.106,0.042,0.038,0.027,0.050,0.043,0.024,0.022,0.010,0.031,0.015,0.019,0.014,0.018,0.013,0.008,0.014,0.160,0.001,0.026,0.100,0.103,0.016,0.031,0.028,0.043,0.033,0.032,0.009,0.050,0.078,0.136,0.147,0.139,0.175,0.125,0.163,0.156,0.144,0.140,0.154,0.145,0.165,0.132,0.185,0.152,0.145,0.073,0.130
RAM027-F,0.066,0.106,0.102,0.082,0.116,0.109,0.022,0.088,0.072,0.070,0.067,0.048,0.063,0.044,0.086,0.068,0.064,0.077,0.058,0.071,0.106,0.119,0.107,0.065,0.088,0.072,0.059,0.086,0.113,0.052,0.047,0.083,0.089,0.061,0.025,0.027,0.007,0.041,0.027,0.028,0.073,0.090,0.208,0.158,0.135,0.153,0.164,0.201,0.166,0.141,0.148,0.158,0.147,0.157,0.140,0.175,0.198,0.146,0.141,0.158,0.140,0.199,0.143,0.125,0.166,0.139,0.160,0.139,0.094,0.064,0.069,0.105,0.101,0.132,0.063,0.063,0.112,0.038,0.030,0.029,0.044,0.032,0.060,0.007,0.099,0.005,0.004,0.170,0.014,0.006,0.081,0.012,0.003,0.006,0.015,0.017,0.195,0.009,0.006,0.008,0.006,0.014,0.016,0.006,0.017,0.004,0.006,0.004,0.005,0.007,0.007,0.029,0.018,0.015,0.003,0.016,0.008,0.005,0.003,0.011,0.003,0.004,0.012,0.005,0.017,0.011,0.012,0.001,0.005,0.008,0.007,0.007,0.004,0.021,0.017,0.007,0.040,0.005,0.013,0.005,0.015,0.004,0.002,0.007,0.005,0.005,0.017,0.011,0.012,0.012,0.004,0.002,0.009,0.007,0.004,0.006,0.002,0.008,0.004,0.002,0.009,0.011,0.005,0.005,0.011,0.002,0.008,0.008,0.004,0.007,0.027,0.004,0.024,0.009,0.003,0.005,0.005,0.005,0.008,0.003,0.022,0.006,0.009,0.009,0.019,0.004,0.007,0.016,0.015,0.010,0.004,0.011,0.006,0.007,0.013,0.018,0.006,0.005,0.016,0.011,0.012,0.025,0.008,0.002,0.014,0.160,0.017,0.021,0.018,0.012,0.011,0.003,0.014,0.195,0.004,0.012,0.006,0.010,0.021,0.141,0.163,0.008,0.004,0.018,0.008,0.012,0.007,0.013,0.178,0.239,0.023,0.018,0.017,0.196,0.158,0.021,0.006,0.013,0.022,0.007,0.010,0.010,0.124,0.166,0.004,0.010,0.020,0.012,0.011,0.023,0.137,0.013,0.010,0.014,0.011,0.003,0.189,0.007,0.009,0.005,0.006,0.017,0.010,0.004,0.005,0.016,0.006,0.012,0.004,0.012,0.013,0.003,0.010,0.006,0.017,0.011,0.011,0.025,0.010,0.007,0.029,0.015,0.004,0.012,0.005,0.003,0.005,0.004,0.007,0.004,0.008,0.010,0.018,0.010,0.017,0.002,0.005,0.005,0.015,0.007,0.012,0.015,0.002,0.005,0.012,0.000,0.024,0.004,0.003,0.008,0.005,0.006,0.015,0.007,0.017,0.016,0.014,0.004,0.004,0.007,0.010,0.008,0.014,0.002,0.012,0.104,0.164,0.148,0.159,0.133,0.140,0.136,0.132,0.013,0.014,0.012,0.037,0.009,0.028,0.015,0.011,0.137,0.177,0.116,0.152,0.151,0.088,0.137,0.023,0.028,0.035,0.019,0.030,0.013,0.017,0.034,0.012,0.020,0.021,0.020,0.016,0.017,0.015,0.160,0.130,0.171,0.113,0.128,0.150,0.080,0.162,0.061,0.062,0.092,0.106,0.074,0.040,0.077,0.090,0.069,0.097,0.071,0.076,0.051,0.060,0.063,0.051,0.076,0.110,0.082,0.062,0.041,0.054,0.031,0.043,0.043,0.028,0.011,0.032,0.021,0.041,0.017,0.014,0.027,0.016,0.008,0.016,0.171,0.003,0.013,0.082,0.069,0.012,0.043,0.026,0.047,0.027,0.031,0.029,0.031,0.061,0.104,0.095,0.119,0.127,0.108,0.114,0.094,0.054,0.095,0.068,0.080,0.082,0.081,0.080,0.083,0.114,0.092,0.112
RAM034-F,0.094,0.091,0.101,0.095,0.109,0.086,0.025,0.076,0.066,0.060,0.047,0.066,0.068,0.054,0.064,0.071,0.048,0.047,0.064,0.060,0.070,0.065,0.083,0.054,0.054,0.077,0.077,0.083,0.075,0.051,0.040,0.073,0.072,0.069,0.014,0.016,0.020,0.013,0.019,0.017,0.063,0.117,0.167,0.164,0.149,0.134,0.138,0.160,0.140,0.135,0.161,0.165,0.161,0.171,0.155,0.178,0.174,0.190,0.155,0.157,0.135,0.129,0.129,0.176,0.158,0.156,0.162,0.076,0.084,0.079,0.105,0.087,0.087,0.076,0.076,0.063,0.075,0.032,0.036,0.022,0.034,0.029,0.034,0.003,0.076,0.002,0.002,0.163,0.011,0.005,0.079,0.011,0.004,0.004,0.009,0.028,0.163,0.010,0.004,0.004,0.006,0.017,0.021,0.003,0.013,0.006,0.003,0.003,0.003,0.004,0.007,0.033,0.015,0.015,0.003,0.014,0.006,0.008,0.004,0.010,0.003,0.004,0.006,0.006,0.009,0.010,0.008,0.003,0.005,0.011,0.009,0.003,0.011,0.018,0.015,0.023,0.015,0.004,0.013,0.019,0.009,0.001,0.002,0.005,0.009,0.002,0.016,0.008,0.013,0.009,0.001,0.002,0.008,0.002,0.005,0.005,0.003,0.016,0.007,0.004,0.004,0.011,0.007,0.004,0.015,0.003,0.004,0.005,0.003,0.005,0.011,0.000,0.019,0.011,0.001,0.001,0.006,0.002,0.012,0.002,0.028,0.006,0.007,0.009,0.010,0.000,0.005,0.009,0.013,0.007,0.003,0.005,0.010,0.010,0.013,0.014,0.007,0.006,0.014,0.010,0.011,0.014,0.005,0.002,0.019,0.177,0.010,0.020,0.010,0.010,0.008,0.002,0.025,0.124,0.003,0.015,0.003,0.014,0.023,0.100,0.172,0.010,0.004,0.017,0.008,0.005,0.004,0.012,0.121,0.188,0.008,0.017,0.017,0.149,0.129,0.015,0.002,0.010,0.021,0.007,0.010,0.006,0.165,0.178,0.004,0.016,0.023,0.007,0.007,0.011,0.160,0.011,0.010,0.013,0.013,0.004,0.141,0.010,0.016,0.006,0.006,0.026,0.019,0.010,0.006,0.016,0.006,0.005,0.004,0.016,0.015,0.005,0.006,0.008,0.018,0.013,0.013,0.028,0.009,0.003,0.027,0.015,0.011,0.011,0.005,0.008,0.003,0.007,0.005,0.003,0.005,0.006,0.017,0.005,0.019,0.006,0.004,0.002,0.008,0.002,0.011,0.015,0.003,0.004,0.017,0.002,0.013,0.001,0.003,0.009,0.002,0.005,0.010,0.002,0.022,0.009,0.017,0.002,0.002,0.020,0.011,0.008,0.015,0.004,0.010,0.063,0.185,0.157,0.158,0.131,0.147,0.145,0.124,0.011,0.024,0.021,0.025,0.013,0.018,0.018,0.010,0.134,0.137,0.123,0.100,0.148,0.127,0.113,0.021,0.017,0.024,0.023,0.018,0.014,0.018,0.027,0.008,0.011,0.017,0.016,0.015,0.009,0.010,0.221,0.107,0.152,0.098,0.138,0.182,0.111,0.172,0.063,0.062,0.064,0.102,0.064,0.053,0.090,0.049,0.044,0.074,0.067,0.045,0.104,0.064,0.067,0.056,0.105,0.079,0.110,0.063,0.032,0.050,0.037,0.029,0.038,0.032,0.027,0.018,0.026,0.024,0.018,0.014,0.022,0.015,0.003,0.021,0.168,0.004,0.013,0.080,0.081,0.009,0.025,0.036,0.027,0.035,0.021,0.027,0.014,0.085,0.085,0.108,0.098,0.132,0.128,0.082,0.140,0.081,0.111,0.093,0.092,0.130,0.120,0.124,0.108,0.100,0.094,0.130
RAM035-F,0.092,0.083,0.135,0.050,0.105,0.081,0.026,0.036,0.084,0.046,0.046,0.045,0.069,0.054,0.074,0.068,0.057,0.065,0.066,0.073,0.066,0.043,0.059,0.064,0.046,0.067,0.066,0.083,0.049,0.081,0.050,0.040,0.094,0.072,0.029,0.029,0.003,0.020,0.017,0.020,0.050,0.108,0.134,0.122,0.127,0.146,0.127,0.123,0.124,0.130,0.146,0.108,0.125,0.134,0.144,0.159,0.104,0.137,0.191,0.138,0.189,0.122,0.121,0.109,0.115,0.148,0.113,0.099,0.061,0.062,0.069,0.086,0.086,0.058,0.062,0.072,0.078,0.038,0.049,0.031,0.031,0.028,0.041,0.008,0.083,0.003,0.005,0.147,0.011,0.008,0.069,0.006,0.001,0.008,0.019,0.014,0.156,0.008,0.006,0.010,0.009,0.021,0.013,0.006,0.024,0.005,0.008,0.006,0.005,0.006,0.007,0.022,0.016,0.011,0.005,0.027,0.010,0.005,0.001,0.013,0.001,0.005,0.020,0.003,0.012,0.011,0.007,0.002,0.004,0.017,0.009,0.009,0.016,0.010,0.012,0.011,0.023,0.003,0.012,0.007,0.010,0.003,0.002,0.006,0.004,0.007,0.013,0.010,0.010,0.012,0.003,0.004,0.006,0.008,0.006,0.005,0.000,0.007,0.005,0.002,0.006,0.010,0.004,0.007,0.006,0.005,0.011,0.008,0.003,0.007,0.023,0.003,0.030,0.010,0.003,0.005,0.007,0.003,0.012,0.006,0.022,0.004,0.012,0.012,0.010,0.004,0.010,0.008,0.007,0.004,0.002,0.011,0.005,0.006,0.021,0.011,0.011,0.004,0.008,0.015,0.012,0.022,0.005,0.005,0.015,0.161,0.009,0.017,0.006,0.008,0.013,0.004,0.010,0.124,0.010,0.010,0.003,0.005,0.011,0.127,0.114,0.011,0.012,0.013,0.018,0.017,0.009,0.014,0.143,0.182,0.013,0.024,0.009,0.156,0.122,0.009,0.009,0.011,0.019,0.008,0.012,0.007,0.136,0.134,0.004,0.009,0.015,0.017,0.005,0.009,0.081,0.007,0.009,0.013,0.011,0.002,0.163,0.005,0.005,0.004,0.006,0.022,0.007,0.004,0.010,0.014,0.006,0.014,0.004,0.015,0.009,0.003,0.009,0.002,0.023,0.012,0.011,0.025,0.010,0.009,0.020,0.009,0.007,0.014,0.008,0.007,0.008,0.006,0.005,0.007,0.007,0.006,0.011,0.012,0.017,0.009,0.004,0.008,0.014,0.003,0.014,0.017,0.000,0.007,0.010,0.000,0.014,0.003,0.003,0.007,0.008,0.010,0.011,0.009,0.015,0.006,0.012,0.001,0.002,0.008,0.008,0.010,0.017,0.006,0.008,0.065,0.159,0.143,0.096,0.129,0.142,0.186,0.145,0.027,0.019,0.023,0.024,0.021,0.016,0.016,0.015,0.123,0.121,0.104,0.156,0.128,0.109,0.106,0.034,0.051,0.044,0.017,0.023,0.022,0.015,0.035,0.034,0.034,0.012,0.029,0.018,0.019,0.031,0.149,0.114,0.144,0.083,0.139,0.131,0.131,0.142,0.065,0.035,0.049,0.077,0.067,0.054,0.079,0.053,0.110,0.071,0.060,0.075,0.049,0.075,0.067,0.071,0.065,0.058,0.064,0.066,0.035,0.063,0.018,0.055,0.037,0.035,0.009,0.032,0.015,0.021,0.022,0.019,0.032,0.012,0.006,0.013,0.168,0.002,0.013,0.087,0.117,0.013,0.021,0.027,0.035,0.025,0.031,0.013,0.032,0.073,0.118,0.081,0.089,0.090,0.120,0.141,0.091,0.078,0.111,0.097,0.105,0.090,0.102,0.095,0.085,0.086,0.082,0.103
RAM036-F,0.090,0.111,0.114,0.063,0.119,0.109,0.025,0.054,0.086,0.051,0.078,0.056,0.071,0.046,0.068,0.065,0.052,0.069,0.079,0.062,0.084,0.060,0.044,0.044,0.055,0.057,0.063,0.059,0.065,0.063,0.055,0.065,0.069,0.075,0.027,0.034,0.015,0.010,0.011,0.016,0.067,0.107,0.182,0.180,0.133,0.124,0.114,0.154,0.143,0.151,0.135,0.171,0.136,0.149,0.108,0.149,0.150,0.139,0.160,0.149,0.087,0.108,0.115,0.095,0.152,0.119,0.162,0.078,0.087,0.071,0.054,0.066,0.078,0.094,0.067,0.063,0.071,0.024,0.031,0.033,0.037,0.052,0.030,0.004,0.112,0.002,0.001,0.170,0.020,0.002,0.071,0.011,0.004,0.005,0.015,0.010,0.170,0.012,0.002,0.003,0.002,0.011,0.016,0.003,0.007,0.005,0.004,0.003,0.004,0.008,0.006,0.021,0.011,0.013,0.001,0.040,0.005,0.006,0.002,0.039,0.002,0.005,0.010,0.003,0.010,0.008,0.009,0.008,0.004,0.004,0.008,0.003,0.010,0.010,0.020,0.005,0.028,0.002,0.013,0.016,0.011,0.001,0.000,0.004,0.006,0.002,0.009,0.010,0.012,0.013,0.000,0.001,0.012,0.005,0.005,0.003,0.008,0.006,0.006,0.003,0.005,0.009,0.004,0.004,0.016,0.001,0.003,0.006,0.001,0.007,0.029,0.008,0.022,0.008,0.002,0.003,0.004,0.002,0.018,0.003,0.022,0.004,0.009,0.010,0.008,0.000,0.005,0.007,0.007,0.004,0.004,0.004,0.005,0.006,0.013,0.008,0.003,0.005,0.009,0.011,0.011,0.016,0.007,0.004,0.017,0.145,0.018,0.018,0.009,0.016,0.015,0.001,0.010,0.156,0.003,0.011,0.011,0.018,0.018,0.162,0.147,0.009,0.000,0.009,0.016,0.011,0.003,0.013,0.137,0.154,0.008,0.018,0.016,0.139,0.155,0.005,0.004,0.011,0.013,0.010,0.005,0.009,0.119,0.143,0.003,0.010,0.020,0.012,0.005,0.012,0.127,0.008,0.005,0.016,0.012,0.003,0.174,0.013,0.008,0.004,0.008,0.023,0.013,0.014,0.003,0.007,0.004,0.012,0.001,0.019,0.012,0.005,0.009,0.007,0.024,0.006,0.006,0.022,0.005,0.007,0.040,0.019,0.010,0.011,0.006,0.011,0.002,0.006,0.003,0.001,0.003,0.007,0.021,0.006,0.022,0.006,0.003,0.002,0.007,0.009,0.012,0.017,0.001,0.002,0.016,0.007,0.008,0.004,0.002,0.005,0.004,0.005,0.007,0.005,0.012,0.008,0.013,0.003,0.001,0.011,0.005,0.011,0.012,0.004,0.005,0.123,0.143,0.129,0.130,0.118,0.120,0.127,0.119,0.006,0.020,0.025,0.035,0.016,0.020,0.018,0.018,0.137,0.144,0.121,0.116,0.130,0.088,0.124,0.035,0.025,0.037,0.026,0.025,0.029,0.016,0.066,0.015,0.016,0.017,0.025,0.041,0.031,0.018,0.125,0.117,0.153,0.083,0.118,0.153,0.123,0.142,0.081,0.069,0.064,0.075,0.099,0.036,0.090,0.067,0.058,0.078,0.059,0.089,0.046,0.064,0.058,0.060,0.051,0.058,0.053,0.118,0.027,0.044,0.056,0.032,0.046,0.028,0.022,0.022,0.064,0.015,0.017,0.021,0.017,0.017,0.003,0.016,0.134,0.004,0.016,0.060,0.081,0.021,0.042,0.028,0.037,0.053,0.023,0.015,0.045,0.078,0.077,0.106,0.097,0.135,0.121,0.105,0.106,0.108,0.136,0.087,0.096,0.104,0.104,0.137,0.111,0.123,0.079,0.114
RAM038,0.063,0.062,0.093,0.083,0.105,0.100,0.028,0.053,0.088,0.054,0.065,0.056,0.056,0.054,0.057,0.057,0.085,0.059,0.080,0.072,0.068,0.068,0.077,0.049,0.061,0.077,0.051,0.100,0.087,0.049,0.076,0.046,0.065,0.082,0.025,0.034,0.016,0.037,0.037,0.036,0.065,0.070,0.132,0.149,0.136,0.122,0.113,0.158,0.166,0.145,0.138,0.132,0.141,0.137,0.134,0.153,0.150,0.122,0.173,0.113,0.126,0.154,0.134,0.118,0.145,0.118,0.116,0.080,0.086,0.083,0.072,0.070,0.089,0.072,0.078,0.065,0.088,0.039,0.033,0.026,0.036,0.053,0.036,0.007,0.117,0.005,0.005,0.169,0.020,0.004,0.099,0.015,0.008,0.007,0.011,0.019,0.166,0.016,0.002,0.004,0.005,0.011,0.012,0.001,0.018,0.011,0.006,0.004,0.002,0.009,0.011,0.020,0.027,0.032,0.000,0.016,0.007,0.006,0.004,0.008,0.004,0.009,0.016,0.004,0.023,0.009,0.023,0.001,0.006,0.012,0.019,0.006,0.019,0.020,0.027,0.029,0.035,0.002,0.022,0.018,0.030,0.003,0.003,0.002,0.007,0.002,0.018,0.017,0.025,0.027,0.006,0.002,0.016,0.006,0.011,0.007,0.001,0.014,0.006,0.004,0.006,0.011,0.012,0.003,0.013,0.002,0.003,0.004,0.009,0.007,0.028,0.006,0.026,0.019,0.004,0.008,0.005,0.008,0.014,0.007,0.031,0.012,0.020,0.015,0.009,0.002,0.005,0.018,0.010,0.006,0.004,0.010,0.006,0.010,0.013,0.012,0.007,0.008,0.018,0.020,0.023,0.025,0.015,0.005,0.031,0.173,0.023,0.016,0.018,0.019,0.013,0.003,0.024,0.139,0.004,0.012,0.009,0.011,0.019,0.137,0.163,0.008,0.006,0.018,0.022,0.013,0.011,0.016,0.122,0.187,0.015,0.035,0.009,0.135,0.127,0.021,0.004,0.018,0.033,0.025,0.017,0.024,0.170,0.160,0.007,0.012,0.030,0.027,0.014,0.017,0.145,0.017,0.017,0.026,0.019,0.001,0.139,0.013,0.016,0.004,0.010,0.017,0.013,0.014,0.005,0.015,0.007,0.009,0.009,0.009,0.018,0.007,0.015,0.010,0.013,0.008,0.013,0.017,0.008,0.008,0.029,0.016,0.002,0.007,0.016,0.013,0.002,0.002,0.003,0.001,0.010,0.007,0.008,0.013,0.017,0.006,0.007,0.005,0.009,0.003,0.014,0.010,0.001,0.004,0.013,0.000,0.017,0.006,0.003,0.008,0.007,0.009,0.014,0.003,0.014,0.029,0.019,0.007,0.007,0.004,0.010,0.009,0.017,0.011,0.007,0.085,0.172,0.152,0.120,0.136,0.144,0.166,0.099,0.015,0.014,0.021,0.015,0.013,0.011,0.013,0.008,0.132,0.160,0.095,0.102,0.148,0.114,0.112,0.022,0.019,0.030,0.020,0.016,0.023,0.019,0.025,0.014,0.013,0.012,0.022,0.025,0.029,0.015,0.127,0.108,0.174,0.077,0.177,0.118,0.133,0.159,0.098,0.077,0.088,0.100,0.079,0.054,0.080,0.082,0.069,0.080,0.041,0.104,0.053,0.053,0.094,0.075,0.066,0.123,0.080,0.073,0.043,0.032,0.027,0.038,0.044,0.042,0.014,0.030,0.024,0.030,0.025,0.018,0.015,0.015,0.007,0.021,0.157,0.000,0.019,0.042,0.079,0.016,0.030,0.037,0.045,0.032,0.032,0.012,0.051,0.053,0.121,0.076,0.121,0.104,0.122,0.098,0.169,0.110,0.134,0.109,0.143,0.149,0.137,0.138,0.112,0.115,0.118,0.116
RAM039-F,0.103,0.112,0.088,0.091,0.110,0.133,0.024,0.062,0.087,0.047,0.059,0.057,0.070,0.044,0.039,0.075,0.052,0.050,0.118,0.150,0.075,0.138,0.091,0.048,0.072,0.094,0.079,0.049,0.112,0.070,0.082,0.064,0.051,0.087,0.017,0.031,0.012,0.015,0.012,0.017,0.084,0.096,0.186,0.198,0.186,0.144,0.165,0.216,0.231,0.185,0.174,0.189,0.190,0.178,0.221,0.172,0.173,0.152,0.183,0.180,0.176,0.183,0.213,0.171,0.242,0.175,0.176,0.120,0.122,0.088,0.093,0.101,0.079,0.102,0.069,0.070,0.105,0.038,0.038,0.031,0.033,0.038,0.029,0.004,0.146,0.001,0.002,0.210,0.013,0.004,0.117,0.017,0.005,0.004,0.012,0.017,0.240,0.010,0.002,0.002,0.009,0.016,0.010,0.001,0.012,0.010,0.001,0.001,0.000,0.006,0.012,0.016,0.018,0.025,0.002,0.011,0.005,0.005,0.001,0.017,0.001,0.003,0.007,0.001,0.020,0.008,0.019,0.003,0.006,0.005,0.010,0.006,0.006,0.009,0.012,0.021,0.015,0.001,0.020,0.012,0.017,0.001,0.000,0.003,0.003,0.007,0.010,0.015,0.018,0.024,0.001,0.005,0.016,0.001,0.008,0.003,0.002,0.012,0.002,0.001,0.002,0.006,0.002,0.003,0.011,0.004,0.005,0.002,0.001,0.007,0.028,0.004,0.012,0.009,0.001,0.000,0.004,0.004,0.009,0.007,0.025,0.001,0.012,0.009,0.007,0.004,0.001,0.019,0.005,0.001,0.002,0.010,0.004,0.003,0.012,0.005,0.006,0.004,0.009,0.008,0.014,0.016,0.004,0.004,0.020,0.163,0.011,0.013,0.016,0.011,0.014,0.002,0.015,0.209,0.006,0.009,0.006,0.012,0.008,0.217,0.211,0.005,0.007,0.021,0.008,0.010,0.006,0.019,0.230,0.234,0.012,0.017,0.008,0.213,0.247,0.011,0.006,0.007,0.011,0.012,0.018,0.012,0.187,0.159,0.005,0.008,0.028,0.017,0.006,0.018,0.242,0.011,0.015,0.012,0.010,0.000,0.201,0.013,0.010,0.002,0.005,0.010,0.014,0.012,0.003,0.011,0.005,0.008,0.007,0.022,0.013,0.001,0.003,0.004,0.014,0.008,0.003,0.024,0.003,0.006,0.009,0.015,0.003,0.009,0.015,0.006,0.005,0.006,0.001,0.002,0.005,0.003,0.007,0.018,0.012,0.005,0.001,0.004,0.006,0.005,0.007,0.017,0.003,0.000,0.014,0.002,0.016,0.003,0.002,0.010,0.004,0.006,0.011,0.003,0.012,0.017,0.012,0.002,0.002,0.005,0.006,0.004,0.012,0.002,0.003,0.081,0.218,0.215,0.195,0.213,0.191,0.210,0.169,0.007,0.013,0.023,0.020,0.013,0.007,0.014,0.010,0.204,0.181,0.150,0.141,0.215,0.117,0.178,0.014,0.019,0.026,0.014,0.016,0.010,0.025,0.022,0.007,0.012,0.011,0.027,0.013,0.025,0.012,0.203,0.123,0.229,0.119,0.160,0.150,0.157,0.216,0.126,0.086,0.088,0.169,0.046,0.082,0.071,0.040,0.060,0.089,0.084,0.105,0.050,0.087,0.087,0.052,0.064,0.097,0.060,0.095,0.033,0.042,0.035,0.030,0.032,0.048,0.008,0.009,0.024,0.009,0.017,0.018,0.013,0.011,0.003,0.016,0.167,0.000,0.013,0.092,0.103,0.015,0.030,0.032,0.027,0.035,0.031,0.012,0.033,0.086,0.143,0.127,0.141,0.179,0.157,0.136,0.144,0.146,0.142,0.143,0.160,0.156,0.144,0.174,0.138,0.166,0.092,0.115
RAM041-F,0.107,0.109,0.117,0.085,0.112,0.101,0.019,0.047,0.082,0.066,0.071,0.067,0.048,0.063,0.087,0.048,0.039,0.044,0.045,0.043,0.064,0.053,0.082,0.048,0.051,0.045,0.076,0.066,0.048,0.060,0.079,0.076,0.072,0.050,0.015,0.020,0.006,0.008,0.017,0.009,0.079,0.107,0.159,0.171,0.201,0.193,0.211,0.190,0.196,0.185,0.169,0.198,0.129,0.210,0.195,0.187,0.194,0.225,0.167,0.158,0.203,0.212,0.180,0.241,0.195,0.187,0.218,0.091,0.075,0.047,0.094,0.060,0.100,0.127,0.078,0.102,0.116,0.037,0.027,0.053,0.044,0.027,0.041,0.002,0.075,0.001,0.003,0.135,0.002,0.004,0.083,0.006,0.002,0.002,0.012,0.011,0.178,0.002,0.003,0.004,0.006,0.011,0.012,0.003,0.016,0.003,0.006,0.003,0.002,0.003,0.003,0.009,0.011,0.008,0.003,0.008,0.005,0.001,0.004,0.011,0.002,0.003,0.009,0.004,0.007,0.005,0.004,0.002,0.006,0.009,0.001,0.006,0.015,0.008,0.009,0.015,0.006,0.002,0.008,0.007,0.009,0.002,0.001,0.004,0.003,0.001,0.008,0.005,0.007,0.008,0.002,0.001,0.002,0.003,0.000,0.001,0.002,0.004,0.002,0.002,0.004,0.009,0.009,0.002,0.005,0.002,0.004,0.006,0.002,0.003,0.014,0.002,0.013,0.016,0.002,0.002,0.001,0.002,0.009,0.003,0.009,0.001,0.011,0.014,0.010,0.001,0.003,0.004,0.016,0.005,0.001,0.005,0.005,0.004,0.010,0.008,0.004,0.004,0.013,0.010,0.013,0.021,0.003,0.002,0.010,0.223,0.004,0.017,0.003,0.006,0.019,0.002,0.007,0.218,0.002,0.008,0.005,0.008,0.010,0.225,0.234,0.006,0.005,0.011,0.006,0.005,0.002,0.010,0.183,0.234,0.003,0.010,0.006,0.168,0.158,0.005,0.004,0.006,0.008,0.004,0.006,0.006,0.197,0.183,0.001,0.005,0.017,0.008,0.005,0.007,0.185,0.002,0.005,0.002,0.007,0.003,0.217,0.003,0.002,0.004,0.005,0.010,0.006,0.008,0.007,0.007,0.005,0.008,0.004,0.014,0.004,0.003,0.006,0.003,0.008,0.004,0.008,0.016,0.004,0.004,0.019,0.004,0.009,0.010,0.004,0.007,0.002,0.002,0.002,0.003,0.006,0.005,0.004,0.007,0.005,0.001,0.001,0.004,0.008,0.003,0.006,0.006,0.002,0.004,0.012,0.001,0.013,0.001,0.001,0.005,0.005,0.004,0.005,0.004,0.002,0.006,0.005,0.001,0.002,0.014,0.008,0.005,0.013,0.006,0.010,0.079,0.204,0.185,0.163,0.226,0.169,0.255,0.181,0.008,0.010,0.015,0.017,0.006,0.019,0.010,0.007,0.197,0.212,0.181,0.144,0.223,0.151,0.147,0.022,0.012,0.016,0.016,0.005,0.013,0.014,0.014,0.012,0.015,0.008,0.013,0.016,0.017,0.018,0.241,0.111,0.176,0.108,0.185,0.216,0.079,0.194,0.076,0.036,0.067,0.095,0.070,0.046,0.052,0.106,0.043,0.053,0.047,0.057,0.031,0.053,0.057,0.056,0.107,0.064,0.109,0.101,0.035,0.024,0.020,0.049,0.032,0.029,0.010,0.017,0.010,0.015,0.015,0.014,0.008,0.013,0.002,0.014,0.209,0.002,0.005,0.106,0.126,0.007,0.013,0.021,0.015,0.023,0.018,0.019,0.015,0.087,0.101,0.126,0.093,0.132,0.119,0.095,0.100,0.108,0.091,0.091,0.062,0.073,0.085,0.102,0.113,0.131,0.093,0.132
RAM043-F,0.087,0.103,0.103,0.066,0.080,0.132,0.012,0.078,0.068,0.048,0.055,0.069,0.058,0.048,0.066,0.076,0.060,0.068,0.075,0.055,0.070,0.070,0.058,0.038,0.047,0.063,0.077,0.054,0.052,0.049,0.064,0.084,0.070,0.066,0.017,0.023,0.013,0.010,0.014,0.021,0.083,0.081,0.162,0.195,0.149,0.184,0.156,0.170,0.199,0.167,0.208,0.181,0.166,0.199,0.164,0.161,0.161,0.185,0.184,0.183,0.157,0.147,0.145,0.145,0.210,0.216,0.185,0.080,0.095,0.101,0.112,0.069,0.109,0.091,0.088,0.095,0.074,0.031,0.022,0.012,0.044,0.018,0.025,0.007,0.113,0.005,0.004,0.181,0.019,0.007,0.094,0.012,0.010,0.004,0.008,0.023,0.162,0.015,0.006,0.005,0.005,0.016,0.009,0.007,0.012,0.009,0.011,0.001,0.002,0.010,0.013,0.012,0.015,0.007,0.004,0.015,0.005,0.006,0.006,0.017,0.001,0.003,0.011,0.002,0.015,0.010,0.013,0.002,0.011,0.013,0.014,0.005,0.014,0.011,0.018,0.012,0.018,0.004,0.021,0.017,0.012,0.007,0.001,0.005,0.008,0.006,0.011,0.010,0.013,0.009,0.001,0.003,0.006,0.001,0.011,0.004,0.001,0.005,0.011,0.009,0.008,0.014,0.009,0.008,0.014,0.002,0.002,0.007,0.006,0.006,0.009,0.001,0.010,0.005,0.002,0.003,0.007,0.005,0.007,0.004,0.020,0.005,0.009,0.013,0.010,0.003,0.011,0.006,0.011,0.005,0.002,0.007,0.007,0.008,0.016,0.006,0.008,0.004,0.005,0.014,0.013,0.016,0.007,0.003,0.027,0.196,0.019,0.014,0.011,0.019,0.012,0.003,0.017,0.171,0.002,0.014,0.008,0.010,0.014,0.153,0.194,0.016,0.003,0.010,0.014,0.011,0.011,0.018,0.148,0.181,0.013,0.012,0.019,0.164,0.235,0.011,0.005,0.007,0.020,0.008,0.007,0.016,0.147,0.145,0.004,0.008,0.017,0.014,0.013,0.010,0.200,0.013,0.013,0.024,0.014,0.001,0.184,0.009,0.011,0.006,0.012,0.009,0.010,0.009,0.012,0.013,0.002,0.016,0.008,0.013,0.014,0.006,0.019,0.002,0.022,0.012,0.014,0.019,0.008,0.008,0.022,0.012,0.005,0.007,0.016,0.006,0.012,0.009,0.003,0.006,0.007,0.007,0.007,0.005,0.009,0.007,0.003,0.004,0.010,0.005,0.012,0.018,0.003,0.003,0.011,0.001,0.009,0.002,0.002,0.009,0.009,0.007,0.013,0.004,0.007,0.016,0.012,0.003,0.006,0.013,0.007,0.006,0.010,0.004,0.012,0.089,0.140,0.155,0.166,0.169,0.206,0.149,0.128,0.010,0.014,0.018,0.018,0.013,0.006,0.013,0.010,0.147,0.159,0.144,0.130,0.172,0.095,0.135,0.015,0.012,0.021,0.020,0.011,0.015,0.015,0.021,0.007,0.017,0.007,0.029,0.013,0.015,0.014,0.178,0.119,0.167,0.077,0.203,0.226,0.138,0.206,0.065,0.033,0.056,0.070,0.073,0.054,0.053,0.057,0.058,0.061,0.042,0.087,0.047,0.045,0.041,0.042,0.076,0.071,0.074,0.083,0.021,0.032,0.031,0.035,0.027,0.029,0.013,0.017,0.015,0.015,0.015,0.010,0.024,0.013,0.005,0.026,0.197,0.004,0.013,0.082,0.127,0.005,0.017,0.022,0.024,0.016,0.019,0.023,0.011,0.084,0.120,0.103,0.124,0.124,0.104,0.117,0.134,0.132,0.096,0.088,0.096,0.100,0.101,0.082,0.098,0.082,0.069,0.099
RAM045-F,0.070,0.087,0.094,0.097,0.124,0.099,0.022,0.062,0.072,0.034,0.060,0.077,0.071,0.063,0.063,0.058,0.071,0.046,0.080,0.123,0.099,0.065,0.042,0.062,0.070,0.077,0.070,0.053,0.123,0.084,0.077,0.070,0.119,0.088,0.019,0.042,0.012,0.048,0.039,0.034,0.091,0.095,0.173,0.164,0.153,0.151,0.166,0.205,0.181,0.145,0.161,0.171,0.128,0.199,0.193,0.178,0.182,0.165,0.155,0.189,0.155,0.142,0.156,0.162,0.191,0.175,0.198,0.111,0.088,0.108,0.074,0.073,0.070,0.083,0.085,0.070,0.096,0.040,0.034,0.031,0.047,0.047,0.049,0.006,0.106,0.001,0.004,0.196,0.010,0.007,0.097,0.009,0.004,0.007,0.010,0.023,0.214,0.010,0.012,0.007,0.012,0.028,0.016,0.004,0.014,0.005,0.004,0.004,0.004,0.004,0.011,0.017,0.023,0.009,0.002,0.026,0.010,0.007,0.000,0.017,0.002,0.004,0.011,0.005,0.010,0.010,0.008,0.002,0.006,0.009,0.015,0.008,0.009,0.016,0.019,0.028,0.044,0.000,0.012,0.016,0.012,0.003,0.002,0.006,0.005,0.007,0.027,0.018,0.016,0.016,0.001,0.007,0.004,0.005,0.012,0.006,0.003,0.007,0.010,0.001,0.005,0.006,0.003,0.006,0.009,0.007,0.008,0.008,0.006,0.010,0.038,0.003,0.025,0.012,0.003,0.001,0.006,0.003,0.014,0.005,0.039,0.003,0.031,0.012,0.008,0.004,0.006,0.009,0.010,0.004,0.000,0.010,0.008,0.007,0.007,0.016,0.006,0.007,0.011,0.015,0.015,0.013,0.010,0.003,0.041,0.159,0.022,0.021,0.010,0.014,0.013,0.004,0.026,0.151,0.009,0.015,0.002,0.020,0.019,0.177,0.187,0.015,0.011,0.016,0.010,0.009,0.006,0.016,0.176,0.167,0.030,0.016,0.012,0.171,0.172,0.021,0.008,0.010,0.024,0.023,0.015,0.013,0.153,0.132,0.002,0.006,0.024,0.017,0.008,0.015,0.178,0.011,0.018,0.010,0.015,0.003,0.180,0.006,0.010,0.008,0.009,0.023,0.015,0.005,0.008,0.014,0.006,0.004,0.005,0.025,0.014,0.001,0.004,0.004,0.018,0.013,0.012,0.033,0.006,0.006,0.024,0.014,0.001,0.012,0.009,0.007,0.008,0.005,0.005,0.004,0.010,0.009,0.015,0.013,0.022,0.008,0.006,0.009,0.011,0.003,0.014,0.017,0.002,0.004,0.016,0.000,0.025,0.001,0.003,0.011,0.006,0.008,0.010,0.008,0.014,0.013,0.019,0.001,0.003,0.011,0.010,0.006,0.022,0.007,0.008,0.081,0.139,0.143,0.162,0.176,0.178,0.151,0.104,0.013,0.018,0.026,0.020,0.020,0.012,0.018,0.009,0.160,0.155,0.132,0.145,0.161,0.136,0.125,0.017,0.025,0.037,0.015,0.015,0.019,0.035,0.031,0.008,0.010,0.013,0.022,0.019,0.031,0.015,0.179,0.125,0.162,0.083,0.157,0.160,0.138,0.169,0.090,0.055,0.078,0.088,0.065,0.081,0.067,0.072,0.062,0.068,0.094,0.101,0.059,0.047,0.100,0.180,0.076,0.087,0.108,0.083,0.055,0.041,0.033,0.050,0.044,0.022,0.010,0.019,0.044,0.029,0.021,0.030,0.012,0.013,0.006,0.017,0.194,0.002,0.012,0.119,0.100,0.018,0.050,0.042,0.068,0.043,0.052,0.014,0.065,0.083,0.176,0.153,0.132,0.156,0.162,0.139,0.128,0.126,0.132,0.143,0.100,0.120,0.116,0.122,0.116,0.144,0.095,0.109
RAM067,0.074,0.105,0.127,0.075,0.110,0.085,0.030,0.055,0.063,0.059,0.053,0.063,0.078,0.068,0.062,0.060,0.067,0.090,0.056,0.070,0.075,0.062,0.045,0.039,0.073,0.073,0.069,0.059,0.082,0.080,0.082,0.082,0.080,0.072,0.036,0.029,0.024,0.025,0.022,0.027,0.075,0.069,0.142,0.146,0.126,0.133,0.130,0.152,0.145,0.128,0.166,0.156,0.156,0.181,0.163,0.129,0.147,0.160,0.159,0.152,0.166,0.152,0.124,0.140,0.133,0.130,0.167,0.103,0.092,0.101,0.050,0.084,0.069,0.089,0.082,0.071,0.076,0.027,0.039,0.036,0.057,0.028,0.018,0.003,0.094,0.000,0.006,0.203,0.015,0.015,0.098,0.014,0.000,0.003,0.017,0.033,0.162,0.020,0.007,0.006,0.009,0.034,0.013,0.006,0.018,0.003,0.002,0.010,0.006,0.009,0.010,0.024,0.027,0.016,0.002,0.032,0.012,0.012,0.003,0.025,0.002,0.005,0.015,0.005,0.017,0.013,0.013,0.002,0.013,0.014,0.013,0.004,0.016,0.025,0.025,0.022,0.035,0.001,0.018,0.017,0.020,0.006,0.003,0.005,0.009,0.002,0.029,0.014,0.020,0.016,0.004,0.003,0.006,0.004,0.006,0.006,0.007,0.007,0.009,0.004,0.003,0.017,0.005,0.005,0.014,0.004,0.007,0.008,0.004,0.006,0.024,0.003,0.034,0.015,0.004,0.005,0.007,0.005,0.021,0.007,0.039,0.005,0.024,0.005,0.010,0.002,0.009,0.008,0.020,0.006,0.000,0.013,0.011,0.007,0.021,0.023,0.010,0.005,0.016,0.012,0.020,0.021,0.011,0.003,0.033,0.162,0.022,0.030,0.012,0.027,0.016,0.005,0.024,0.131,0.007,0.021,0.008,0.024,0.023,0.165,0.179,0.026,0.009,0.015,0.013,0.009,0.004,0.017,0.158,0.166,0.027,0.023,0.014,0.159,0.128,0.032,0.005,0.017,0.019,0.012,0.013,0.017,0.124,0.147,0.005,0.011,0.030,0.018,0.009,0.026,0.143,0.015,0.014,0.014,0.012,0.006,0.159,0.003,0.014,0.010,0.008,0.017,0.020,0.010,0.005,0.023,0.009,0.011,0.007,0.018,0.015,0.005,0.014,0.012,0.024,0.015,0.013,0.031,0.017,0.006,0.042,0.023,0.001,0.011,0.007,0.012,0.003,0.009,0.005,0.002,0.011,0.009,0.009,0.009,0.026,0.008,0.002,0.006,0.020,0.003,0.022,0.014,0.005,0.009,0.019,0.000,0.029,0.004,0.002,0.017,0.004,0.009,0.021,0.005,0.020,0.011,0.014,0.001,0.001,0.013,0.016,0.007,0.027,0.007,0.011,0.081,0.121,0.143,0.163,0.156,0.167,0.158,0.108,0.020,0.021,0.023,0.025,0.014,0.015,0.019,0.012,0.145,0.162,0.148,0.154,0.141,0.137,0.133,0.031,0.033,0.042,0.029,0.019,0.025,0.038,0.048,0.020,0.025,0.018,0.025,0.020,0.017,0.015,0.167,0.109,0.115,0.084,0.136,0.173,0.129,0.169,0.052,0.041,0.068,0.075,0.101,0.079,0.067,0.069,0.080,0.078,0.070,0.064,0.056,0.059,0.209,0.064,0.072,0.065,0.119,0.076,0.050,0.035,0.030,0.033,0.050,0.031,0.020,0.022,0.029,0.027,0.021,0.031,0.024,0.023,0.002,0.020,0.181,0.005,0.017,0.104,0.121,0.014,0.026,0.038,0.042,0.034,0.037,0.025,0.041,0.074,0.124,0.128,0.134,0.143,0.166,0.131,0.100,0.117,0.118,0.097,0.116,0.087,0.103,0.120,0.087,0.138,0.083,0.123
RAM087,0.110,0.094,0.124,0.090,0.100,0.114,0.016,0.074,0.084,0.063,0.045,0.057,0.070,0.052,0.069,0.074,0.047,0.057,0.074,0.064,0.072,0.071,0.095,0.040,0.058,0.079,0.070,0.079,0.074,0.058,0.091,0.079,0.075,0.067,0.015,0.020,0.030,0.020,0.015,0.019,0.095,0.107,0.198,0.141,0.173,0.153,0.142,0.198,0.186,0.154,0.178,0.162,0.159,0.202,0.183,0.189,0.181,0.207,0.146,0.181,0.139,0.164,0.150,0.209,0.225,0.211,0.154,0.094,0.076,0.073,0.062,0.084,0.102,0.057,0.106,0.070,0.116,0.037,0.036,0.028,0.040,0.018,0.022,0.005,0.088,0.002,0.001,0.140,0.017,0.006,0.086,0.016,0.004,0.005,0.017,0.023,0.216,0.019,0.006,0.005,0.003,0.023,0.010,0.007,0.027,0.006,0.005,0.004,0.002,0.006,0.003,0.022,0.022,0.014,0.004,0.023,0.004,0.005,0.002,0.011,0.002,0.007,0.005,0.004,0.022,0.012,0.011,0.003,0.006,0.017,0.008,0.004,0.015,0.014,0.011,0.014,0.016,0.003,0.017,0.019,0.014,0.000,0.002,0.005,0.005,0.003,0.010,0.007,0.016,0.014,0.000,0.001,0.003,0.003,0.005,0.001,0.002,0.008,0.007,0.004,0.005,0.013,0.004,0.003,0.013,0.002,0.003,0.006,0.001,0.005,0.015,0.001,0.020,0.014,0.000,0.004,0.006,0.003,0.014,0.003,0.030,0.002,0.011,0.009,0.008,0.000,0.011,0.006,0.012,0.006,0.002,0.006,0.004,0.006,0.020,0.010,0.011,0.005,0.014,0.010,0.018,0.012,0.004,0.001,0.018,0.191,0.019,0.023,0.015,0.011,0.009,0.004,0.014,0.174,0.003,0.017,0.008,0.014,0.011,0.190,0.212,0.013,0.002,0.021,0.015,0.007,0.005,0.018,0.156,0.217,0.006,0.012,0.012,0.189,0.204,0.019,0.003,0.007,0.028,0.006,0.014,0.011,0.200,0.151,0.001,0.024,0.027,0.010,0.008,0.015,0.184,0.015,0.010,0.009,0.018,0.004,0.227,0.004,0.011,0.006,0.003,0.022,0.006,0.005,0.006,0.015,0.003,0.011,0.001,0.009,0.023,0.004,0.004,0.003,0.017,0.011,0.031,0.029,0.011,0.003,0.030,0.014,0.003,0.006,0.005,0.007,0.005,0.004,0.003,0.004,0.004,0.004,0.015,0.007,0.017,0.006,0.003,0.002,0.012,0.006,0.014,0.013,0.002,0.006,0.006,0.001,0.024,0.002,0.002,0.008,0.001,0.004,0.011,0.004,0.019,0.014,0.016,0.001,0.004,0.007,0.006,0.006,0.016,0.003,0.014,0.063,0.144,0.118,0.155,0.187,0.148,0.204,0.148,0.014,0.024,0.015,0.016,0.017,0.022,0.026,0.015,0.216,0.167,0.153,0.124,0.189,0.134,0.147,0.018,0.013,0.021,0.018,0.021,0.017,0.018,0.037,0.011,0.019,0.016,0.022,0.011,0.025,0.012,0.199,0.088,0.178,0.095,0.151,0.136,0.136,0.204,0.067,0.043,0.111,0.117,0.068,0.063,0.071,0.104,0.056,0.053,0.057,0.070,0.101,0.084,0.071,0.060,0.062,0.096,0.099,0.068,0.042,0.045,0.032,0.054,0.044,0.020,0.018,0.019,0.017,0.025,0.015,0.013,0.032,0.014,0.005,0.016,0.200,0.003,0.015,0.076,0.102,0.007,0.032,0.036,0.031,0.026,0.024,0.023,0.017,0.090,0.111,0.118,0.097,0.135,0.122,0.090,0.129,0.094,0.081,0.095,0.100,0.096,0.104,0.135,0.094,0.103,0.075,0.124
RAM105,0.078,0.096,0.112,0.074,0.100,0.148,0.021,0.079,0.139,0.067,0.065,0.046,0.077,0.054,0.084,0.075,0.074,0.090,0.090,0.060,0.126,0.098,0.086,0.083,0.049,0.084,0.107,0.076,0.074,0.060,0.094,0.070,0.084,0.062,0.024,0.018,0.010,0.015,0.018,0.016,0.070,0.107,0.167,0.196,0.184,0.173,0.153,0.231,0.181,0.139,0.158,0.212,0.153,0.268,0.222,0.154,0.203,0.200,0.185,0.166,0.182,0.177,0.194,0.178,0.215,0.155,0.260,0.082,0.095,0.094,0.104,0.082,0.113,0.081,0.101,0.085,0.167,0.031,0.041,0.062,0.050,0.036,0.034,0.005,0.081,0.002,0.005,0.183,0.007,0.003,0.102,0.013,0.005,0.008,0.015,0.013,0.209,0.007,0.007,0.004,0.005,0.010,0.017,0.004,0.013,0.011,0.013,0.005,0.003,0.006,0.001,0.019,0.018,0.020,0.001,0.009,0.009,0.004,0.004,0.007,0.001,0.009,0.013,0.001,0.013,0.010,0.014,0.002,0.005,0.006,0.008,0.005,0.019,0.007,0.007,0.031,0.022,0.002,0.013,0.013,0.017,0.002,0.002,0.004,0.005,0.004,0.021,0.007,0.013,0.012,0.001,0.003,0.011,0.004,0.009,0.002,0.003,0.005,0.004,0.003,0.007,0.007,0.007,0.004,0.006,0.004,0.006,0.015,0.001,0.004,0.020,0.002,0.015,0.016,0.002,0.001,0.005,0.007,0.010,0.004,0.007,0.003,0.009,0.014,0.007,0.003,0.007,0.013,0.007,0.002,0.001,0.006,0.006,0.006,0.012,0.010,0.008,0.004,0.018,0.009,0.010,0.033,0.007,0.002,0.012,0.184,0.006,0.017,0.014,0.005,0.016,0.003,0.013,0.172,0.005,0.008,0.002,0.007,0.016,0.194,0.205,0.007,0.006,0.017,0.007,0.008,0.005,0.018,0.141,0.225,0.013,0.029,0.018,0.179,0.174,0.009,0.006,0.009,0.026,0.006,0.013,0.007,0.198,0.181,0.000,0.006,0.019,0.024,0.005,0.010,0.210,0.007,0.007,0.012,0.014,0.002,0.182,0.006,0.005,0.007,0.004,0.019,0.009,0.004,0.013,0.008,0.004,0.006,0.007,0.009,0.007,0.002,0.010,0.005,0.015,0.009,0.012,0.017,0.003,0.006,0.020,0.010,0.005,0.005,0.018,0.008,0.006,0.006,0.004,0.002,0.009,0.007,0.016,0.016,0.015,0.003,0.003,0.004,0.010,0.002,0.008,0.008,0.003,0.002,0.010,0.001,0.015,0.001,0.001,0.003,0.006,0.010,0.010,0.007,0.017,0.015,0.009,0.001,0.002,0.009,0.010,0.009,0.013,0.003,0.005,0.088,0.200,0.205,0.168,0.213,0.162,0.204,0.148,0.009,0.010,0.019,0.028,0.013,0.020,0.010,0.006,0.185,0.175,0.118,0.131,0.208,0.179,0.149,0.026,0.027,0.028,0.010,0.021,0.014,0.008,0.027,0.015,0.020,0.011,0.019,0.005,0.027,0.014,0.212,0.149,0.200,0.104,0.180,0.203,0.152,0.193,0.113,0.086,0.077,0.177,0.060,0.037,0.101,0.075,0.048,0.056,0.105,0.100,0.058,0.075,0.076,0.055,0.090,0.128,0.110,0.097,0.044,0.060,0.036,0.035,0.039,0.031,0.008,0.039,0.018,0.021,0.007,0.016,0.020,0.009,0.003,0.009,0.201,0.002,0.011,0.090,0.147,0.014,0.016,0.019,0.023,0.019,0.013,0.007,0.026,0.086,0.143,0.135,0.116,0.152,0.112,0.119,0.198,0.107,0.135,0.150,0.168,0.159,0.165,0.172,0.125,0.120,0.108,0.146
SLD-TBR-001,0.085,0.083,0.127,0.092,0.096,0.091,0.010,0.060,0.079,0.070,0.062,0.048,0.072,0.034,0.051,0.080,0.063,0.077,0.051,0.070,0.075,0.046,0.089,0.033,0.059,0.069,0.043,0.046,0.064,0.049,0.031,0.048,0.062,0.056,0.009,0.014,0.009,0.019,0.023,0.014,0.089,0.085,0.125,0.168,0.157,0.166,0.142,0.169,0.150,0.149,0.168,0.161,0.150,0.165,0.148,0.143,0.165,0.152,0.150,0.142,0.137,0.196,0.151,0.148,0.160,0.170,0.214,0.116,0.086,0.094,0.102,0.050,0.093,0.091,0.097,0.092,0.088,0.025,0.045,0.024,0.056,0.037,0.039,0.004,0.091,0.001,0.002,0.180,0.005,0.003,0.112,0.003,0.003,0.003,0.007,0.015,0.152,0.006,0.003,0.003,0.003,0.013,0.005,0.003,0.012,0.004,0.004,0.002,0.001,0.002,0.007,0.010,0.010,0.007,0.004,0.013,0.004,0.004,0.002,0.019,0.001,0.003,0.003,0.002,0.012,0.008,0.006,0.001,0.004,0.010,0.004,0.002,0.010,0.007,0.009,0.015,0.015,0.001,0.014,0.009,0.004,0.002,0.001,0.004,0.004,0.000,0.010,0.006,0.008,0.008,0.000,0.002,0.003,0.004,0.003,0.003,0.002,0.002,0.004,0.004,0.002,0.006,0.007,0.002,0.006,0.002,0.001,0.003,0.001,0.004,0.015,0.001,0.009,0.008,0.001,0.004,0.004,0.005,0.009,0.003,0.025,0.001,0.008,0.008,0.006,0.001,0.005,0.006,0.008,0.004,0.001,0.004,0.004,0.004,0.014,0.004,0.006,0.007,0.011,0.009,0.008,0.013,0.008,0.001,0.016,0.173,0.005,0.010,0.009,0.010,0.011,0.002,0.009,0.149,0.002,0.015,0.002,0.013,0.009,0.145,0.178,0.008,0.003,0.013,0.013,0.008,0.005,0.012,0.145,0.185,0.009,0.008,0.012,0.161,0.165,0.011,0.002,0.004,0.017,0.005,0.009,0.005,0.172,0.149,0.002,0.004,0.020,0.013,0.008,0.013,0.173,0.003,0.009,0.008,0.012,0.003,0.174,0.006,0.003,0.005,0.003,0.009,0.004,0.010,0.004,0.011,0.003,0.009,0.005,0.017,0.006,0.003,0.004,0.004,0.013,0.006,0.008,0.031,0.004,0.003,0.040,0.005,0.002,0.002,0.004,0.005,0.005,0.002,0.002,0.004,0.004,0.006,0.015,0.004,0.009,0.004,0.002,0.001,0.007,0.005,0.006,0.008,0.004,0.004,0.012,0.001,0.015,0.003,0.003,0.006,0.002,0.005,0.007,0.005,0.007,0.004,0.005,0.001,0.002,0.009,0.005,0.006,0.010,0.006,0.009,0.064,0.154,0.162,0.155,0.168,0.157,0.165,0.143,0.009,0.013,0.018,0.012,0.009,0.016,0.014,0.007,0.152,0.156,0.144,0.141,0.147,0.087,0.147,0.020,0.011,0.012,0.011,0.016,0.014,0.020,0.019,0.014,0.015,0.010,0.017,0.011,0.015,0.018,0.168,0.117,0.148,0.080,0.147,0.202,0.113,0.153,0.050,0.048,0.057,0.071,0.049,0.039,0.054,0.075,0.037,0.038,0.048,0.044,0.071,0.055,0.068,0.070,0.068,0.079,0.119,0.113,0.033,0.044,0.027,0.039,0.037,0.019,0.010,0.012,0.020,0.019,0.013,0.013,0.016,0.017,0.002,0.014,0.146,0.003,0.009,0.103,0.116,0.005,0.023,0.020,0.029,0.041,0.029,0.019,0.022,0.101,0.124,0.123,0.141,0.126,0.127,0.109,0.132,0.117,0.128,0.117,0.135,0.114,0.108,0.143,0.133,0.132,0.079,0.141
SLD-TBR-022,0.112,0.112,0.126,0.080,0.111,0.130,0.013,0.084,0.100,0.068,0.068,0.060,0.062,0.058,0.088,0.074,0.077,0.076,0.056,0.061,0.059,0.059,0.071,0.060,0.053,0.054,0.070,0.046,0.054,0.050,0.046,0.052,0.053,0.063,0.018,0.028,0.012,0.006,0.010,0.012,0.095,0.124,0.185,0.209,0.191,0.171,0.171,0.204,0.171,0.183,0.171,0.193,0.169,0.195,0.202,0.136,0.213,0.191,0.164,0.174,0.186,0.172,0.193,0.181,0.179,0.158,0.224,0.118,0.117,0.098,0.112,0.066,0.093,0.093,0.068,0.090,0.098,0.032,0.034,0.039,0.044,0.029,0.027,0.002,0.105,0.002,0.001,0.215,0.013,0.003,0.113,0.008,0.005,0.003,0.017,0.008,0.200,0.006,0.002,0.002,0.003,0.012,0.005,0.003,0.010,0.003,0.005,0.003,0.002,0.010,0.006,0.015,0.014,0.011,0.003,0.006,0.003,0.003,0.002,0.011,0.001,0.003,0.010,0.002,0.010,0.008,0.005,0.007,0.006,0.005,0.005,0.003,0.011,0.007,0.009,0.013,0.009,0.002,0.009,0.009,0.007,0.000,0.000,0.003,0.004,0.001,0.012,0.007,0.007,0.008,0.001,0.001,0.005,0.002,0.003,0.002,0.007,0.003,0.004,0.002,0.003,0.006,0.007,0.002,0.012,0.002,0.003,0.004,0.002,0.002,0.024,0.004,0.013,0.009,0.001,0.004,0.005,0.003,0.009,0.003,0.012,0.004,0.006,0.014,0.006,0.001,0.005,0.006,0.005,0.002,0.002,0.004,0.004,0.001,0.013,0.003,0.007,0.004,0.014,0.006,0.010,0.027,0.008,0.001,0.015,0.200,0.007,0.007,0.010,0.009,0.018,0.002,0.009,0.175,0.001,0.009,0.010,0.016,0.009,0.200,0.223,0.008,0.002,0.016,0.010,0.012,0.004,0.010,0.213,0.202,0.003,0.009,0.008,0.176,0.181,0.008,0.002,0.006,0.006,0.006,0.004,0.008,0.193,0.172,0.002,0.006,0.022,0.017,0.005,0.009,0.167,0.005,0.006,0.013,0.007,0.003,0.215,0.010,0.004,0.007,0.003,0.020,0.005,0.009,0.006,0.009,0.003,0.011,0.003,0.014,0.007,0.001,0.006,0.003,0.015,0.008,0.005,0.024,0.004,0.003,0.019,0.012,0.009,0.011,0.004,0.004,0.003,0.002,0.003,0.002,0.003,0.004,0.005,0.004,0.011,0.003,0.003,0.002,0.008,0.007,0.011,0.011,0.001,0.005,0.008,0.004,0.007,0.002,0.002,0.004,0.002,0.005,0.005,0.004,0.012,0.007,0.010,0.002,0.002,0.012,0.005,0.007,0.015,0.001,0.005,0.073,0.182,0.200,0.166,0.192,0.168,0.200,0.122,0.007,0.017,0.022,0.018,0.014,0.014,0.015,0.021,0.165,0.171,0.134,0.158,0.191,0.101,0.156,0.025,0.030,0.034,0.023,0.024,0.018,0.013,0.020,0.016,0.018,0.006,0.027,0.014,0.031,0.021,0.206,0.113,0.192,0.120,0.183,0.218,0.136,0.192,0.083,0.066,0.039,0.057,0.057,0.055,0.042,0.044,0.040,0.085,0.040,0.070,0.066,0.060,0.053,0.049,0.048,0.069,0.116,0.071,0.035,0.047,0.025,0.047,0.037,0.023,0.009,0.017,0.016,0.012,0.014,0.021,0.016,0.006,0.003,0.019,0.168,0.001,0.008,0.111,0.134,0.017,0.018,0.021,0.025,0.029,0.012,0.012,0.020,0.101,0.163,0.158,0.145,0.177,0.145,0.151,0.148,0.158,0.126,0.153,0.149,0.134,0.138,0.141,0.164,0.152,0.094,0.142
SLW13,0.065,0.058,0.116,0.050,0.079,0.053,0.052,0.072,0.066,0.068,0.062,0.037,0.067,0.024,0.064,0.089,0.033,0.033,0.082,0.126,0.085,0.088,0.058,0.092,0.037,0.047,0.074,0.070,0.100,0.075,0.083,0.054,0.088,0.087,0.056,0.076,0.025,0.024,0.037,0.044,0.065,0.120,0.074,0.069,0.092,0.064,0.053,0.057,0.096,0.039,0.079,0.088,0.072,0.123,0.092,0.063,0.108,0.079,0.072,0.087,0.074,0.075,0.083,0.117,0.070,0.071,0.105,0.071,0.089,0.063,0.087,0.107,0.065,0.053,0.059,0.092,0.119,0.066,0.072,0.056,0.071,0.037,0.067,0.009,0.067,0.007,0.004,0.127,0.018,0.019,0.049,0.014,0.009,0.004,0.045,0.036,0.091,0.023,0.012,0.016,0.008,0.037,0.031,0.016,0.051,0.011,0.004,0.006,0.012,0.006,0.013,0.054,0.037,0.017,0.008,0.036,0.008,0.006,0.009,0.021,0.003,0.013,0.021,0.011,0.044,0.024,0.022,0.006,0.015,0.039,0.033,0.007,0.026,0.028,0.025,0.054,0.044,0.005,0.037,0.022,0.028,0.005,0.006,0.012,0.009,0.009,0.023,0.025,0.019,0.023,0.004,0.005,0.013,0.004,0.012,0.007,0.005,0.016,0.015,0.008,0.007,0.040,0.016,0.009,0.011,0.006,0.010,0.017,0.011,0.008,0.072,0.004,0.054,0.034,0.004,0.001,0.008,0.007,0.030,0.005,0.060,0.016,0.036,0.021,0.038,0.009,0.011,0.020,0.024,0.016,0.005,0.008,0.019,0.022,0.044,0.032,0.013,0.007,0.022,0.032,0.032,0.042,0.010,0.003,0.055,0.098,0.046,0.046,0.015,0.019,0.031,0.002,0.037,0.064,0.003,0.033,0.014,0.023,0.034,0.072,0.058,0.042,0.005,0.035,0.037,0.029,0.007,0.040,0.081,0.078,0.020,0.039,0.016,0.074,0.061,0.026,0.008,0.017,0.041,0.025,0.024,0.020,0.070,0.065,0.003,0.020,0.043,0.014,0.015,0.045,0.084,0.019,0.018,0.022,0.037,0.004,0.086,0.012,0.016,0.014,0.013,0.039,0.018,0.014,0.010,0.039,0.010,0.022,0.006,0.029,0.036,0.011,0.014,0.009,0.045,0.015,0.029,0.072,0.013,0.021,0.054,0.018,0.011,0.014,0.015,0.012,0.005,0.022,0.006,0.008,0.015,0.012,0.033,0.016,0.021,0.004,0.006,0.003,0.020,0.005,0.022,0.012,0.007,0.009,0.029,0.002,0.034,0.005,0.004,0.017,0.009,0.007,0.032,0.004,0.030,0.025,0.026,0.008,0.004,0.013,0.027,0.020,0.019,0.011,0.021,0.066,0.065,0.064,0.061,0.070,0.086,0.042,0.046,0.026,0.031,0.019,0.048,0.033,0.016,0.021,0.022,0.072,0.059,0.095,0.073,0.079,0.073,0.104,0.070,0.060,0.111,0.053,0.061,0.039,0.056,0.068,0.049,0.060,0.013,0.046,0.038,0.062,0.044,0.091,0.092,0.100,0.037,0.073,0.073,0.087,0.077,0.048,0.054,0.049,0.112,0.098,0.066,0.077,0.062,0.060,0.060,0.076,0.071,0.065,0.046,0.109,0.094,0.082,0.088,0.093,0.088,0.093,0.083,0.030,0.049,0.082,0.048,0.034,0.048,0.054,0.051,0.034,0.042,0.050,0.050,0.003,0.027,0.073,0.005,0.015,0.072,0.090,0.035,0.024,0.074,0.084,0.076,0.044,0.039,0.096,0.042,0.052,0.068,0.075,0.082,0.056,0.090,0.073,0.076,0.078,0.080,0.066,0.056,0.081,0.065,0.064,0.062,0.055,0.062
SLW36,0.076,0.094,0.127,0.090,0.118,0.129,0.033,0.068,0.084,0.073,0.079,0.071,0.108,0.066,0.120,0.086,0.093,0.086,0.068,0.106,0.106,0.065,0.046,0.121,0.077,0.111,0.110,0.066,0.047,0.070,0.046,0.067,0.105,0.046,0.066,0.073,0.020,0.024,0.020,0.035,0.098,0.161,0.142,0.136,0.132,0.133,0.128,0.128,0.130,0.160,0.145,0.143,0.140,0.150,0.159,0.137,0.177,0.123,0.111,0.127,0.090,0.153,0.175,0.112,0.127,0.138,0.124,0.108,0.087,0.090,0.068,0.115,0.145,0.087,0.123,0.082,0.112,0.058,0.077,0.081,0.040,0.067,0.060,0.004,0.103,0.006,0.000,0.182,0.015,0.010,0.112,0.028,0.003,0.003,0.047,0.027,0.180,0.010,0.004,0.004,0.004,0.022,0.025,0.013,0.022,0.006,0.005,0.000,0.009,0.007,0.009,0.046,0.033,0.046,0.005,0.026,0.009,0.011,0.005,0.017,0.002,0.008,0.018,0.009,0.034,0.013,0.027,0.002,0.007,0.017,0.010,0.002,0.010,0.013,0.020,0.049,0.026,0.004,0.054,0.021,0.025,0.002,0.003,0.009,0.012,0.006,0.023,0.010,0.010,0.024,0.005,0.002,0.018,0.004,0.001,0.006,0.003,0.005,0.012,0.009,0.005,0.027,0.009,0.006,0.015,0.006,0.005,0.008,0.002,0.006,0.061,0.002,0.044,0.011,0.001,0.005,0.010,0.008,0.016,0.002,0.029,0.012,0.016,0.020,0.018,0.001,0.011,0.027,0.013,0.005,0.006,0.008,0.016,0.007,0.030,0.022,0.012,0.008,0.012,0.016,0.012,0.067,0.012,0.000,0.036,0.127,0.010,0.038,0.025,0.021,0.017,0.004,0.032,0.141,0.005,0.023,0.007,0.017,0.030,0.131,0.157,0.024,0.004,0.035,0.021,0.021,0.012,0.039,0.142,0.185,0.021,0.061,0.038,0.114,0.166,0.017,0.003,0.010,0.032,0.010,0.021,0.011,0.163,0.147,0.003,0.016,0.033,0.044,0.013,0.023,0.127,0.015,0.018,0.041,0.025,0.006,0.141,0.007,0.016,0.009,0.011,0.043,0.010,0.013,0.005,0.021,0.011,0.019,0.010,0.029,0.016,0.004,0.017,0.013,0.049,0.013,0.012,0.032,0.010,0.006,0.037,0.013,0.004,0.010,0.021,0.014,0.005,0.009,0.009,0.004,0.004,0.006,0.035,0.027,0.039,0.009,0.004,0.002,0.027,0.003,0.019,0.021,0.003,0.007,0.012,0.001,0.033,0.005,0.006,0.013,0.001,0.007,0.025,0.014,0.044,0.022,0.019,0.004,0.006,0.013,0.018,0.009,0.015,0.013,0.015,0.091,0.157,0.160,0.153,0.139,0.145,0.183,0.119,0.026,0.032,0.025,0.062,0.028,0.032,0.026,0.019,0.127,0.163,0.132,0.120,0.170,0.106,0.129,0.059,0.092,0.102,0.032,0.051,0.044,0.028,0.065,0.045,0.056,0.027,0.070,0.016,0.043,0.044,0.165,0.161,0.129,0.094,0.119,0.124,0.124,0.150,0.053,0.045,0.054,0.118,0.095,0.045,0.092,0.088,0.094,0.078,0.046,0.073,0.040,0.059,0.067,0.053,0.077,0.108,0.110,0.110,0.077,0.176,0.025,0.074,0.081,0.051,0.020,0.060,0.045,0.026,0.028,0.028,0.062,0.017,0.008,0.025,0.145,0.005,0.020,0.072,0.066,0.030,0.033,0.055,0.056,0.057,0.029,0.031,0.055,0.141,0.136,0.102,0.100,0.124,0.086,0.079,0.141,0.122,0.106,0.098,0.125,0.080,0.125,0.106,0.102,0.112,0.106,0.076
SLW40,0.062,0.080,0.082,0.053,0.072,0.102,0.054,0.085,0.054,0.051,0.069,0.087,0.050,0.085,0.052,0.061,0.067,0.076,0.074,0.034,0.076,0.074,0.057,0.045,0.026,0.043,0.036,0.069,0.062,0.062,0.054,0.064,0.040,0.060,0.052,0.051,0.029,0.031,0.029,0.058,0.100,0.070,0.115,0.109,0.040,0.071,0.054,0.105,0.088,0.078,0.060,0.065,0.088,0.089,0.057,0.076,0.057,0.074,0.071,0.107,0.063,0.069,0.043,0.067,0.155,0.059,0.109,0.053,0.082,0.079,0.053,0.041,0.107,0.084,0.023,0.052,0.126,0.038,0.050,0.049,0.072,0.064,0.024,0.008,0.044,0.009,0.004,0.106,0.034,0.005,0.046,0.028,0.010,0.006,0.041,0.043,0.050,0.021,0.008,0.005,0.011,0.028,0.036,0.006,0.033,0.022,0.004,0.005,0.006,0.027,0.023,0.062,0.047,0.034,0.004,0.052,0.016,0.008,0.011,0.058,0.002,0.007,0.029,0.005,0.018,0.021,0.022,0.012,0.014,0.012,0.021,0.006,0.024,0.052,0.037,0.027,0.052,0.007,0.035,0.034,0.028,0.011,0.004,0.015,0.009,0.014,0.025,0.034,0.033,0.029,0.004,0.004,0.023,0.003,0.018,0.011,0.017,0.042,0.008,0.009,0.006,0.033,0.019,0.015,0.027,0.006,0.004,0.010,0.008,0.006,0.058,0.014,0.049,0.032,0.004,0.002,0.011,0.010,0.037,0.004,0.060,0.011,0.019,0.036,0.027,0.001,0.007,0.017,0.015,0.007,0.008,0.013,0.026,0.016,0.035,0.023,0.008,0.009,0.051,0.022,0.030,0.042,0.019,0.009,0.032,0.054,0.024,0.032,0.054,0.023,0.050,0.001,0.029,0.067,0.003,0.042,0.018,0.048,0.043,0.096,0.082,0.009,0.007,0.048,0.024,0.033,0.015,0.047,0.070,0.070,0.021,0.028,0.031,0.082,0.079,0.038,0.010,0.021,0.044,0.018,0.008,0.012,0.066,0.107,0.012,0.032,0.074,0.019,0.019,0.030,0.053,0.033,0.026,0.019,0.029,0.002,0.066,0.029,0.022,0.009,0.010,0.060,0.016,0.015,0.016,0.019,0.011,0.020,0.006,0.042,0.020,0.009,0.024,0.006,0.041,0.008,0.018,0.065,0.013,0.009,0.081,0.036,0.019,0.024,0.012,0.014,0.002,0.006,0.007,0.001,0.016,0.024,0.033,0.018,0.056,0.007,0.009,0.008,0.028,0.014,0.027,0.062,0.005,0.004,0.033,0.010,0.043,0.003,0.004,0.024,0.012,0.008,0.037,0.005,0.029,0.019,0.024,0.009,0.011,0.006,0.005,0.011,0.011,0.007,0.014,0.070,0.079,0.032,0.087,0.070,0.093,0.063,0.066,0.014,0.075,0.058,0.044,0.048,0.056,0.070,0.040,0.057,0.051,0.033,0.078,0.088,0.079,0.076,0.051,0.051,0.052,0.066,0.067,0.049,0.030,0.123,0.030,0.029,0.023,0.039,0.078,0.061,0.039,0.073,0.081,0.059,0.059,0.093,0.123,0.056,0.107,0.084,0.071,0.042,0.074,0.062,0.042,0.063,0.071,0.030,0.125,0.037,0.077,0.038,0.065,0.060,0.038,0.063,0.078,0.077,0.074,0.030,0.031,0.088,0.051,0.063,0.030,0.037,0.039,0.064,0.035,0.062,0.034,0.043,0.034,0.014,0.061,0.072,0.005,0.013,0.100,0.088,0.026,0.107,0.033,0.035,0.085,0.037,0.040,0.027,0.113,0.099,0.127,0.064,0.067,0.050,0.062,0.077,0.063,0.122,0.066,0.091,0.072,0.057,0.053,0.093,0.081,0.051,0.082
SLW42,0.147,0.087,0.116,0.110,0.100,0.083,0.022,0.073,0.087,0.028,0.069,0.055,0.057,0.058,0.074,0.087,0.067,0.071,0.057,0.072,0.075,0.047,0.030,0.094,0.053,0.060,0.088,0.060,0.117,0.028,0.083,0.062,0.104,0.083,0.058,0.067,0.025,0.082,0.046,0.045,0.104,0.134,0.099,0.085,0.123,0.098,0.114,0.134,0.166,0.178,0.097,0.132,0.150,0.116,0.146,0.145,0.158,0.154,0.130,0.125,0.096,0.109,0.115,0.198,0.198,0.213,0.127,0.040,0.079,0.100,0.063,0.095,0.089,0.045,0.078,0.083,0.106,0.056,0.069,0.040,0.041,0.083,0.064,0.004,0.071,0.011,0.014,0.130,0.024,0.003,0.088,0.019,0.010,0.006,0.035,0.026,0.131,0.018,0.012,0.006,0.009,0.026,0.028,0.009,0.028,0.007,0.021,0.004,0.001,0.019,0.009,0.052,0.023,0.025,0.004,0.031,0.005,0.008,0.006,0.028,0.004,0.004,0.027,0.002,0.018,0.019,0.017,0.005,0.009,0.021,0.008,0.007,0.022,0.021,0.026,0.028,0.044,0.010,0.015,0.020,0.031,0.013,0.000,0.012,0.011,0.008,0.027,0.030,0.029,0.028,0.004,0.008,0.009,0.009,0.009,0.001,0.004,0.007,0.004,0.005,0.005,0.021,0.008,0.017,0.027,0.005,0.006,0.017,0.004,0.009,0.065,0.006,0.043,0.014,0.005,0.006,0.013,0.008,0.024,0.004,0.034,0.015,0.022,0.026,0.018,0.002,0.018,0.017,0.026,0.010,0.004,0.016,0.013,0.008,0.028,0.028,0.005,0.008,0.025,0.024,0.027,0.045,0.013,0.002,0.027,0.160,0.025,0.033,0.020,0.011,0.015,0.010,0.021,0.191,0.006,0.011,0.007,0.021,0.018,0.184,0.190,0.015,0.002,0.036,0.015,0.029,0.014,0.024,0.147,0.196,0.013,0.043,0.015,0.093,0.172,0.023,0.006,0.023,0.042,0.017,0.009,0.024,0.156,0.160,0.006,0.025,0.039,0.035,0.020,0.037,0.117,0.016,0.011,0.021,0.022,0.005,0.182,0.012,0.016,0.008,0.013,0.057,0.019,0.004,0.016,0.011,0.004,0.005,0.008,0.033,0.021,0.007,0.025,0.013,0.028,0.016,0.032,0.048,0.014,0.011,0.066,0.019,0.031,0.012,0.007,0.013,0.002,0.005,0.005,0.001,0.005,0.012,0.023,0.011,0.030,0.002,0.003,0.006,0.011,0.006,0.016,0.031,0.002,0.003,0.039,0.001,0.028,0.006,0.004,0.012,0.012,0.003,0.009,0.005,0.043,0.026,0.023,0.005,0.013,0.025,0.011,0.006,0.015,0.007,0.011,0.077,0.130,0.129,0.094,0.167,0.089,0.184,0.120,0.028,0.042,0.041,0.039,0.026,0.047,0.040,0.026,0.169,0.129,0.111,0.074,0.138,0.084,0.102,0.042,0.074,0.079,0.039,0.064,0.042,0.030,0.077,0.030,0.047,0.025,0.062,0.021,0.034,0.033,0.142,0.100,0.132,0.087,0.144,0.130,0.093,0.167,0.054,0.056,0.056,0.100,0.081,0.067,0.084,0.055,0.093,0.066,0.072,0.058,0.097,0.073,0.091,0.054,0.114,0.072,0.113,0.120,0.051,0.080,0.053,0.123,0.064,0.040,0.039,0.059,0.020,0.059,0.042,0.020,0.065,0.017,0.009,0.022,0.149,0.004,0.027,0.084,0.089,0.029,0.080,0.069,0.101,0.075,0.088,0.053,0.048,0.057,0.123,0.091,0.104,0.117,0.101,0.083,0.107,0.081,0.078,0.073,0.059,0.090,0.062,0.099,0.085,0.060,0.057,0.069
SLW51,0.073,0.083,0.108,0.082,0.099,0.092,0.069,0.057,0.062,0.071,0.064,0.067,0.082,0.079,0.082,0.080,0.094,0.101,0.074,0.095,0.111,0.073,0.112,0.118,0.048,0.076,0.104,0.117,0.110,0.080,0.059,0.077,0.096,0.059,0.075,0.085,0.032,0.050,0.043,0.041,0.103,0.105,0.116,0.097,0.093,0.112,0.142,0.126,0.153,0.131,0.126,0.103,0.132,0.137,0.092,0.119,0.090,0.107,0.104,0.126,0.115,0.147,0.112,0.096,0.137,0.115,0.103,0.099,0.063,0.111,0.081,0.133,0.083,0.095,0.057,0.107,0.128,0.060,0.081,0.068,0.056,0.071,0.075,0.014,0.101,0.006,0.009,0.163,0.038,0.011,0.081,0.040,0.003,0.010,0.049,0.042,0.106,0.025,0.009,0.016,0.006,0.027,0.051,0.014,0.038,0.014,0.009,0.006,0.012,0.012,0.019,0.055,0.073,0.046,0.005,0.027,0.016,0.013,0.007,0.018,0.004,0.012,0.023,0.010,0.036,0.018,0.040,0.011,0.010,0.015,0.018,0.011,0.033,0.036,0.039,0.027,0.040,0.005,0.061,0.028,0.047,0.006,0.002,0.015,0.006,0.008,0.019,0.026,0.048,0.062,0.002,0.005,0.031,0.008,0.011,0.013,0.008,0.035,0.007,0.011,0.011,0.017,0.018,0.013,0.024,0.007,0.011,0.012,0.010,0.011,0.072,0.010,0.054,0.024,0.006,0.010,0.008,0.012,0.031,0.005,0.078,0.015,0.031,0.024,0.034,0.005,0.009,0.022,0.034,0.013,0.007,0.017,0.013,0.012,0.040,0.045,0.017,0.012,0.021,0.031,0.024,0.056,0.025,0.008,0.053,0.106,0.052,0.033,0.031,0.019,0.031,0.006,0.032,0.108,0.010,0.032,0.013,0.029,0.055,0.132,0.159,0.023,0.009,0.042,0.036,0.047,0.018,0.040,0.129,0.144,0.039,0.060,0.042,0.089,0.131,0.022,0.006,0.023,0.062,0.037,0.026,0.015,0.130,0.145,0.007,0.036,0.057,0.048,0.025,0.033,0.164,0.042,0.028,0.029,0.033,0.004,0.131,0.027,0.031,0.007,0.017,0.066,0.018,0.026,0.013,0.024,0.019,0.040,0.018,0.051,0.028,0.008,0.011,0.009,0.056,0.024,0.018,0.065,0.013,0.010,0.060,0.038,0.014,0.017,0.027,0.014,0.012,0.009,0.012,0.009,0.012,0.018,0.034,0.031,0.060,0.002,0.010,0.005,0.033,0.015,0.020,0.026,0.008,0.005,0.023,0.008,0.042,0.005,0.010,0.008,0.006,0.010,0.026,0.017,0.062,0.039,0.033,0.008,0.005,0.014,0.024,0.027,0.032,0.008,0.016,0.107,0.175,0.120,0.136,0.170,0.138,0.124,0.134,0.025,0.058,0.039,0.100,0.042,0.078,0.094,0.031,0.122,0.149,0.107,0.123,0.126,0.091,0.098,0.071,0.079,0.120,0.055,0.091,0.066,0.056,0.127,0.048,0.034,0.045,0.075,0.037,0.073,0.051,0.123,0.121,0.125,0.103,0.161,0.125,0.129,0.163,0.078,0.047,0.089,0.118,0.102,0.070,0.092,0.089,0.072,0.108,0.082,0.075,0.066,0.067,0.087,0.092,0.106,0.093,0.122,0.111,0.086,0.104,0.084,0.082,0.051,0.063,0.034,0.082,0.064,0.043,0.050,0.032,0.073,0.045,0.010,0.058,0.116,0.003,0.034,0.042,0.072,0.043,0.052,0.066,0.088,0.071,0.040,0.036,0.098,0.118,0.136,0.158,0.147,0.152,0.102,0.141,0.094,0.143,0.088,0.107,0.135,0.083,0.096,0.091,0.112,0.095,0.112,0.128
SLW54,0.071,0.067,0.086,0.101,0.097,0.097,0.039,0.078,0.057,0.077,0.063,0.051,0.072,0.070,0.026,0.055,0.080,0.057,0.076,0.093,0.078,0.056,0.057,0.082,0.077,0.117,0.077,0.049,0.045,0.031,0.050,0.059,0.085,0.062,0.046,0.043,0.028,0.037,0.036,0.050,0.052,0.079,0.136,0.140,0.158,0.124,0.109,0.124,0.142,0.122,0.112,0.095,0.122,0.119,0.140,0.147,0.099,0.089,0.170,0.110,0.121,0.091,0.150,0.126,0.108,0.138,0.105,0.073,0.092,0.076,0.109,0.100,0.105,0.111,0.067,0.100,0.073,0.089,0.050,0.058,0.062,0.050,0.035,0.012,0.100,0.006,0.009,0.195,0.026,0.008,0.145,0.046,0.006,0.010,0.030,0.037,0.137,0.028,0.013,0.009,0.016,0.042,0.024,0.007,0.031,0.011,0.009,0.006,0.012,0.007,0.012,0.041,0.065,0.061,0.007,0.040,0.016,0.008,0.006,0.025,0.004,0.008,0.018,0.009,0.043,0.034,0.050,0.005,0.016,0.025,0.023,0.010,0.029,0.032,0.036,0.047,0.032,0.007,0.066,0.018,0.052,0.000,0.002,0.010,0.014,0.007,0.017,0.029,0.017,0.051,0.002,0.004,0.042,0.013,0.013,0.006,0.006,0.029,0.010,0.005,0.013,0.020,0.015,0.012,0.026,0.007,0.006,0.014,0.006,0.011,0.031,0.003,0.043,0.023,0.005,0.001,0.014,0.007,0.023,0.007,0.036,0.015,0.026,0.031,0.041,0.003,0.015,0.036,0.025,0.010,0.015,0.016,0.017,0.021,0.029,0.032,0.019,0.012,0.026,0.023,0.037,0.059,0.018,0.006,0.038,0.080,0.037,0.031,0.039,0.034,0.035,0.008,0.038,0.097,0.004,0.031,0.013,0.031,0.026,0.094,0.149,0.016,0.005,0.055,0.032,0.040,0.024,0.066,0.117,0.174,0.024,0.056,0.021,0.095,0.139,0.030,0.006,0.033,0.055,0.012,0.049,0.021,0.143,0.155,0.007,0.022,0.056,0.052,0.016,0.036,0.124,0.023,0.035,0.021,0.026,0.004,0.154,0.024,0.018,0.012,0.015,0.045,0.030,0.017,0.018,0.024,0.011,0.023,0.015,0.049,0.038,0.013,0.012,0.004,0.031,0.023,0.020,0.038,0.017,0.010,0.059,0.042,0.003,0.007,0.041,0.017,0.004,0.011,0.010,0.007,0.008,0.017,0.018,0.036,0.034,0.001,0.006,0.004,0.024,0.004,0.019,0.016,0.002,0.010,0.034,0.000,0.047,0.002,0.003,0.021,0.009,0.009,0.022,0.007,0.032,0.053,0.040,0.008,0.008,0.017,0.010,0.020,0.031,0.011,0.012,0.106,0.145,0.138,0.154,0.116,0.121,0.117,0.102,0.036,0.040,0.040,0.046,0.032,0.030,0.042,0.033,0.125,0.185,0.096,0.099,0.137,0.132,0.096,0.050,0.061,0.073,0.046,0.037,0.036,0.033,0.055,0.020,0.040,0.025,0.054,0.035,0.037,0.029,0.108,0.115,0.135,0.066,0.139,0.082,0.126,0.106,0.075,0.036,0.069,0.077,0.072,0.040,0.062,0.070,0.070,0.063,0.080,0.122,0.064,0.072,0.045,0.058,0.044,0.076,0.069,0.071,0.055,0.069,0.033,0.044,0.066,0.048,0.029,0.040,0.056,0.033,0.029,0.026,0.051,0.024,0.009,0.034,0.102,0.003,0.027,0.073,0.080,0.018,0.031,0.035,0.049,0.043,0.036,0.035,0.052,0.099,0.119,0.109,0.074,0.096,0.135,0.102,0.156,0.158,0.147,0.134,0.118,0.109,0.138,0.125,0.134,0.146,0.091,0.078
SMT01,0.101,0.058,0.079,0.053,0.086,0.025,0.106,0.082,0.053,0.047,0.048,0.099,0.072,0.086,0.083,0.118,0.090,0.075,0.061,0.049,0.058,0.067,0.067,0.084,0.061,0.052,0.064,0.067,0.096,0.054,0.054,0.084,0.060,0.074,0.111,0.097,0.049,0.058,0.077,0.046,0.100,0.117,0.084,0.074,0.038,0.082,0.051,0.073,0.073,0.050,0.076,0.041,0.066,0.060,0.078,0.094,0.087,0.055,0.057,0.048,0.036,0.065,0.093,0.075,0.062,0.054,0.061,0.081,0.057,0.100,0.099,0.085,0.068,0.065,0.069,0.087,0.097,0.043,0.100,0.078,0.075,0.075,0.076,0.019,0.043,0.006,0.026,0.078,0.074,0.031,0.065,0.053,0.021,0.016,0.082,0.064,0.063,0.063,0.040,0.022,0.015,0.050,0.056,0.021,0.067,0.014,0.035,0.007,0.019,0.027,0.018,0.148,0.045,0.065,0.010,0.057,0.028,0.042,0.012,0.069,0.013,0.026,0.039,0.017,0.045,0.042,0.049,0.037,0.040,0.052,0.055,0.014,0.045,0.047,0.047,0.084,0.053,0.016,0.045,0.064,0.065,0.003,0.016,0.022,0.053,0.031,0.048,0.049,0.048,0.048,0.007,0.015,0.043,0.040,0.016,0.018,0.046,0.030,0.020,0.025,0.017,0.039,0.017,0.025,0.067,0.015,0.025,0.045,0.006,0.023,0.084,0.034,0.060,0.035,0.014,0.011,0.027,0.017,0.069,0.019,0.103,0.041,0.032,0.036,0.039,0.002,0.036,0.040,0.028,0.026,0.034,0.023,0.040,0.042,0.074,0.066,0.012,0.025,0.070,0.063,0.042,0.042,0.028,0.029,0.038,0.046,0.055,0.086,0.083,0.046,0.057,0.020,0.077,0.076,0.026,0.029,0.035,0.063,0.036,0.049,0.087,0.067,0.007,0.073,0.050,0.043,0.030,0.073,0.053,0.053,0.042,0.062,0.056,0.056,0.050,0.073,0.020,0.041,0.111,0.026,0.017,0.043,0.089,0.077,0.006,0.055,0.095,0.048,0.037,0.071,0.053,0.030,0.028,0.031,0.055,0.034,0.050,0.048,0.029,0.040,0.023,0.073,0.062,0.023,0.025,0.038,0.027,0.045,0.017,0.108,0.053,0.014,0.031,0.035,0.092,0.029,0.066,0.151,0.027,0.017,0.098,0.084,0.033,0.039,0.039,0.034,0.018,0.067,0.019,0.015,0.028,0.042,0.061,0.034,0.056,0.019,0.024,0.037,0.030,0.040,0.061,0.091,0.015,0.013,0.045,0.019,0.062,0.020,0.013,0.020,0.018,0.042,0.045,0.013,0.049,0.066,0.061,0.012,0.006,0.046,0.033,0.036,0.037,0.056,0.026,0.107,0.071,0.044,0.052,0.037,0.024,0.042,0.044,0.058,0.107,0.108,0.099,0.065,0.086,0.081,0.092,0.080,0.057,0.061,0.054,0.061,0.045,0.046,0.086,0.073,0.123,0.161,0.124,0.108,0.086,0.101,0.064,0.059,0.048,0.115,0.047,0.058,0.060,0.119,0.048,0.101,0.036,0.066,0.049,0.074,0.063,0.024,0.076,0.074,0.047,0.075,0.079,0.055,0.138,0.041,0.116,0.052,0.045,0.051,0.073,0.048,0.067,0.099,0.044,0.074,0.065,0.089,0.063,0.090,0.093,0.074,0.068,0.117,0.079,0.135,0.061,0.095,0.049,0.093,0.061,0.020,0.062,0.064,0.017,0.073,0.063,0.075,0.072,0.127,0.087,0.095,0.158,0.056,0.081,0.083,0.071,0.079,0.125,0.069,0.088,0.077,0.060,0.070,0.070,0.073,0.079,0.069,0.063,0.049,0.099,0.126,0.074,0.068,0.067
SMT03,0.067,0.107,0.095,0.096,0.084,0.111,0.068,0.077,0.116,0.102,0.109,0.046,0.118,0.096,0.097,0.114,0.085,0.135,0.124,0.103,0.170,0.095,0.066,0.152,0.076,0.051,0.152,0.100,0.112,0.073,0.060,0.115,0.141,0.050,0.109,0.105,0.030,0.060,0.079,0.093,0.065,0.189,0.060,0.058,0.071,0.063,0.079,0.042,0.074,0.096,0.044,0.059,0.087,0.082,0.063,0.096,0.072,0.083,0.061,0.082,0.084,0.078,0.061,0.073,0.047,0.090,0.105,0.113,0.064,0.060,0.066,0.146,0.096,0.113,0.063,0.087,0.124,0.111,0.160,0.090,0.101,0.040,0.095,0.027,0.042,0.008,0.020,0.053,0.039,0.031,0.070,0.023,0.009,0.016,0.114,0.060,0.029,0.027,0.029,0.037,0.015,0.044,0.082,0.030,0.083,0.015,0.039,0.021,0.009,0.015,0.008,0.074,0.076,0.036,0.016,0.076,0.016,0.012,0.005,0.049,0.013,0.024,0.046,0.015,0.076,0.063,0.043,0.013,0.027,0.055,0.023,0.016,0.033,0.041,0.063,0.048,0.072,0.010,0.053,0.051,0.065,0.010,0.006,0.006,0.013,0.009,0.102,0.041,0.090,0.050,0.006,0.015,0.028,0.021,0.012,0.015,0.009,0.064,0.028,0.008,0.008,0.064,0.025,0.008,0.021,0.003,0.008,0.041,0.013,0.013,0.093,0.018,0.088,0.046,0.014,0.018,0.014,0.016,0.040,0.010,0.077,0.016,0.052,0.037,0.049,0.008,0.043,0.030,0.058,0.033,0.003,0.013,0.010,0.023,0.087,0.055,0.029,0.019,0.038,0.060,0.078,0.107,0.032,0.013,0.078,0.121,0.035,0.067,0.071,0.036,0.062,0.017,0.052,0.095,0.019,0.086,0.015,0.082,0.109,0.067,0.072,0.063,0.013,0.066,0.048,0.047,0.011,0.052,0.047,0.085,0.025,0.092,0.067,0.033,0.055,0.034,0.013,0.045,0.102,0.040,0.037,0.058,0.077,0.141,0.017,0.037,0.075,0.055,0.036,0.032,0.059,0.028,0.051,0.045,0.051,0.011,0.049,0.025,0.027,0.019,0.024,0.066,0.035,0.019,0.034,0.057,0.010,0.039,0.016,0.045,0.053,0.011,0.020,0.016,0.078,0.029,0.042,0.073,0.035,0.015,0.069,0.030,0.023,0.025,0.020,0.018,0.007,0.021,0.013,0.020,0.025,0.021,0.076,0.031,0.081,0.004,0.005,0.018,0.063,0.010,0.064,0.033,0.004,0.020,0.020,0.004,0.038,0.009,0.003,0.067,0.020,0.016,0.054,0.004,0.064,0.050,0.043,0.010,0.009,0.028,0.022,0.027,0.057,0.022,0.029,0.100,0.125,0.071,0.092,0.039,0.050,0.075,0.083,0.048,0.045,0.040,0.170,0.058,0.090,0.095,0.055,0.065,0.093,0.082,0.069,0.078,0.057,0.053,0.110,0.145,0.152,0.117,0.135,0.118,0.054,0.174,0.069,0.095,0.054,0.119,0.050,0.084,0.100,0.061,0.103,0.104,0.045,0.061,0.080,0.062,0.099,0.044,0.029,0.086,0.153,0.176,0.028,0.127,0.073,0.112,0.092,0.096,0.037,0.065,0.071,0.069,0.066,0.079,0.163,0.069,0.093,0.100,0.142,0.076,0.119,0.146,0.073,0.059,0.051,0.073,0.096,0.068,0.047,0.117,0.039,0.016,0.058,0.081,0.009,0.048,0.045,0.075,0.062,0.062,0.093,0.122,0.095,0.078,0.070,0.115,0.039,0.058,0.055,0.048,0.068,0.089,0.066,0.068,0.046,0.052,0.084,0.086,0.087,0.077,0.082,0.050,0.068,0.073,0.070
SMT05,0.056,0.077,0.067,0.062,0.070,0.064,0.056,0.066,0.065,0.045,0.052,0.078,0.094,0.074,0.091,0.092,0.061,0.088,0.066,0.147,0.062,0.087,0.062,0.086,0.089,0.077,0.080,0.057,0.081,0.120,0.127,0.076,0.078,0.056,0.088,0.096,0.044,0.047,0.052,0.040,0.079,0.052,0.083,0.043,0.049,0.061,0.057,0.063,0.057,0.074,0.059,0.045,0.065,0.039,0.085,0.083,0.109,0.071,0.050,0.059,0.049,0.044,0.076,0.057,0.062,0.062,0.069,0.089,0.077,0.086,0.077,0.082,0.141,0.075,0.065,0.038,0.044,0.053,0.055,0.098,0.067,0.064,0.046,0.016,0.053,0.015,0.005,0.062,0.046,0.021,0.095,0.035,0.011,0.016,0.042,0.058,0.057,0.038,0.031,0.020,0.022,0.070,0.041,0.014,0.051,0.006,0.018,0.006,0.013,0.029,0.022,0.076,0.048,0.045,0.013,0.128,0.031,0.019,0.003,0.109,0.012,0.014,0.040,0.018,0.047,0.023,0.026,0.020,0.011,0.032,0.020,0.012,0.024,0.040,0.031,0.056,0.087,0.021,0.042,0.047,0.030,0.006,0.005,0.022,0.025,0.014,0.032,0.027,0.025,0.040,0.009,0.007,0.027,0.027,0.003,0.017,0.017,0.021,0.021,0.006,0.016,0.034,0.013,0.014,0.048,0.013,0.022,0.013,0.007,0.014,0.073,0.014,0.051,0.021,0.004,0.011,0.014,0.015,0.068,0.019,0.154,0.022,0.060,0.045,0.036,0.002,0.030,0.034,0.029,0.010,0.009,0.021,0.034,0.015,0.074,0.029,0.017,0.039,0.021,0.049,0.053,0.044,0.009,0.005,0.079,0.059,0.046,0.058,0.041,0.043,0.035,0.003,0.054,0.050,0.019,0.062,0.027,0.055,0.052,0.057,0.079,0.027,0.020,0.043,0.061,0.031,0.021,0.066,0.044,0.073,0.025,0.031,0.067,0.063,0.053,0.047,0.017,0.026,0.068,0.029,0.072,0.021,0.066,0.084,0.005,0.039,0.056,0.033,0.020,0.041,0.060,0.024,0.031,0.028,0.044,0.014,0.066,0.024,0.025,0.016,0.037,0.034,0.049,0.018,0.017,0.055,0.007,0.027,0.030,0.105,0.060,0.023,0.020,0.019,0.061,0.024,0.023,0.081,0.027,0.017,0.123,0.057,0.021,0.035,0.019,0.030,0.011,0.022,0.023,0.013,0.018,0.021,0.066,0.040,0.117,0.012,0.011,0.012,0.042,0.011,0.039,0.046,0.008,0.022,0.062,0.009,0.072,0.006,0.016,0.031,0.010,0.020,0.025,0.014,0.027,0.032,0.064,0.008,0.009,0.012,0.041,0.030,0.042,0.012,0.031,0.120,0.086,0.032,0.071,0.053,0.050,0.085,0.062,0.052,0.081,0.082,0.144,0.051,0.080,0.074,0.089,0.066,0.089,0.068,0.053,0.069,0.058,0.035,0.099,0.071,0.134,0.111,0.066,0.076,0.086,0.168,0.034,0.036,0.056,0.072,0.096,0.071,0.032,0.092,0.033,0.079,0.050,0.050,0.041,0.120,0.073,0.026,0.050,0.064,0.081,0.088,0.074,0.065,0.083,0.041,0.233,0.067,0.079,0.031,0.052,0.125,0.074,0.056,0.059,0.097,0.078,0.083,0.086,0.101,0.033,0.093,0.082,0.089,0.058,0.048,0.052,0.078,0.041,0.085,0.065,0.026,0.057,0.041,0.012,0.053,0.042,0.064,0.041,0.101,0.094,0.096,0.146,0.073,0.088,0.154,0.085,0.066,0.117,0.058,0.081,0.107,0.075,0.112,0.099,0.078,0.068,0.089,0.082,0.086,0.091,0.117,0.099,0.068,0.048
SMT12,0.047,0.054,0.057,0.084,0.062,0.074,0.077,0.082,0.038,0.051,0.030,0.051,0.083,0.064,0.043,0.088,0.085,0.079,0.109,0.076,0.083,0.130,0.051,0.055,0.084,0.045,0.064,0.087,0.099,0.056,0.056,0.063,0.057,0.082,0.076,0.056,0.068,0.102,0.084,0.089,0.072,0.086,0.055,0.038,0.059,0.049,0.034,0.029,0.028,0.052,0.037,0.047,0.033,0.034,0.038,0.061,0.046,0.029,0.058,0.063,0.040,0.026,0.048,0.042,0.037,0.043,0.058,0.080,0.075,0.035,0.050,0.063,0.064,0.068,0.055,0.070,0.041,0.086,0.085,0.037,0.156,0.078,0.077,0.018,0.035,0.008,0.009,0.049,0.047,0.030,0.039,0.026,0.007,0.016,0.061,0.077,0.027,0.051,0.015,0.029,0.016,0.083,0.052,0.015,0.123,0.010,0.009,0.016,0.006,0.019,0.011,0.089,0.097,0.030,0.016,0.070,0.015,0.010,0.013,0.047,0.009,0.012,0.026,0.007,0.080,0.048,0.022,0.003,0.029,0.068,0.052,0.013,0.055,0.057,0.053,0.064,0.082,0.006,0.061,0.022,0.070,0.013,0.005,0.008,0.019,0.004,0.052,0.035,0.039,0.052,0.011,0.001,0.015,0.014,0.014,0.009,0.004,0.024,0.017,0.011,0.010,0.055,0.020,0.003,0.020,0.006,0.022,0.016,0.007,0.011,0.055,0.011,0.032,0.061,0.007,0.009,0.015,0.015,0.066,0.013,0.082,0.011,0.048,0.033,0.053,0.010,0.024,0.013,0.049,0.023,0.004,0.025,0.017,0.026,0.093,0.048,0.022,0.010,0.045,0.038,0.087,0.058,0.026,0.008,0.060,0.076,0.063,0.079,0.038,0.055,0.055,0.010,0.046,0.045,0.020,0.059,0.045,0.048,0.069,0.044,0.044,0.056,0.013,0.081,0.060,0.047,0.014,0.080,0.030,0.054,0.035,0.044,0.044,0.044,0.035,0.082,0.014,0.033,0.108,0.022,0.052,0.029,0.049,0.059,0.011,0.051,0.064,0.024,0.029,0.059,0.044,0.029,0.040,0.028,0.071,0.009,0.048,0.013,0.023,0.016,0.018,0.041,0.025,0.029,0.019,0.062,0.009,0.035,0.009,0.045,0.070,0.017,0.027,0.009,0.054,0.045,0.054,0.091,0.041,0.028,0.078,0.045,0.002,0.021,0.019,0.012,0.004,0.008,0.011,0.015,0.027,0.023,0.059,0.023,0.036,0.000,0.005,0.013,0.053,0.004,0.046,0.035,0.008,0.017,0.030,0.005,0.070,0.005,0.003,0.048,0.019,0.020,0.061,0.006,0.022,0.034,0.057,0.006,0.004,0.017,0.030,0.033,0.032,0.027,0.051,0.069,0.065,0.031,0.048,0.027,0.038,0.035,0.047,0.037,0.047,0.054,0.087,0.043,0.079,0.052,0.052,0.053,0.064,0.044,0.051,0.055,0.043,0.035,0.056,0.066,0.090,0.089,0.076,0.050,0.077,0.141,0.041,0.056,0.031,0.065,0.063,0.048,0.047,0.049,0.041,0.044,0.038,0.030,0.023,0.030,0.051,0.050,0.044,0.079,0.107,0.111,0.043,0.131,0.089,0.066,0.059,0.088,0.040,0.057,0.060,0.082,0.075,0.093,0.078,0.092,0.055,0.109,0.064,0.058,0.093,0.077,0.056,0.045,0.089,0.066,0.061,0.062,0.060,0.075,0.049,0.007,0.067,0.052,0.006,0.039,0.029,0.072,0.009,0.103,0.071,0.114,0.092,0.112,0.069,0.085,0.036,0.038,0.018,0.043,0.023,0.043,0.047,0.051,0.042,0.056,0.030,0.052,0.039,0.069,0.042,0.037,0.054,0.033,0.063
SMT22,0.089,0.075,0.065,0.094,0.087,0.065,0.102,0.086,0.088,0.064,0.066,0.081,0.042,0.088,0.069,0.123,0.073,0.108,0.133,0.099,0.114,0.096,0.095,0.092,0.083,0.106,0.151,0.124,0.093,0.051,0.074,0.099,0.101,0.093,0.117,0.110,0.079,0.073,0.086,0.082,0.105,0.119,0.083,0.091,0.056,0.095,0.073,0.072,0.089,0.074,0.072,0.087,0.081,0.043,0.044,0.081,0.084,0.053,0.073,0.084,0.054,0.073,0.065,0.081,0.077,0.073,0.097,0.069,0.101,0.099,0.100,0.110,0.113,0.080,0.073,0.084,0.067,0.110,0.100,0.075,0.103,0.091,0.106,0.042,0.077,0.012,0.015,0.078,0.056,0.042,0.070,0.025,0.014,0.031,0.069,0.084,0.092,0.037,0.037,0.061,0.023,0.053,0.090,0.031,0.103,0.023,0.014,0.022,0.021,0.033,0.045,0.096,0.074,0.066,0.020,0.081,0.024,0.028,0.016,0.092,0.013,0.028,0.042,0.035,0.063,0.060,0.056,0.034,0.029,0.048,0.071,0.038,0.085,0.059,0.083,0.098,0.090,0.012,0.104,0.048,0.059,0.008,0.011,0.030,0.038,0.024,0.057,0.050,0.055,0.068,0.011,0.028,0.061,0.049,0.027,0.048,0.032,0.044,0.026,0.009,0.032,0.044,0.047,0.018,0.054,0.013,0.028,0.017,0.012,0.027,0.113,0.027,0.078,0.063,0.015,0.030,0.014,0.018,0.089,0.030,0.127,0.040,0.065,0.045,0.076,0.003,0.026,0.101,0.045,0.052,0.021,0.033,0.027,0.042,0.109,0.079,0.030,0.036,0.053,0.063,0.068,0.096,0.035,0.020,0.061,0.110,0.043,0.056,0.081,0.045,0.076,0.018,0.078,0.050,0.031,0.094,0.042,0.067,0.078,0.131,0.030,0.075,0.014,0.070,0.068,0.074,0.039,0.108,0.047,0.073,0.074,0.058,0.062,0.051,0.088,0.059,0.033,0.044,0.059,0.035,0.048,0.027,0.095,0.076,0.019,0.049,0.132,0.044,0.055,0.063,0.086,0.028,0.050,0.037,0.087,0.013,0.083,0.052,0.025,0.025,0.045,0.076,0.040,0.032,0.041,0.056,0.018,0.068,0.013,0.103,0.066,0.015,0.035,0.041,0.076,0.036,0.042,0.125,0.035,0.018,0.079,0.044,0.024,0.051,0.044,0.044,0.028,0.029,0.032,0.036,0.022,0.045,0.054,0.059,0.122,0.021,0.039,0.026,0.063,0.037,0.086,0.073,0.026,0.021,0.093,0.018,0.075,0.016,0.026,0.045,0.026,0.013,0.045,0.009,0.043,0.046,0.063,0.025,0.022,0.019,0.052,0.058,0.065,0.051,0.047,0.132,0.103,0.063,0.051,0.053,0.077,0.072,0.036,0.061,0.136,0.149,0.132,0.090,0.092,0.112,0.085,0.085,0.052,0.072,0.061,0.096,0.076,0.064,0.120,0.114,0.130,0.140,0.106,0.139,0.100,0.166,0.050,0.088,0.072,0.117,0.107,0.105,0.092,0.084,0.068,0.109,0.038,0.084,0.037,0.075,0.053,0.072,0.090,0.110,0.124,0.108,0.080,0.092,0.099,0.102,0.099,0.105,0.106,0.076,0.088,0.108,0.092,0.088,0.040,0.108,0.111,0.096,0.093,0.178,0.117,0.121,0.071,0.105,0.094,0.130,0.088,0.069,0.083,0.112,0.120,0.045,0.134,0.076,0.027,0.049,0.053,0.093,0.059,0.118,0.097,0.079,0.113,0.122,0.120,0.094,0.060,0.084,0.083,0.075,0.099,0.065,0.078,0.087,0.105,0.074,0.051,0.109,0.097,0.073,0.062,0.079,0.045,0.082,0.087
SMT23,0.095,0.074,0.067,0.086,0.103,0.090,0.109,0.076,0.042,0.076,0.076,0.074,0.050,0.071,0.061,0.087,0.059,0.093,0.104,0.072,0.126,0.070,0.071,0.073,0.070,0.092,0.073,0.098,0.053,0.059,0.057,0.100,0.061,0.105,0.092,0.102,0.077,0.054,0.056,0.089,0.083,0.128,0.130,0.166,0.101,0.123,0.126,0.128,0.134,0.077,0.061,0.132,0.088,0.107,0.170,0.084,0.130,0.106,0.102,0.121,0.127,0.075,0.074,0.094,0.114,0.112,0.144,0.118,0.098,0.098,0.070,0.077,0.081,0.135,0.064,0.091,0.116,0.081,0.077,0.059,0.083,0.041,0.075,0.014,0.085,0.016,0.004,0.121,0.039,0.023,0.046,0.044,0.016,0.010,0.048,0.094,0.127,0.050,0.026,0.039,0.017,0.083,0.072,0.022,0.080,0.031,0.012,0.018,0.011,0.023,0.040,0.084,0.059,0.041,0.012,0.096,0.029,0.028,0.009,0.047,0.014,0.034,0.042,0.010,0.080,0.057,0.053,0.020,0.023,0.057,0.049,0.006,0.052,0.046,0.131,0.086,0.096,0.004,0.070,0.054,0.099,0.007,0.007,0.028,0.018,0.012,0.068,0.075,0.069,0.046,0.011,0.013,0.026,0.012,0.027,0.021,0.020,0.049,0.033,0.008,0.012,0.055,0.045,0.020,0.059,0.015,0.026,0.018,0.013,0.025,0.081,0.003,0.073,0.059,0.004,0.013,0.013,0.025,0.047,0.023,0.093,0.032,0.042,0.070,0.053,0.005,0.029,0.069,0.048,0.027,0.002,0.020,0.048,0.047,0.052,0.048,0.016,0.038,0.089,0.086,0.064,0.099,0.038,0.016,0.098,0.065,0.039,0.075,0.057,0.059,0.102,0.014,0.070,0.085,0.015,0.064,0.022,0.055,0.067,0.126,0.107,0.075,0.021,0.067,0.063,0.034,0.040,0.066,0.090,0.101,0.047,0.060,0.048,0.083,0.123,0.055,0.013,0.041,0.080,0.029,0.026,0.048,0.133,0.056,0.013,0.064,0.076,0.042,0.050,0.075,0.137,0.047,0.041,0.042,0.048,0.010,0.136,0.032,0.026,0.030,0.043,0.071,0.046,0.058,0.046,0.077,0.021,0.048,0.010,0.047,0.048,0.014,0.034,0.023,0.075,0.044,0.044,0.093,0.037,0.044,0.056,0.063,0.014,0.043,0.028,0.027,0.013,0.013,0.021,0.013,0.028,0.032,0.076,0.031,0.122,0.011,0.015,0.006,0.056,0.018,0.062,0.052,0.014,0.014,0.041,0.009,0.065,0.032,0.011,0.046,0.017,0.036,0.046,0.024,0.040,0.020,0.058,0.014,0.012,0.044,0.029,0.033,0.049,0.042,0.037,0.104,0.164,0.123,0.076,0.112,0.093,0.077,0.045,0.094,0.098,0.102,0.095,0.085,0.068,0.054,0.074,0.141,0.082,0.057,0.068,0.093,0.065,0.109,0.106,0.108,0.120,0.088,0.094,0.070,0.061,0.101,0.058,0.106,0.043,0.088,0.055,0.102,0.078,0.093,0.112,0.111,0.094,0.084,0.144,0.103,0.079,0.091,0.052,0.096,0.066,0.081,0.045,0.062,0.066,0.069,0.103,0.069,0.090,0.066,0.058,0.131,0.115,0.062,0.076,0.090,0.147,0.092,0.078,0.085,0.053,0.065,0.055,0.041,0.059,0.060,0.078,0.074,0.033,0.066,0.048,0.022,0.110,0.116,0.015,0.058,0.024,0.116,0.034,0.090,0.085,0.084,0.124,0.100,0.078,0.066,0.067,0.115,0.095,0.105,0.112,0.130,0.128,0.101,0.132,0.123,0.128,0.106,0.075,0.071,0.102,0.078,0.113,0.075,0.073
SMT39,0.066,0.048,0.102,0.062,0.074,0.058,0.071,0.062,0.099,0.076,0.096,0.046,0.040,0.047,0.049,0.107,0.037,0.038,0.069,0.106,0.097,0.066,0.057,0.136,0.051,0.059,0.106,0.087,0.073,0.040,0.070,0.063,0.093,0.067,0.113,0.138,0.069,0.073,0.075,0.070,0.081,0.172,0.023,0.041,0.036,0.026,0.032,0.027,0.036,0.037,0.035,0.024,0.029,0.020,0.038,0.037,0.043,0.035,0.038,0.040,0.035,0.030,0.052,0.043,0.047,0.033,0.043,0.078,0.070,0.091,0.075,0.096,0.105,0.061,0.066,0.110,0.099,0.112,0.137,0.122,0.049,0.043,0.063,0.032,0.039,0.011,0.017,0.043,0.084,0.019,0.052,0.060,0.008,0.015,0.075,0.087,0.031,0.060,0.022,0.020,0.015,0.060,0.044,0.020,0.086,0.026,0.020,0.006,0.011,0.015,0.027,0.138,0.062,0.060,0.026,0.081,0.015,0.027,0.009,0.054,0.013,0.011,0.029,0.013,0.065,0.061,0.059,0.009,0.026,0.058,0.028,0.007,0.060,0.056,0.076,0.049,0.066,0.014,0.113,0.051,0.080,0.010,0.001,0.016,0.019,0.012,0.035,0.082,0.071,0.075,0.003,0.014,0.032,0.022,0.020,0.007,0.010,0.034,0.028,0.013,0.011,0.075,0.023,0.020,0.058,0.010,0.012,0.010,0.006,0.024,0.098,0.003,0.111,0.034,0.009,0.004,0.022,0.020,0.063,0.010,0.123,0.015,0.067,0.038,0.066,0.006,0.039,0.025,0.055,0.031,0.012,0.040,0.025,0.023,0.103,0.049,0.026,0.021,0.046,0.041,0.053,0.116,0.020,0.008,0.066,0.037,0.079,0.077,0.077,0.061,0.071,0.011,0.060,0.033,0.009,0.067,0.023,0.044,0.077,0.023,0.021,0.048,0.009,0.088,0.040,0.061,0.024,0.089,0.015,0.032,0.058,0.100,0.062,0.030,0.038,0.050,0.011,0.047,0.093,0.029,0.053,0.036,0.040,0.035,0.016,0.070,0.103,0.088,0.035,0.062,0.034,0.056,0.068,0.077,0.064,0.008,0.043,0.028,0.043,0.016,0.017,0.093,0.046,0.027,0.020,0.057,0.011,0.033,0.027,0.052,0.082,0.030,0.019,0.017,0.096,0.052,0.057,0.106,0.045,0.017,0.130,0.073,0.012,0.013,0.027,0.024,0.014,0.027,0.016,0.014,0.011,0.019,0.045,0.040,0.091,0.026,0.011,0.008,0.066,0.008,0.064,0.083,0.014,0.020,0.029,0.000,0.067,0.008,0.012,0.033,0.007,0.015,0.052,0.011,0.084,0.075,0.067,0.010,0.008,0.025,0.019,0.022,0.034,0.009,0.040,0.094,0.051,0.022,0.024,0.024,0.037,0.029,0.019,0.057,0.046,0.084,0.110,0.066,0.076,0.078,0.069,0.071,0.050,0.035,0.034,0.042,0.070,0.037,0.105,0.157,0.182,0.090,0.093,0.099,0.085,0.128,0.087,0.089,0.049,0.127,0.052,0.093,0.093,0.062,0.088,0.046,0.050,0.054,0.035,0.054,0.046,0.037,0.043,0.080,0.113,0.111,0.047,0.099,0.082,0.110,0.065,0.050,0.053,0.030,0.097,0.043,0.061,0.124,0.083,0.088,0.080,0.103,0.142,0.082,0.129,0.123,0.089,0.066,0.113,0.098,0.081,0.077,0.053,0.092,0.071,0.016,0.058,0.026,0.016,0.068,0.029,0.056,0.063,0.099,0.146,0.139,0.120,0.112,0.119,0.088,0.046,0.039,0.037,0.037,0.049,0.054,0.034,0.045,0.044,0.046,0.042,0.045,0.036,0.068,0.043,0.046,0.051,0.060,0.056
SS6004467,0.048,0.061,0.093,0.059,0.067,0.051,0.131,0.057,0.060,0.079,0.095,0.079,0.070,0.093,0.060,0.107,0.060,0.098,0.078,0.112,0.074,0.088,0.095,0.063,0.101,0.101,0.082,0.084,0.069,0.035,0.080,0.100,0.064,0.089,0.104,0.083,0.076,0.087,0.111,0.104,0.077,0.079,0.067,0.065,0.060,0.071,0.069,0.068,0.056,0.049,0.088,0.053,0.048,0.057,0.044,0.060,0.065,0.033,0.058,0.066,0.047,0.064,0.066,0.038,0.055,0.033,0.081,0.074,0.111,0.106,0.116,0.096,0.085,0.073,0.082,0.119,0.102,0.090,0.113,0.068,0.101,0.091,0.089,0.041,0.047,0.015,0.015,0.046,0.087,0.042,0.052,0.055,0.009,0.027,0.063,0.106,0.056,0.098,0.042,0.040,0.032,0.083,0.050,0.024,0.088,0.035,0.022,0.004,0.024,0.013,0.057,0.137,0.134,0.068,0.014,0.114,0.043,0.036,0.013,0.123,0.011,0.032,0.060,0.019,0.079,0.054,0.075,0.014,0.028,0.073,0.066,0.027,0.078,0.103,0.104,0.076,0.157,0.013,0.113,0.074,0.064,0.006,0.017,0.037,0.030,0.024,0.069,0.068,0.067,0.059,0.005,0.016,0.041,0.032,0.027,0.039,0.019,0.044,0.037,0.024,0.030,0.069,0.031,0.028,0.070,0.027,0.034,0.028,0.010,0.039,0.062,0.008,0.127,0.089,0.016,0.018,0.017,0.022,0.103,0.023,0.157,0.020,0.048,0.040,0.096,0.013,0.014,0.042,0.085,0.023,0.021,0.040,0.034,0.041,0.094,0.071,0.026,0.028,0.067,0.053,0.089,0.099,0.021,0.023,0.082,0.050,0.073,0.093,0.055,0.086,0.065,0.011,0.095,0.057,0.022,0.120,0.032,0.077,0.105,0.034,0.051,0.077,0.016,0.058,0.093,0.051,0.055,0.110,0.050,0.097,0.104,0.077,0.076,0.064,0.087,0.072,0.035,0.054,0.110,0.037,0.030,0.070,0.062,0.053,0.027,0.039,0.122,0.049,0.055,0.077,0.056,0.053,0.077,0.073,0.050,0.011,0.066,0.052,0.050,0.032,0.045,0.078,0.077,0.048,0.019,0.080,0.060,0.070,0.021,0.129,0.064,0.019,0.036,0.026,0.088,0.035,0.056,0.131,0.040,0.024,0.140,0.077,0.022,0.030,0.061,0.043,0.038,0.038,0.026,0.024,0.033,0.052,0.086,0.041,0.119,0.036,0.023,0.020,0.081,0.013,0.098,0.087,0.032,0.017,0.120,0.003,0.100,0.024,0.025,0.048,0.020,0.039,0.080,0.020,0.046,0.048,0.053,0.019,0.014,0.030,0.044,0.047,0.064,0.018,0.034,0.088,0.073,0.047,0.055,0.050,0.041,0.037,0.028,0.069,0.057,0.095,0.101,0.052,0.056,0.087,0.049,0.085,0.112,0.065,0.063,0.055,0.060,0.063,0.151,0.083,0.108,0.107,0.098,0.128,0.118,0.123,0.050,0.037,0.055,0.108,0.108,0.068,0.068,0.041,0.037,0.058,0.048,0.071,0.050,0.115,0.084,0.101,0.090,0.098,0.077,0.118,0.060,0.100,0.098,0.062,0.105,0.082,0.077,0.077,0.091,0.078,0.106,0.083,0.056,0.149,0.059,0.158,0.066,0.112,0.046,0.129,0.067,0.077,0.054,0.119,0.078,0.139,0.062,0.116,0.015,0.029,0.116,0.040,0.025,0.082,0.063,0.072,0.048,0.087,0.098,0.097,0.134,0.126,0.112,0.122,0.067,0.071,0.059,0.069,0.067,0.073,0.080,0.048,0.064,0.037,0.060,0.075,0.059,0.059,0.046,0.071,0.048,0.089,0.068
SS6004468,0.079,0.059,0.071,0.118,0.033,0.055,0.072,0.051,0.094,0.045,0.054,0.038,0.053,0.091,0.060,0.107,0.070,0.169,0.074,0.093,0.037,0.059,0.053,0.117,0.068,0.067,0.039,0.073,0.047,0.063,0.075,0.044,0.148,0.047,0.124,0.097,0.025,0.053,0.072,0.095,0.121,0.070,0.066,0.076,0.060,0.121,0.103,0.064,0.103,0.088,0.095,0.078,0.118,0.072,0.091,0.098,0.115,0.066,0.044,0.073,0.080,0.071,0.056,0.104,0.104,0.112,0.055,0.079,0.092,0.136,0.065,0.075,0.123,0.132,0.078,0.061,0.056,0.046,0.058,0.077,0.073,0.029,0.076,0.076,0.044,0.259,0.087,0.159,0.140,0.081,0.038,0.116,0.127,0.157,0.060,0.063,0.084,0.103,0.097,0.089,0.031,0.066,0.133,0.033,0.079,0.173,0.105,0.032,0.064,0.211,0.041,0.100,0.043,0.100,0.109,0.086,0.063,0.066,0.100,0.071,0.057,0.075,0.145,0.102,0.064,0.056,0.098,0.037,0.096,0.071,0.097,0.108,0.059,0.112,0.152,0.105,0.043,0.146,0.080,0.097,0.011,0.065,0.003,0.126,0.118,0.127,0.025,0.081,0.075,0.117,0.073,0.035,0.096,0.126,0.088,0.104,0.104,0.071,0.103,0.157,0.068,0.149,0.105,0.124,0.099,0.116,0.033,0.131,0.103,0.047,0.081,0.075,0.116,0.054,0.012,0.096,0.078,0.063,0.044,0.044,0.142,0.130,0.184,0.140,0.095,0.078,0.102,0.127,0.035,0.110,0.077,0.126,0.090,0.065,0.139,0.077,0.179,0.185,0.150,0.135,0.090,0.103,0.117,0.054,0.090,0.066,0.082,0.052,0.162,0.055,0.062,0.075,0.101,0.050,0.076,0.084,0.060,0.102,0.116,0.073,0.037,0.143,0.060,0.097,0.158,0.173,0.167,0.112,0.036,0.060,0.073,0.028,0.180,0.030,0.085,0.053,0.168,0.113,0.030,0.091,0.142,0.133,0.049,0.086,0.065,0.119,0.075,0.200,0.170,0.096,0.073,0.104,0.037,0.162,0.141,0.055,0.086,0.113,0.066,0.050,0.101,0.103,0.141,0.014,0.026,0.053,0.019,0.091,0.037,0.049,0.102,0.047,0.116,0.113,0.104,0.080,0.066,0.118,0.075,0.049,0.073,0.122,0.069,0.085,0.069,0.051,0.110,0.053,0.169,0.046,0.063,0.153,0.027,0.184,0.103,0.092,0.055,0.095,0.148,0.064,0.095,0.077,0.114,0.067,0.071,0.041,0.084,0.030,0.039,0.038,0.084,0.103,0.038,0.153,0.128,0.119,0.159,0.104,0.170,0.058,0.053,0.055,0.123,0.046,0.082,0.093,0.105,0.136,0.080,0.055,0.068,0.086,0.059,0.053,0.109,0.090,0.076,0.058,0.063,0.064,0.115,0.093,0.107,0.090,0.073,0.130,0.079,0.041,0.066,0.060,0.056,0.112,0.058,0.093,0.038,0.058,0.031,0.029,0.051,0.055,0.057,0.055,0.091,0.111,0.060,0.111,0.033,0.099,0.095,0.072,0.113,0.156,0.067,0.086,0.069,0.052,0.084,0.111,0.058,0.070,0.049,0.078,0.050,0.037,0.075,0.089,0.028,0.072,0.043,0.045,0.069,0.024,0.071,0.109,0.074,0.064,0.064,0.059,0.067,0.120,0.034,0.116,0.066,0.065,0.060,0.053,0.060,0.067,0.061,0.144,0.055,0.057,0.119,0.095,0.053,0.031,0.131,0.040,0.086,0.093,0.048,0.106,0.095,0.088,0.114,0.088,0.138,0.062,0.100,0.080,0.069,0.064,0.063,0.037,0.087,0.087,0.106,0.042,0.048
SS6004469,0.062,0.065,0.091,0.058,0.076,0.043,0.070,0.085,0.062,0.064,0.064,0.083,0.048,0.048,0.062,0.079,0.070,0.054,0.080,0.082,0.135,0.088,0.087,0.036,0.078,0.102,0.082,0.147,0.064,0.024,0.054,0.100,0.095,0.073,0.073,0.112,0.045,0.061,0.061,0.063,0.058,0.059,0.052,0.026,0.049,0.047,0.052,0.065,0.072,0.066,0.034,0.061,0.043,0.039,0.041,0.064,0.033,0.043,0.056,0.090,0.054,0.045,0.036,0.066,0.039,0.035,0.055,0.078,0.060,0.075,0.081,0.033,0.085,0.045,0.068,0.079,0.077,0.097,0.088,0.058,0.072,0.103,0.036,0.037,0.024,0.009,0.009,0.046,0.058,0.022,0.059,0.038,0.010,0.016,0.044,0.173,0.056,0.033,0.015,0.030,0.026,0.083,0.077,0.017,0.056,0.030,0.019,0.011,0.004,0.020,0.041,0.057,0.171,0.074,0.021,0.083,0.014,0.012,0.012,0.128,0.005,0.023,0.029,0.011,0.062,0.050,0.033,0.017,0.032,0.085,0.049,0.014,0.099,0.068,0.079,0.125,0.061,0.005,0.109,0.075,0.047,0.001,0.001,0.022,0.032,0.009,0.024,0.046,0.073,0.046,0.003,0.007,0.033,0.012,0.013,0.023,0.021,0.033,0.027,0.011,0.032,0.042,0.028,0.006,0.046,0.007,0.008,0.019,0.009,0.012,0.080,0.018,0.065,0.049,0.004,0.010,0.012,0.017,0.064,0.009,0.100,0.010,0.041,0.130,0.103,0.003,0.020,0.078,0.074,0.020,0.011,0.026,0.022,0.039,0.081,0.046,0.027,0.019,0.043,0.042,0.068,0.098,0.037,0.012,0.088,0.060,0.045,0.054,0.056,0.078,0.081,0.004,0.087,0.041,0.011,0.114,0.069,0.083,0.070,0.031,0.027,0.054,0.011,0.118,0.073,0.085,0.023,0.091,0.045,0.031,0.065,0.049,0.063,0.063,0.047,0.072,0.015,0.063,0.098,0.029,0.041,0.028,0.043,0.046,0.016,0.046,0.118,0.047,0.044,0.049,0.068,0.049,0.060,0.066,0.089,0.008,0.068,0.046,0.056,0.013,0.057,0.086,0.054,0.044,0.031,0.086,0.012,0.065,0.014,0.075,0.064,0.023,0.031,0.012,0.058,0.031,0.052,0.076,0.027,0.029,0.078,0.083,0.027,0.038,0.048,0.018,0.028,0.022,0.028,0.026,0.021,0.028,0.058,0.040,0.119,0.012,0.014,0.015,0.099,0.022,0.110,0.107,0.011,0.016,0.060,0.016,0.079,0.002,0.012,0.055,0.034,0.023,0.059,0.016,0.072,0.037,0.070,0.009,0.010,0.022,0.023,0.039,0.125,0.018,0.031,0.085,0.072,0.076,0.019,0.025,0.064,0.073,0.029,0.036,0.134,0.108,0.077,0.083,0.072,0.104,0.072,0.059,0.049,0.054,0.045,0.038,0.068,0.055,0.073,0.090,0.103,0.096,0.080,0.072,0.076,0.127,0.051,0.041,0.034,0.138,0.081,0.072,0.070,0.051,0.035,0.056,0.055,0.070,0.027,0.050,0.054,0.049,0.053,0.087,0.096,0.087,0.042,0.058,0.083,0.041,0.064,0.063,0.069,0.052,0.110,0.060,0.061,0.063,0.035,0.083,0.102,0.052,0.057,0.119,0.049,0.096,0.059,0.047,0.056,0.067,0.071,0.094,0.082,0.059,0.072,0.016,0.175,0.043,0.010,0.048,0.049,0.084,0.040,0.076,0.052,0.062,0.087,0.090,0.064,0.055,0.070,0.079,0.066,0.051,0.076,0.064,0.069,0.042,0.086,0.044,0.052,0.078,0.082,0.074,0.027,0.046,0.020,0.075,0.036
SS6004472,0.066,0.082,0.081,0.058,0.099,0.102,0.006,0.053,0.063,0.037,0.034,0.038,0.036,0.034,0.044,0.043,0.041,0.060,0.042,0.037,0.034,0.038,0.036,0.026,0.027,0.045,0.034,0.033,0.038,0.034,0.042,0.039,0.040,0.037,0.003,0.004,0.005,0.005,0.002,0.003,0.070,0.072,0.203,0.194,0.171,0.179,0.183,0.211,0.212,0.198,0.196,0.169,0.172,0.233,0.201,0.188,0.210,0.235,0.200,0.210,0.204,0.210,0.175,0.188,0.217,0.207,0.217,0.101,0.067,0.067,0.060,0.085,0.071,0.078,0.079,0.057,0.078,0.015,0.015,0.026,0.023,0.013,0.019,0.001,0.118,0.001,0.001,0.194,0.001,0.001,0.101,0.001,0.001,0.002,0.002,0.004,0.221,0.001,0.001,0.002,0.001,0.001,0.002,0.002,0.002,0.001,0.004,0.001,0.000,0.002,0.001,0.003,0.003,0.001,0.001,0.003,0.002,0.003,0.001,0.002,0.001,0.002,0.005,0.000,0.002,0.001,0.002,0.001,0.001,0.001,0.001,0.001,0.004,0.002,0.003,0.004,0.002,0.001,0.002,0.003,0.001,0.001,0.000,0.002,0.002,0.001,0.003,0.001,0.002,0.001,0.001,0.001,0.001,0.001,0.001,0.000,0.001,0.001,0.001,0.001,0.002,0.002,0.002,0.002,0.003,0.002,0.002,0.006,0.002,0.002,0.002,0.001,0.003,0.002,0.001,0.001,0.002,0.001,0.003,0.001,0.003,0.001,0.001,0.003,0.001,0.001,0.003,0.001,0.002,0.002,0.002,0.002,0.001,0.002,0.001,0.002,0.002,0.001,0.003,0.004,0.002,0.004,0.002,0.001,0.003,0.182,0.001,0.002,0.001,0.001,0.002,0.001,0.004,0.202,0.002,0.001,0.000,0.003,0.002,0.220,0.230,0.005,0.002,0.002,0.001,0.001,0.001,0.001,0.236,0.218,0.004,0.003,0.002,0.219,0.202,0.003,0.001,0.002,0.001,0.002,0.001,0.002,0.194,0.160,0.000,0.002,0.002,0.004,0.002,0.002,0.207,0.001,0.001,0.003,0.003,0.002,0.286,0.001,0.002,0.002,0.002,0.003,0.003,0.003,0.003,0.003,0.001,0.001,0.001,0.001,0.002,0.001,0.003,0.003,0.001,0.006,0.004,0.006,0.002,0.007,0.006,0.002,0.006,0.002,0.001,0.002,0.002,0.003,0.002,0.001,0.002,0.001,0.002,0.002,0.002,0.001,0.001,0.003,0.002,0.002,0.003,0.002,0.000,0.001,0.003,0.000,0.002,0.002,0.001,0.002,0.002,0.002,0.002,0.002,0.002,0.002,0.003,0.001,0.002,0.004,0.004,0.003,0.005,0.002,0.002,0.070,0.195,0.217,0.199,0.215,0.205,0.220,0.176,0.002,0.002,0.005,0.002,0.003,0.003,0.002,0.002,0.152,0.165,0.156,0.138,0.196,0.122,0.151,0.003,0.003,0.002,0.004,0.003,0.002,0.002,0.001,0.002,0.001,0.004,0.003,0.002,0.002,0.002,0.207,0.120,0.187,0.083,0.213,0.202,0.127,0.205,0.048,0.026,0.038,0.047,0.032,0.027,0.037,0.037,0.033,0.033,0.030,0.041,0.046,0.049,0.041,0.037,0.046,0.048,0.049,0.055,0.008,0.019,0.008,0.017,0.012,0.010,0.003,0.005,0.003,0.003,0.003,0.006,0.002,0.002,0.001,0.003,0.270,0.001,0.002,0.095,0.121,0.002,0.004,0.008,0.006,0.005,0.004,0.002,0.005,0.063,0.128,0.158,0.157,0.161,0.141,0.146,0.170,0.120,0.119,0.138,0.129,0.132,0.131,0.164,0.139,0.136,0.086,0.091
SS6004474,0.009,0.053,0.054,0.026,0.044,0.027,0.035,0.022,0.049,0.080,0.070,0.009,0.051,0.036,0.033,0.026,0.035,0.073,0.022,0.032,0.039,0.050,0.017,0.036,0.021,0.041,0.027,0.013,0.017,0.026,0.038,0.027,0.057,0.035,0.036,0.019,0.044,0.031,0.053,0.043,0.065,0.052,0.041,0.051,0.061,0.030,0.036,0.038,0.047,0.026,0.052,0.061,0.066,0.030,0.038,0.070,0.085,0.023,0.044,0.045,0.057,0.071,0.019,0.070,0.091,0.054,0.038,0.046,0.087,0.087,0.038,0.027,0.053,0.028,0.043,0.052,0.011,0.030,0.027,0.064,0.034,0.020,0.023,0.035,0.044,0.021,0.069,0.051,0.082,0.027,0.056,0.018,0.042,0.041,0.025,0.064,0.058,0.064,0.019,0.057,0.024,0.042,0.027,0.019,0.052,0.057,0.027,0.039,0.037,0.066,0.040,0.036,0.041,0.029,0.013,0.057,0.061,0.015,0.079,0.062,0.063,0.019,0.041,0.051,0.031,0.034,0.103,0.052,0.041,0.025,0.068,0.092,0.049,0.027,0.089,0.022,0.109,0.066,0.062,0.129,0.042,0.020,0.038,0.039,0.076,0.034,0.048,0.024,0.121,0.056,0.006,0.044,0.079,0.054,0.086,0.043,0.045,0.117,0.081,0.092,0.065,0.058,0.046,0.038,0.122,0.016,0.044,0.030,0.061,0.055,0.010,0.060,0.058,0.011,0.063,0.054,0.085,0.030,0.044,0.036,0.092,0.038,0.036,0.040,0.015,0.020,0.044,0.098,0.047,0.044,0.073,0.057,0.075,0.058,0.035,0.043,0.107,0.097,0.045,0.068,0.049,0.016,0.060,0.084,0.032,0.039,0.084,0.065,0.071,0.068,0.040,0.078,0.083,0.023,0.033,0.024,0.104,0.084,0.020,0.041,0.039,0.052,0.039,0.034,0.043,0.049,0.010,0.074,0.041,0.031,0.042,0.064,0.067,0.040,0.050,0.031,0.057,0.105,0.041,0.048,0.048,0.060,0.058,0.054,0.020,0.053,0.079,0.075,0.032,0.025,0.052,0.050,0.005,0.086,0.049,0.087,0.066,0.054,0.052,0.059,0.038,0.027,0.111,0.020,0.040,0.042,0.019,0.037,0.068,0.022,0.060,0.034,0.072,0.043,0.068,0.022,0.024,0.059,0.069,0.059,0.040,0.082,0.079,0.041,0.062,0.101,0.095,0.128,0.069,0.060,0.026,0.093,0.017,0.133,0.028,0.081,0.117,0.014,0.056,0.089,0.048,0.048,0.073,0.047,0.037,0.071,0.045,0.092,0.007,0.037,0.104,0.074,0.037,0.076,0.095,0.039,0.041,0.097,0.021,0.018,0.098,0.034,0.046,0.059,0.032,0.093,0.043,0.028,0.097,0.040,0.095,0.016,0.037,0.003,0.031,0.085,0.034,0.016,0.024,0.009,0.038,0.063,0.045,0.027,0.055,0.047,0.065,0.037,0.066,0.008,0.008,0.046,0.049,0.041,0.075,0.037,0.009,0.019,0.008,0.033,0.036,0.013,0.019,0.073,0.043,0.044,0.079,0.098,0.066,0.072,0.074,0.021,0.021,0.041,0.024,0.056,0.011,0.043,0.054,0.024,0.065,0.002,0.008,0.030,0.076,0.027,0.046,0.051,0.028,0.060,0.031,0.040,0.040,0.032,0.032,0.024,0.022,0.045,0.035,0.054,0.029,0.079,0.051,0.061,0.055,0.069,0.042,0.047,0.058,0.105,0.038,0.080,0.046,0.045,0.059,0.036,0.083,0.051,0.067,0.011,0.042,0.034,0.044,0.053,0.061,0.116,0.041,0.064,0.062,0.058,0.060,0.045,0.045,0.031,0.065,0.047,0.054,0.011,0.038
SS6004476,0.083,0.086,0.098,0.136,0.062,0.063,0.102,0.067,0.093,0.075,0.048,0.041,0.104,0.111,0.093,0.114,0.114,0.152,0.065,0.121,0.056,0.071,0.075,0.064,0.067,0.079,0.041,0.102,0.066,0.082,0.084,0.077,0.043,0.049,0.092,0.123,0.065,0.136,0.069,0.110,0.122,0.084,0.108,0.106,0.047,0.064,0.119,0.082,0.136,0.088,0.079,0.034,0.027,0.030,0.109,0.155,0.078,0.096,0.114,0.061,0.074,0.083,0.074,0.088,0.102,0.086,0.088,0.112,0.101,0.123,0.071,0.063,0.091,0.080,0.105,0.084,0.018,0.061,0.093,0.079,0.093,0.029,0.094,0.071,0.103,0.041,0.040,0.046,0.266,0.040,0.089,0.199,0.037,0.105,0.038,0.107,0.116,0.229,0.043,0.024,0.028,0.124,0.074,0.011,0.088,0.088,0.061,0.022,0.047,0.067,0.052,0.101,0.129,0.089,0.049,0.131,0.060,0.040,0.036,0.073,0.053,0.034,0.047,0.067,0.057,0.094,0.218,0.022,0.072,0.060,0.105,0.061,0.063,0.070,0.223,0.056,0.115,0.049,0.081,0.401,0.194,0.015,0.033,0.043,0.043,0.069,0.070,0.059,0.354,0.249,0.009,0.038,0.074,0.046,0.031,0.042,0.044,0.103,0.042,0.069,0.055,0.071,0.050,0.079,0.171,0.072,0.044,0.051,0.062,0.090,0.047,0.048,0.093,0.063,0.010,0.050,0.074,0.046,0.029,0.028,0.106,0.047,0.058,0.095,0.044,0.057,0.053,0.048,0.096,0.042,0.041,0.135,0.035,0.059,0.070,0.093,0.077,0.070,0.142,0.131,0.106,0.063,0.082,0.059,0.077,0.075,0.206,0.114,0.057,0.124,0.092,0.036,0.134,0.091,0.063,0.050,0.107,0.093,0.067,0.113,0.115,0.087,0.029,0.105,0.137,0.115,0.117,0.086,0.053,0.082,0.134,0.079,0.105,0.079,0.067,0.072,0.057,0.175,0.127,0.060,0.134,0.174,0.109,0.071,0.022,0.193,0.112,0.181,0.088,0.118,0.111,0.205,0.065,0.142,0.107,0.046,0.090,0.121,0.129,0.018,0.049,0.104,0.188,0.054,0.016,0.060,0.033,0.082,0.017,0.085,0.208,0.027,0.048,0.053,0.091,0.106,0.034,0.121,0.070,0.055,0.110,0.264,0.036,0.030,0.089,0.037,0.102,0.095,0.085,0.048,0.043,0.039,0.071,0.084,0.071,0.104,0.035,0.035,0.072,0.038,0.105,0.137,0.027,0.030,0.075,0.038,0.098,0.030,0.023,0.047,0.053,0.102,0.085,0.111,0.191,0.194,0.178,0.044,0.032,0.014,0.024,0.034,0.063,0.026,0.066,0.096,0.117,0.078,0.083,0.065,0.108,0.099,0.050,0.090,0.066,0.126,0.092,0.059,0.046,0.073,0.080,0.135,0.109,0.123,0.110,0.123,0.099,0.072,0.077,0.091,0.114,0.075,0.099,0.104,0.143,0.132,0.041,0.050,0.057,0.138,0.062,0.047,0.030,0.099,0.077,0.118,0.093,0.124,0.108,0.093,0.081,0.076,0.061,0.151,0.051,0.049,0.131,0.082,0.076,0.075,0.097,0.082,0.081,0.030,0.089,0.066,0.071,0.104,0.074,0.085,0.067,0.047,0.070,0.035,0.088,0.089,0.076,0.091,0.069,0.099,0.079,0.050,0.080,0.119,0.081,0.058,0.075,0.064,0.040,0.306,0.070,0.144,0.123,0.078,0.056,0.110,0.103,0.101,0.057,0.075,0.116,0.074,0.115,0.074,0.095,0.134,0.109,0.091,0.064,0.072,0.121,0.065,0.072,0.030,0.073,0.116,0.082,0.077,0.074
SS6004477,0.037,0.045,0.044,0.032,0.047,0.051,0.005,0.033,0.039,0.024,0.026,0.017,0.033,0.028,0.038,0.031,0.029,0.029,0.023,0.027,0.022,0.027,0.029,0.017,0.013,0.018,0.023,0.026,0.027,0.023,0.019,0.022,0.024,0.025,0.004,0.005,0.004,0.003,0.003,0.002,0.033,0.041,0.110,0.097,0.101,0.091,0.085,0.112,0.111,0.093,0.119,0.094,0.086,0.121,0.120,0.096,0.101,0.118,0.096,0.118,0.093,0.108,0.095,0.094,0.102,0.114,0.121,0.050,0.051,0.027,0.040,0.047,0.035,0.035,0.035,0.029,0.034,0.007,0.008,0.012,0.018,0.013,0.010,0.001,0.085,0.001,0.001,0.115,0.002,0.001,0.097,0.002,0.001,0.002,0.001,0.005,0.130,0.002,0.001,0.001,0.003,0.003,0.002,0.003,0.002,0.002,0.001,0.002,0.001,0.001,0.002,0.002,0.002,0.002,0.002,0.002,0.002,0.002,0.002,0.004,0.001,0.000,0.002,0.001,0.002,0.002,0.002,0.000,0.003,0.002,0.002,0.002,0.001,0.002,0.002,0.003,0.003,0.001,0.001,0.003,0.001,0.000,0.000,0.001,0.002,0.001,0.004,0.001,0.002,0.001,0.001,0.001,0.001,0.001,0.001,0.000,0.002,0.002,0.002,0.001,0.001,0.002,0.001,0.001,0.002,0.001,0.001,0.002,0.001,0.001,0.003,0.001,0.003,0.002,0.000,0.000,0.001,0.000,0.001,0.000,0.003,0.000,0.001,0.002,0.001,0.001,0.000,0.002,0.002,0.000,0.001,0.003,0.001,0.004,0.002,0.002,0.001,0.001,0.002,0.005,0.002,0.002,0.001,0.002,0.002,0.116,0.002,0.004,0.001,0.002,0.001,0.002,0.003,0.120,0.001,0.001,0.001,0.002,0.002,0.122,0.125,0.001,0.002,0.001,0.001,0.001,0.001,0.003,0.104,0.114,0.005,0.002,0.001,0.114,0.120,0.003,0.002,0.001,0.002,0.002,0.001,0.002,0.112,0.118,0.000,0.002,0.003,0.002,0.001,0.001,0.119,0.001,0.002,0.002,0.002,0.001,0.112,0.002,0.001,0.002,0.001,0.001,0.002,0.001,0.003,0.002,0.001,0.002,0.001,0.005,0.001,0.001,0.002,0.001,0.002,0.003,0.002,0.004,0.001,0.001,0.003,0.002,0.001,0.004,0.002,0.002,0.001,0.003,0.000,0.001,0.004,0.003,0.001,0.002,0.001,0.002,0.001,0.002,0.002,0.001,0.002,0.004,0.001,0.000,0.004,0.000,0.002,0.001,0.001,0.001,0.002,0.002,0.002,0.002,0.002,0.002,0.001,0.000,0.001,0.005,0.002,0.002,0.005,0.002,0.002,0.033,0.105,0.096,0.108,0.122,0.109,0.132,0.086,0.002,0.003,0.003,0.002,0.001,0.002,0.002,0.002,0.085,0.090,0.100,0.072,0.113,0.056,0.086,0.002,0.004,0.002,0.003,0.001,0.002,0.003,0.002,0.002,0.001,0.002,0.005,0.001,0.002,0.001,0.119,0.066,0.092,0.071,0.110,0.091,0.091,0.121,0.023,0.021,0.022,0.029,0.017,0.018,0.020,0.019,0.018,0.016,0.008,0.025,0.025,0.022,0.028,0.022,0.019,0.024,0.038,0.039,0.009,0.011,0.012,0.012,0.005,0.008,0.003,0.003,0.003,0.002,0.002,0.001,0.002,0.002,0.001,0.003,0.104,0.001,0.003,0.144,0.160,0.002,0.006,0.004,0.003,0.002,0.003,0.004,0.004,0.035,0.089,0.108,0.105,0.111,0.091,0.081,0.101,0.087,0.097,0.090,0.095,0.087,0.088,0.107,0.109,0.102,0.042,0.052
SS6004478,0.032,0.044,0.054,0.032,0.057,0.056,0.008,0.034,0.042,0.036,0.036,0.032,0.039,0.024,0.036,0.031,0.033,0.036,0.018,0.021,0.031,0.022,0.022,0.019,0.018,0.024,0.029,0.020,0.022,0.016,0.025,0.031,0.023,0.026,0.003,0.004,0.005,0.002,0.003,0.002,0.033,0.038,0.115,0.112,0.100,0.108,0.107,0.116,0.114,0.105,0.122,0.108,0.091,0.130,0.117,0.101,0.104,0.115,0.119,0.125,0.119,0.124,0.096,0.120,0.115,0.101,0.146,0.048,0.049,0.042,0.046,0.049,0.035,0.052,0.034,0.028,0.041,0.008,0.007,0.014,0.021,0.009,0.017,0.002,0.095,0.001,0.001,0.121,0.003,0.002,0.095,0.002,0.002,0.002,0.002,0.006,0.128,0.002,0.001,0.002,0.002,0.003,0.002,0.002,0.003,0.003,0.002,0.002,0.001,0.001,0.002,0.005,0.006,0.003,0.001,0.004,0.002,0.003,0.001,0.005,0.001,0.003,0.002,0.001,0.003,0.003,0.003,0.001,0.003,0.003,0.004,0.003,0.003,0.003,0.003,0.004,0.005,0.001,0.004,0.005,0.003,0.000,0.000,0.001,0.003,0.002,0.004,0.002,0.003,0.002,0.001,0.001,0.002,0.001,0.002,0.001,0.001,0.003,0.002,0.001,0.002,0.003,0.003,0.001,0.004,0.002,0.002,0.003,0.001,0.002,0.002,0.000,0.003,0.005,0.000,0.001,0.002,0.001,0.003,0.000,0.004,0.001,0.003,0.003,0.004,0.002,0.002,0.002,0.003,0.001,0.001,0.003,0.002,0.004,0.003,0.002,0.003,0.001,0.004,0.004,0.005,0.008,0.002,0.001,0.004,0.116,0.003,0.005,0.002,0.004,0.004,0.001,0.003,0.114,0.002,0.004,0.003,0.004,0.002,0.116,0.130,0.004,0.002,0.005,0.004,0.003,0.001,0.003,0.102,0.124,0.004,0.003,0.004,0.112,0.130,0.002,0.002,0.002,0.004,0.002,0.004,0.003,0.118,0.099,0.001,0.002,0.003,0.006,0.001,0.001,0.120,0.002,0.003,0.003,0.004,0.001,0.112,0.002,0.003,0.002,0.002,0.002,0.004,0.003,0.004,0.005,0.002,0.002,0.002,0.004,0.004,0.002,0.003,0.004,0.004,0.005,0.005,0.006,0.002,0.003,0.003,0.003,0.004,0.003,0.003,0.002,0.003,0.004,0.001,0.002,0.002,0.001,0.003,0.002,0.002,0.002,0.001,0.001,0.003,0.001,0.005,0.006,0.001,0.001,0.003,0.000,0.005,0.001,0.000,0.003,0.002,0.003,0.003,0.002,0.003,0.002,0.003,0.000,0.001,0.002,0.005,0.003,0.004,0.002,0.003,0.035,0.115,0.130,0.117,0.128,0.122,0.123,0.089,0.003,0.004,0.008,0.003,0.003,0.003,0.003,0.002,0.107,0.093,0.105,0.080,0.121,0.061,0.092,0.004,0.005,0.004,0.004,0.003,0.002,0.005,0.003,0.002,0.003,0.002,0.003,0.002,0.003,0.002,0.130,0.067,0.099,0.069,0.111,0.106,0.089,0.127,0.022,0.028,0.028,0.034,0.022,0.018,0.016,0.019,0.023,0.020,0.015,0.026,0.028,0.033,0.022,0.024,0.024,0.036,0.040,0.046,0.011,0.009,0.010,0.011,0.007,0.008,0.003,0.004,0.005,0.005,0.004,0.006,0.003,0.003,0.001,0.005,0.125,0.001,0.005,0.150,0.169,0.002,0.004,0.005,0.004,0.008,0.004,0.003,0.006,0.042,0.105,0.112,0.114,0.124,0.105,0.099,0.115,0.095,0.094,0.094,0.108,0.095,0.096,0.116,0.108,0.103,0.053,0.070
SS6004479,0.058,0.043,0.145,0.040,0.043,0.052,0.071,0.061,0.098,0.062,0.078,0.056,0.024,0.029,0.101,0.061,0.070,0.048,0.104,0.144,0.076,0.061,0.049,0.169,0.057,0.086,0.122,0.089,0.075,0.062,0.073,0.036,0.120,0.060,0.104,0.136,0.036,0.036,0.061,0.034,0.043,0.128,0.052,0.098,0.055,0.073,0.082,0.104,0.091,0.080,0.083,0.063,0.065,0.056,0.087,0.130,0.052,0.078,0.076,0.084,0.056,0.070,0.047,0.083,0.061,0.067,0.071,0.095,0.032,0.072,0.078,0.070,0.088,0.046,0.114,0.085,0.112,0.085,0.096,0.108,0.059,0.083,0.072,0.034,0.056,0.033,0.034,0.056,0.171,0.037,0.055,0.137,0.046,0.046,0.105,0.062,0.105,0.146,0.040,0.019,0.014,0.055,0.038,0.020,0.094,0.058,0.045,0.025,0.024,0.089,0.023,0.118,0.067,0.058,0.036,0.056,0.018,0.025,0.042,0.039,0.036,0.035,0.068,0.073,0.039,0.081,0.142,0.048,0.098,0.041,0.070,0.057,0.054,0.067,0.200,0.085,0.058,0.038,0.050,0.188,0.153,0.013,0.001,0.034,0.030,0.052,0.034,0.062,0.211,0.203,0.027,0.018,0.078,0.062,0.023,0.031,0.059,0.115,0.014,0.042,0.016,0.060,0.005,0.041,0.141,0.041,0.016,0.066,0.027,0.042,0.126,0.074,0.101,0.043,0.013,0.021,0.017,0.022,0.065,0.020,0.087,0.022,0.095,0.071,0.049,0.029,0.036,0.074,0.036,0.052,0.063,0.035,0.032,0.023,0.110,0.063,0.049,0.069,0.165,0.075,0.090,0.106,0.125,0.036,0.072,0.052,0.174,0.078,0.067,0.114,0.078,0.038,0.060,0.067,0.040,0.046,0.076,0.105,0.044,0.074,0.048,0.063,0.014,0.077,0.124,0.128,0.124,0.056,0.046,0.082,0.034,0.088,0.049,0.067,0.061,0.032,0.076,0.191,0.039,0.101,0.039,0.159,0.043,0.047,0.007,0.197,0.080,0.136,0.094,0.039,0.045,0.142,0.038,0.124,0.117,0.032,0.056,0.125,0.146,0.034,0.042,0.114,0.191,0.026,0.025,0.022,0.056,0.096,0.012,0.037,0.101,0.044,0.011,0.050,0.090,0.045,0.044,0.082,0.024,0.038,0.048,0.178,0.051,0.038,0.026,0.031,0.030,0.055,0.033,0.012,0.030,0.046,0.028,0.066,0.055,0.027,0.041,0.057,0.029,0.057,0.065,0.110,0.023,0.015,0.033,0.041,0.044,0.031,0.016,0.054,0.073,0.033,0.036,0.063,0.200,0.201,0.149,0.094,0.036,0.010,0.016,0.015,0.052,0.029,0.025,0.106,0.110,0.103,0.060,0.039,0.039,0.071,0.059,0.025,0.081,0.065,0.078,0.048,0.039,0.077,0.087,0.035,0.072,0.046,0.076,0.051,0.087,0.073,0.107,0.131,0.174,0.085,0.107,0.104,0.034,0.099,0.051,0.073,0.031,0.090,0.067,0.141,0.092,0.091,0.114,0.064,0.058,0.084,0.072,0.079,0.111,0.119,0.043,0.094,0.101,0.124,0.075,0.077,0.055,0.072,0.135,0.079,0.098,0.040,0.036,0.103,0.070,0.042,0.093,0.046,0.145,0.112,0.110,0.080,0.096,0.121,0.049,0.085,0.096,0.077,0.017,0.067,0.043,0.100,0.050,0.047,0.064,0.051,0.018,0.122,0.054,0.055,0.180,0.058,0.103,0.097,0.100,0.049,0.031,0.142,0.059,0.089,0.104,0.085,0.098,0.097,0.061,0.053,0.078,0.063,0.057,0.043,0.071,0.068,0.066,0.058,0.066,0.062,0.032
TL003,0.100,0.074,0.096,0.098,0.087,0.082,0.121,0.089,0.079,0.068,0.090,0.132,0.056,0.131,0.071,0.130,0.113,0.109,0.112,0.070,0.076,0.129,0.060,0.059,0.073,0.085,0.062,0.088,0.121,0.049,0.055,0.070,0.074,0.099,0.082,0.108,0.074,0.123,0.081,0.108,0.148,0.121,0.096,0.053,0.063,0.074,0.083,0.053,0.082,0.055,0.053,0.078,0.078,0.053,0.072,0.081,0.063,0.071,0.064,0.091,0.057,0.043,0.052,0.061,0.070,0.055,0.076,0.082,0.091,0.103,0.068,0.090,0.120,0.077,0.071,0.091,0.063,0.061,0.124,0.063,0.069,0.093,0.061,0.012,0.047,0.009,0.017,0.072,0.058,0.014,0.059,0.046,0.008,0.009,0.063,0.081,0.099,0.046,0.014,0.014,0.022,0.058,0.054,0.009,0.063,0.039,0.024,0.012,0.014,0.017,0.043,0.131,0.070,0.048,0.005,0.101,0.026,0.029,0.006,0.094,0.008,0.022,0.045,0.017,0.049,0.048,0.046,0.009,0.011,0.025,0.040,0.017,0.043,0.105,0.086,0.040,0.121,0.010,0.059,0.040,0.040,0.001,0.005,0.018,0.027,0.012,0.076,0.060,0.067,0.037,0.005,0.016,0.040,0.007,0.022,0.026,0.020,0.030,0.022,0.010,0.011,0.039,0.019,0.007,0.040,0.011,0.013,0.017,0.011,0.020,0.128,0.013,0.080,0.052,0.005,0.005,0.017,0.023,0.052,0.010,0.103,0.010,0.036,0.041,0.070,0.007,0.013,0.056,0.033,0.019,0.016,0.030,0.032,0.038,0.047,0.052,0.013,0.024,0.102,0.042,0.040,0.076,0.027,0.017,0.066,0.111,0.054,0.073,0.095,0.051,0.064,0.013,0.075,0.073,0.014,0.052,0.029,0.069,0.061,0.059,0.095,0.028,0.011,0.109,0.033,0.034,0.017,0.068,0.056,0.089,0.059,0.041,0.034,0.048,0.053,0.097,0.019,0.043,0.067,0.041,0.021,0.040,0.069,0.075,0.027,0.045,0.113,0.040,0.037,0.081,0.088,0.046,0.054,0.047,0.037,0.012,0.083,0.039,0.035,0.018,0.060,0.081,0.035,0.050,0.013,0.067,0.024,0.025,0.022,0.080,0.049,0.012,0.031,0.018,0.069,0.021,0.056,0.119,0.035,0.016,0.129,0.066,0.012,0.034,0.025,0.025,0.004,0.020,0.018,0.012,0.040,0.044,0.082,0.040,0.091,0.012,0.011,0.024,0.050,0.017,0.057,0.114,0.019,0.006,0.037,0.010,0.095,0.010,0.013,0.034,0.013,0.016,0.039,0.005,0.041,0.055,0.038,0.010,0.010,0.029,0.014,0.027,0.039,0.015,0.027,0.109,0.059,0.042,0.068,0.056,0.056,0.071,0.036,0.022,0.055,0.098,0.095,0.063,0.114,0.067,0.054,0.082,0.069,0.064,0.025,0.092,0.060,0.053,0.058,0.080,0.076,0.101,0.114,0.073,0.071,0.129,0.031,0.040,0.051,0.097,0.093,0.080,0.070,0.077,0.095,0.112,0.066,0.059,0.036,0.096,0.058,0.079,0.062,0.118,0.095,0.081,0.078,0.146,0.093,0.056,0.151,0.093,0.119,0.047,0.068,0.157,0.066,0.122,0.058,0.117,0.085,0.047,0.071,0.187,0.135,0.083,0.047,0.085,0.064,0.101,0.117,0.076,0.075,0.098,0.051,0.024,0.071,0.061,0.011,0.050,0.075,0.060,0.036,0.257,0.118,0.142,0.192,0.164,0.120,0.088,0.127,0.073,0.084,0.066,0.049,0.071,0.048,0.060,0.053,0.060,0.053,0.047,0.035,0.049,0.063,0.068,0.062,0.061,0.073
TL004,0.089,0.035,0.126,0.092,0.149,0.064,0.048,0.076,0.105,0.095,0.090,0.052,0.063,0.064,0.061,0.091,0.031,0.036,0.093,0.180,0.108,0.076,0.048,0.119,0.050,0.104,0.116,0.065,0.107,0.061,0.084,0.097,0.107,0.091,0.078,0.136,0.042,0.053,0.060,0.051,0.060,0.180,0.057,0.068,0.053,0.037,0.034,0.094,0.060,0.059,0.060,0.080,0.086,0.065,0.115,0.046,0.069,0.079,0.116,0.113,0.089,0.067,0.080,0.107,0.099,0.052,0.099,0.085,0.091,0.061,0.075,0.067,0.100,0.040,0.084,0.101,0.093,0.083,0.138,0.086,0.052,0.066,0.056,0.019,0.057,0.011,0.013,0.084,0.043,0.021,0.050,0.029,0.008,0.012,0.054,0.071,0.117,0.030,0.018,0.029,0.014,0.046,0.035,0.022,0.045,0.023,0.017,0.004,0.010,0.015,0.038,0.100,0.050,0.033,0.017,0.045,0.018,0.024,0.006,0.054,0.004,0.020,0.035,0.010,0.045,0.050,0.029,0.010,0.022,0.061,0.025,0.010,0.033,0.040,0.043,0.039,0.055,0.016,0.059,0.023,0.025,0.006,0.008,0.031,0.019,0.011,0.044,0.033,0.025,0.031,0.003,0.016,0.023,0.008,0.009,0.013,0.005,0.016,0.021,0.005,0.010,0.036,0.024,0.024,0.043,0.018,0.023,0.007,0.010,0.020,0.105,0.004,0.089,0.027,0.005,0.012,0.011,0.023,0.029,0.019,0.124,0.012,0.071,0.032,0.060,0.007,0.037,0.017,0.037,0.021,0.012,0.015,0.030,0.015,0.052,0.029,0.024,0.027,0.049,0.038,0.038,0.079,0.020,0.007,0.113,0.148,0.045,0.037,0.042,0.041,0.040,0.015,0.047,0.095,0.016,0.060,0.033,0.033,0.042,0.089,0.108,0.038,0.013,0.061,0.027,0.043,0.029,0.050,0.065,0.081,0.041,0.056,0.052,0.096,0.112,0.096,0.010,0.025,0.065,0.048,0.021,0.039,0.091,0.093,0.015,0.033,0.068,0.062,0.033,0.034,0.082,0.023,0.043,0.060,0.041,0.008,0.091,0.019,0.024,0.015,0.015,0.068,0.028,0.027,0.015,0.047,0.018,0.026,0.012,0.048,0.038,0.012,0.025,0.012,0.069,0.040,0.053,0.091,0.026,0.016,0.087,0.028,0.018,0.020,0.021,0.012,0.012,0.018,0.021,0.011,0.026,0.020,0.036,0.013,0.054,0.020,0.011,0.006,0.031,0.006,0.036,0.046,0.016,0.020,0.027,0.000,0.053,0.014,0.014,0.022,0.008,0.017,0.044,0.010,0.048,0.029,0.033,0.003,0.010,0.025,0.015,0.025,0.039,0.007,0.037,0.122,0.096,0.059,0.086,0.105,0.087,0.092,0.061,0.059,0.045,0.072,0.074,0.047,0.064,0.043,0.041,0.084,0.089,0.071,0.031,0.086,0.091,0.097,0.076,0.120,0.163,0.074,0.102,0.058,0.083,0.096,0.040,0.069,0.027,0.086,0.040,0.083,0.068,0.066,0.054,0.113,0.075,0.083,0.120,0.088,0.120,0.042,0.062,0.092,0.142,0.118,0.071,0.084,0.126,0.078,0.097,0.113,0.114,0.065,0.084,0.127,0.107,0.124,0.065,0.097,0.092,0.124,0.107,0.052,0.113,0.104,0.056,0.058,0.077,0.100,0.067,0.060,0.061,0.127,0.054,0.012,0.045,0.119,0.013,0.031,0.055,0.079,0.055,0.095,0.057,0.182,0.155,0.076,0.091,0.170,0.033,0.086,0.065,0.115,0.147,0.048,0.065,0.084,0.058,0.062,0.066,0.090,0.102,0.068,0.084,0.123,0.096,0.049,0.082
TL032,0.093,0.069,0.137,0.114,0.134,0.056,0.092,0.092,0.120,0.084,0.102,0.079,0.044,0.075,0.082,0.118,0.080,0.075,0.136,0.212,0.107,0.121,0.077,0.157,0.093,0.086,0.110,0.098,0.138,0.077,0.082,0.077,0.153,0.105,0.099,0.159,0.061,0.116,0.096,0.120,0.068,0.181,0.091,0.047,0.058,0.038,0.112,0.099,0.088,0.084,0.058,0.068,0.054,0.122,0.043,0.052,0.061,0.081,0.088,0.085,0.048,0.055,0.090,0.102,0.073,0.095,0.062,0.109,0.078,0.062,0.072,0.088,0.120,0.062,0.083,0.102,0.103,0.112,0.136,0.106,0.101,0.090,0.094,0.015,0.116,0.011,0.013,0.082,0.066,0.027,0.065,0.042,0.024,0.016,0.062,0.080,0.069,0.047,0.010,0.019,0.019,0.072,0.045,0.020,0.042,0.019,0.017,0.008,0.004,0.013,0.063,0.108,0.082,0.043,0.014,0.081,0.012,0.024,0.007,0.048,0.004,0.006,0.044,0.004,0.043,0.054,0.029,0.016,0.019,0.047,0.053,0.014,0.030,0.053,0.072,0.045,0.134,0.011,0.058,0.053,0.058,0.000,0.005,0.013,0.028,0.008,0.097,0.040,0.052,0.051,0.002,0.016,0.040,0.009,0.021,0.018,0.008,0.025,0.043,0.009,0.026,0.034,0.021,0.010,0.080,0.014,0.005,0.018,0.016,0.016,0.138,0.008,0.109,0.031,0.004,0.012,0.015,0.018,0.041,0.015,0.130,0.017,0.062,0.053,0.030,0.000,0.028,0.017,0.045,0.025,0.014,0.020,0.025,0.027,0.063,0.042,0.029,0.012,0.050,0.052,0.045,0.108,0.020,0.008,0.124,0.067,0.082,0.050,0.039,0.048,0.043,0.019,0.072,0.091,0.016,0.060,0.030,0.067,0.056,0.090,0.063,0.071,0.009,0.089,0.033,0.051,0.021,0.045,0.067,0.091,0.064,0.075,0.066,0.059,0.098,0.059,0.005,0.036,0.093,0.048,0.047,0.057,0.037,0.060,0.020,0.037,0.088,0.054,0.026,0.081,0.112,0.049,0.048,0.064,0.048,0.010,0.091,0.035,0.050,0.013,0.018,0.102,0.060,0.029,0.017,0.091,0.028,0.041,0.017,0.068,0.069,0.009,0.021,0.019,0.092,0.037,0.067,0.102,0.039,0.013,0.109,0.060,0.023,0.036,0.027,0.017,0.019,0.015,0.017,0.018,0.022,0.015,0.049,0.010,0.055,0.011,0.007,0.003,0.039,0.015,0.047,0.065,0.016,0.019,0.056,0.007,0.058,0.010,0.014,0.043,0.005,0.018,0.043,0.005,0.074,0.064,0.052,0.000,0.004,0.040,0.011,0.036,0.044,0.013,0.027,0.142,0.079,0.053,0.074,0.050,0.085,0.077,0.062,0.043,0.085,0.104,0.095,0.071,0.075,0.074,0.074,0.074,0.077,0.084,0.065,0.061,0.055,0.071,0.085,0.142,0.225,0.096,0.129,0.085,0.104,0.138,0.071,0.084,0.056,0.137,0.055,0.115,0.082,0.071,0.080,0.086,0.040,0.081,0.080,0.048,0.076,0.077,0.055,0.104,0.140,0.156,0.114,0.149,0.088,0.106,0.137,0.141,0.104,0.049,0.088,0.212,0.116,0.105,0.083,0.138,0.118,0.150,0.121,0.053,0.169,0.146,0.080,0.060,0.106,0.110,0.108,0.049,0.056,0.125,0.050,0.007,0.053,0.078,0.007,0.057,0.037,0.063,0.057,0.127,0.194,0.130,0.188,0.145,0.093,0.205,0.063,0.078,0.128,0.107,0.129,0.143,0.101,0.095,0.090,0.142,0.120,0.103,0.109,0.120,0.112,0.127,0.122,0.051,0.076
TL038,0.070,0.027,0.079,0.052,0.127,0.046,0.067,0.069,0.075,0.073,0.052,0.067,0.057,0.090,0.048,0.092,0.041,0.052,0.087,0.153,0.068,0.045,0.060,0.090,0.090,0.078,0.076,0.080,0.076,0.088,0.077,0.068,0.078,0.066,0.050,0.103,0.048,0.046,0.049,0.063,0.076,0.121,0.045,0.053,0.047,0.072,0.097,0.034,0.055,0.031,0.043,0.075,0.068,0.073,0.066,0.063,0.086,0.050,0.068,0.065,0.051,0.052,0.066,0.048,0.031,0.046,0.059,0.083,0.058,0.066,0.089,0.058,0.125,0.058,0.091,0.076,0.080,0.072,0.090,0.071,0.085,0.077,0.032,0.009,0.054,0.009,0.011,0.056,0.039,0.019,0.071,0.026,0.007,0.012,0.043,0.064,0.042,0.035,0.012,0.015,0.023,0.058,0.046,0.012,0.056,0.021,0.015,0.008,0.009,0.014,0.035,0.095,0.046,0.042,0.008,0.086,0.021,0.021,0.011,0.078,0.005,0.020,0.032,0.010,0.035,0.042,0.023,0.004,0.020,0.042,0.041,0.011,0.050,0.048,0.051,0.116,0.086,0.011,0.043,0.035,0.028,0.002,0.004,0.016,0.021,0.012,0.068,0.046,0.041,0.040,0.003,0.011,0.029,0.006,0.016,0.026,0.006,0.029,0.019,0.009,0.023,0.034,0.032,0.011,0.036,0.014,0.011,0.021,0.006,0.012,0.092,0.005,0.063,0.058,0.002,0.013,0.014,0.016,0.044,0.008,0.107,0.015,0.054,0.072,0.037,0.010,0.012,0.035,0.021,0.017,0.007,0.008,0.028,0.026,0.052,0.056,0.018,0.016,0.079,0.036,0.069,0.134,0.025,0.005,0.085,0.068,0.046,0.046,0.041,0.038,0.061,0.011,0.067,0.069,0.011,0.055,0.011,0.062,0.051,0.031,0.060,0.037,0.015,0.077,0.050,0.039,0.010,0.041,0.040,0.088,0.024,0.048,0.030,0.040,0.070,0.054,0.007,0.038,0.075,0.045,0.035,0.035,0.045,0.034,0.018,0.040,0.059,0.061,0.033,0.046,0.067,0.027,0.061,0.036,0.033,0.010,0.051,0.034,0.026,0.013,0.035,0.043,0.050,0.033,0.022,0.052,0.019,0.027,0.011,0.063,0.038,0.015,0.026,0.021,0.065,0.040,0.063,0.133,0.018,0.021,0.143,0.048,0.011,0.015,0.028,0.016,0.009,0.010,0.011,0.009,0.022,0.029,0.072,0.019,0.057,0.010,0.015,0.007,0.038,0.011,0.044,0.058,0.012,0.014,0.056,0.004,0.057,0.010,0.010,0.039,0.020,0.017,0.029,0.007,0.043,0.036,0.035,0.003,0.008,0.021,0.013,0.019,0.023,0.017,0.023,0.104,0.066,0.130,0.056,0.043,0.062,0.085,0.046,0.047,0.049,0.074,0.053,0.053,0.114,0.033,0.047,0.094,0.063,0.049,0.066,0.088,0.028,0.085,0.080,0.064,0.130,0.065,0.080,0.064,0.082,0.132,0.056,0.061,0.045,0.078,0.084,0.095,0.087,0.101,0.085,0.046,0.041,0.068,0.066,0.080,0.055,0.072,0.079,0.064,0.070,0.063,0.063,0.063,0.085,0.053,0.136,0.069,0.092,0.054,0.042,0.099,0.070,0.068,0.051,0.150,0.100,0.095,0.085,0.097,0.090,0.080,0.051,0.078,0.059,0.109,0.065,0.050,0.063,0.079,0.056,0.020,0.056,0.060,0.012,0.041,0.024,0.079,0.040,0.123,0.117,0.135,0.097,0.069,0.072,0.137,0.057,0.037,0.094,0.088,0.104,0.063,0.097,0.055,0.055,0.064,0.057,0.036,0.069,0.038,0.061,0.072,0.096,0.084,0.061
TL097,0.050,0.081,0.055,0.105,0.085,0.072,0.117,0.050,0.077,0.082,0.083,0.079,0.067,0.056,0.054,0.106,0.093,0.094,0.095,0.123,0.131,0.130,0.074,0.097,0.099,0.111,0.089,0.145,0.186,0.054,0.060,0.097,0.153,0.144,0.123,0.130,0.094,0.207,0.154,0.181,0.081,0.078,0.092,0.042,0.074,0.094,0.062,0.053,0.125,0.063,0.084,0.092,0.106,0.098,0.047,0.087,0.077,0.063,0.122,0.088,0.071,0.081,0.063,0.100,0.100,0.052,0.115,0.106,0.090,0.106,0.083,0.039,0.140,0.086,0.084,0.067,0.081,0.108,0.087,0.066,0.096,0.159,0.117,0.021,0.057,0.005,0.008,0.080,0.066,0.029,0.060,0.057,0.014,0.006,0.052,0.101,0.075,0.069,0.020,0.034,0.019,0.088,0.083,0.019,0.080,0.038,0.008,0.015,0.009,0.010,0.038,0.120,0.093,0.060,0.020,0.140,0.016,0.019,0.015,0.107,0.003,0.048,0.019,0.011,0.067,0.060,0.047,0.003,0.026,0.084,0.048,0.027,0.068,0.052,0.102,0.079,0.149,0.005,0.084,0.064,0.095,0.005,0.001,0.010,0.021,0.018,0.052,0.053,0.092,0.036,0.003,0.008,0.026,0.005,0.019,0.020,0.005,0.022,0.037,0.012,0.013,0.055,0.025,0.012,0.062,0.010,0.016,0.018,0.004,0.021,0.083,0.001,0.075,0.055,0.005,0.003,0.012,0.017,0.065,0.023,0.090,0.020,0.051,0.049,0.059,0.007,0.021,0.043,0.080,0.039,0.013,0.051,0.031,0.037,0.095,0.082,0.025,0.016,0.041,0.054,0.051,0.113,0.028,0.003,0.110,0.068,0.097,0.109,0.039,0.068,0.076,0.028,0.092,0.105,0.011,0.104,0.037,0.063,0.079,0.096,0.105,0.092,0.007,0.072,0.103,0.044,0.010,0.075,0.095,0.077,0.071,0.085,0.073,0.062,0.076,0.058,0.012,0.058,0.133,0.039,0.042,0.036,0.103,0.058,0.017,0.062,0.093,0.033,0.035,0.090,0.101,0.077,0.050,0.037,0.072,0.007,0.082,0.013,0.055,0.012,0.028,0.086,0.037,0.024,0.031,0.064,0.031,0.053,0.013,0.108,0.099,0.020,0.042,0.014,0.079,0.058,0.061,0.109,0.066,0.022,0.154,0.088,0.007,0.027,0.023,0.017,0.017,0.033,0.006,0.020,0.042,0.033,0.071,0.024,0.056,0.022,0.016,0.011,0.054,0.006,0.065,0.084,0.024,0.023,0.064,0.006,0.048,0.020,0.008,0.041,0.011,0.029,0.058,0.014,0.059,0.076,0.054,0.005,0.003,0.039,0.022,0.048,0.044,0.017,0.039,0.085,0.097,0.080,0.067,0.057,0.087,0.069,0.056,0.039,0.097,0.097,0.145,0.088,0.069,0.085,0.056,0.088,0.087,0.045,0.057,0.113,0.073,0.075,0.098,0.066,0.121,0.118,0.077,0.117,0.105,0.196,0.018,0.070,0.072,0.093,0.083,0.054,0.060,0.074,0.105,0.085,0.044,0.125,0.060,0.120,0.066,0.063,0.053,0.144,0.095,0.164,0.108,0.139,0.093,0.122,0.106,0.126,0.146,0.078,0.094,0.214,0.117,0.116,0.063,0.191,0.076,0.099,0.076,0.082,0.206,0.084,0.070,0.048,0.089,0.093,0.157,0.096,0.089,0.133,0.097,0.011,0.104,0.068,0.015,0.073,0.060,0.081,0.036,0.208,0.104,0.207,0.124,0.262,0.109,0.116,0.051,0.056,0.055,0.092,0.092,0.073,0.069,0.054,0.087,0.107,0.083,0.103,0.065,0.066,0.041,0.072,0.099,0.050,0.082
TL113,0.092,0.074,0.068,0.095,0.077,0.078,0.070,0.091,0.090,0.061,0.072,0.088,0.079,0.106,0.059,0.102,0.056,0.067,0.087,0.081,0.073,0.065,0.050,0.082,0.075,0.080,0.084,0.078,0.058,0.039,0.071,0.055,0.054,0.084,0.084,0.076,0.074,0.064,0.073,0.102,0.107,0.103,0.091,0.120,0.059,0.062,0.073,0.045,0.049,0.077,0.036,0.072,0.055,0.030,0.067,0.075,0.094,0.034,0.107,0.081,0.056,0.076,0.057,0.053,0.061,0.025,0.072,0.077,0.078,0.071,0.116,0.067,0.088,0.116,0.076,0.067,0.072,0.066,0.082,0.059,0.061,0.094,0.071,0.031,0.045,0.031,0.012,0.083,0.051,0.046,0.048,0.053,0.022,0.013,0.047,0.102,0.041,0.052,0.023,0.033,0.023,0.070,0.038,0.033,0.078,0.016,0.018,0.011,0.014,0.052,0.032,0.133,0.086,0.070,0.017,0.101,0.027,0.024,0.024,0.071,0.013,0.021,0.043,0.021,0.063,0.073,0.046,0.010,0.029,0.064,0.034,0.024,0.048,0.080,0.080,0.051,0.091,0.024,0.089,0.038,0.043,0.035,0.003,0.028,0.016,0.026,0.049,0.057,0.055,0.025,0.010,0.017,0.027,0.010,0.030,0.021,0.009,0.024,0.034,0.022,0.031,0.077,0.042,0.040,0.031,0.012,0.021,0.015,0.016,0.039,0.075,0.006,0.101,0.050,0.005,0.011,0.028,0.028,0.050,0.017,0.137,0.029,0.058,0.051,0.080,0.004,0.046,0.028,0.052,0.056,0.005,0.029,0.042,0.036,0.086,0.062,0.027,0.028,0.070,0.048,0.066,0.067,0.027,0.007,0.091,0.080,0.047,0.061,0.082,0.064,0.066,0.020,0.089,0.065,0.008,0.087,0.032,0.065,0.098,0.041,0.075,0.064,0.015,0.074,0.041,0.036,0.035,0.092,0.075,0.038,0.056,0.059,0.078,0.051,0.071,0.096,0.021,0.040,0.079,0.036,0.038,0.058,0.082,0.054,0.030,0.045,0.098,0.043,0.066,0.052,0.083,0.051,0.060,0.086,0.060,0.002,0.057,0.029,0.067,0.021,0.023,0.035,0.048,0.034,0.033,0.083,0.023,0.043,0.016,0.060,0.056,0.023,0.059,0.020,0.082,0.031,0.069,0.109,0.048,0.019,0.081,0.051,0.020,0.016,0.025,0.030,0.013,0.024,0.009,0.022,0.018,0.038,0.059,0.022,0.095,0.026,0.017,0.023,0.065,0.012,0.061,0.093,0.017,0.026,0.056,0.000,0.084,0.019,0.006,0.043,0.028,0.023,0.064,0.007,0.047,0.021,0.044,0.012,0.035,0.076,0.031,0.026,0.041,0.008,0.050,0.099,0.114,0.063,0.036,0.048,0.061,0.055,0.060,0.069,0.065,0.083,0.096,0.047,0.079,0.070,0.051,0.130,0.063,0.071,0.027,0.064,0.062,0.048,0.076,0.079,0.122,0.112,0.092,0.067,0.087,0.072,0.036,0.055,0.026,0.079,0.062,0.039,0.064,0.040,0.039,0.093,0.081,0.061,0.055,0.051,0.067,0.069,0.064,0.093,0.073,0.073,0.030,0.123,0.121,0.050,0.077,0.047,0.058,0.082,0.117,0.057,0.081,0.107,0.035,0.129,0.075,0.092,0.084,0.087,0.127,0.075,0.074,0.072,0.081,0.122,0.086,0.100,0.070,0.145,0.084,0.028,0.075,0.045,0.020,0.042,0.066,0.060,0.023,0.133,0.124,0.128,0.133,0.112,0.073,0.069,0.060,0.049,0.100,0.076,0.079,0.095,0.055,0.088,0.077,0.044,0.047,0.056,0.087,0.061,0.071,0.087,0.056,0.050,0.075
TL119,0.053,0.044,0.099,0.085,0.119,0.044,0.050,0.061,0.105,0.065,0.065,0.045,0.059,0.050,0.088,0.072,0.087,0.069,0.115,0.223,0.117,0.075,0.057,0.122,0.131,0.095,0.080,0.064,0.126,0.112,0.144,0.064,0.082,0.046,0.074,0.166,0.036,0.058,0.068,0.058,0.048,0.159,0.082,0.087,0.063,0.071,0.102,0.049,0.079,0.086,0.078,0.050,0.056,0.057,0.094,0.084,0.048,0.069,0.045,0.092,0.087,0.052,0.071,0.083,0.053,0.079,0.101,0.083,0.060,0.058,0.074,0.097,0.159,0.055,0.062,0.069,0.093,0.089,0.081,0.077,0.061,0.090,0.079,0.019,0.083,0.013,0.013,0.089,0.048,0.023,0.107,0.031,0.010,0.018,0.063,0.042,0.074,0.041,0.016,0.023,0.019,0.034,0.046,0.017,0.035,0.017,0.022,0.013,0.001,0.028,0.022,0.076,0.048,0.033,0.011,0.069,0.016,0.022,0.002,0.043,0.002,0.014,0.022,0.010,0.045,0.038,0.025,0.010,0.021,0.034,0.024,0.014,0.026,0.029,0.040,0.034,0.091,0.018,0.039,0.033,0.029,0.008,0.007,0.020,0.012,0.011,0.059,0.042,0.039,0.055,0.007,0.009,0.027,0.020,0.014,0.019,0.001,0.020,0.021,0.000,0.024,0.036,0.016,0.011,0.039,0.012,0.018,0.020,0.006,0.013,0.127,0.012,0.089,0.036,0.008,0.019,0.011,0.015,0.043,0.025,0.133,0.020,0.083,0.053,0.034,0.003,0.031,0.021,0.029,0.015,0.016,0.012,0.025,0.014,0.039,0.032,0.022,0.015,0.021,0.047,0.059,0.070,0.019,0.010,0.116,0.074,0.055,0.039,0.017,0.030,0.038,0.014,0.054,0.082,0.020,0.060,0.020,0.034,0.029,0.078,0.073,0.031,0.017,0.041,0.049,0.039,0.021,0.049,0.050,0.090,0.029,0.066,0.035,0.094,0.059,0.033,0.010,0.028,0.070,0.069,0.036,0.044,0.070,0.074,0.010,0.031,0.032,0.045,0.026,0.057,0.044,0.022,0.030,0.051,0.038,0.014,0.070,0.022,0.025,0.017,0.043,0.064,0.024,0.023,0.012,0.038,0.022,0.024,0.011,0.043,0.042,0.008,0.025,0.019,0.066,0.038,0.043,0.055,0.027,0.016,0.088,0.026,0.018,0.030,0.023,0.016,0.008,0.016,0.018,0.007,0.023,0.029,0.049,0.022,0.073,0.007,0.011,0.012,0.021,0.007,0.035,0.038,0.011,0.019,0.047,0.001,0.017,0.002,0.012,0.014,0.012,0.013,0.038,0.016,0.046,0.050,0.044,0.004,0.013,0.015,0.019,0.024,0.045,0.015,0.020,0.128,0.081,0.059,0.078,0.039,0.067,0.078,0.029,0.043,0.063,0.042,0.064,0.062,0.048,0.039,0.049,0.071,0.104,0.065,0.076,0.083,0.070,0.055,0.103,0.133,0.193,0.073,0.082,0.083,0.076,0.157,0.054,0.070,0.040,0.087,0.043,0.124,0.066,0.088,0.107,0.079,0.052,0.053,0.043,0.080,0.071,0.055,0.034,0.068,0.118,0.100,0.125,0.099,0.047,0.094,0.159,0.150,0.112,0.047,0.040,0.192,0.131,0.056,0.090,0.107,0.089,0.153,0.112,0.042,0.085,0.153,0.075,0.053,0.095,0.159,0.075,0.054,0.041,0.076,0.072,0.021,0.044,0.079,0.003,0.040,0.047,0.080,0.076,0.077,0.169,0.183,0.180,0.086,0.047,0.188,0.051,0.083,0.088,0.083,0.109,0.101,0.090,0.085,0.095,0.080,0.059,0.067,0.049,0.057,0.099,0.097,0.085,0.086,0.083
TMB-TBR-027,0.071,0.076,0.085,0.094,0.114,0.111,0.015,0.044,0.077,0.051,0.044,0.063,0.046,0.059,0.067,0.041,0.052,0.048,0.045,0.044,0.061,0.050,0.050,0.038,0.043,0.053,0.044,0.050,0.044,0.054,0.042,0.031,0.043,0.054,0.018,0.012,0.006,0.005,0.008,0.008,0.083,0.076,0.206,0.166,0.142,0.158,0.149,0.164,0.161,0.134,0.144,0.140,0.116,0.187,0.170,0.147,0.183,0.167,0.140,0.144,0.148,0.170,0.154,0.162,0.212,0.151,0.194,0.098,0.073,0.075,0.067,0.068,0.091,0.077,0.097,0.069,0.099,0.016,0.026,0.032,0.029,0.035,0.028,0.003,0.089,0.003,0.000,0.167,0.014,0.001,0.092,0.012,0.005,0.004,0.007,0.010,0.184,0.009,0.002,0.001,0.003,0.008,0.005,0.003,0.005,0.006,0.002,0.001,0.003,0.012,0.004,0.006,0.020,0.019,0.001,0.013,0.005,0.003,0.004,0.013,0.002,0.003,0.007,0.004,0.008,0.008,0.012,0.006,0.007,0.010,0.007,0.005,0.011,0.006,0.011,0.008,0.014,0.002,0.014,0.012,0.011,0.005,0.001,0.003,0.005,0.005,0.010,0.004,0.011,0.010,0.000,0.003,0.011,0.002,0.005,0.001,0.006,0.005,0.002,0.005,0.008,0.009,0.004,0.007,0.013,0.003,0.004,0.001,0.004,0.006,0.009,0.004,0.008,0.004,0.000,0.001,0.007,0.003,0.010,0.002,0.010,0.002,0.004,0.007,0.004,0.004,0.005,0.008,0.008,0.001,0.001,0.005,0.004,0.007,0.015,0.005,0.005,0.002,0.004,0.007,0.004,0.009,0.009,0.004,0.008,0.135,0.007,0.007,0.014,0.009,0.011,0.003,0.007,0.145,0.003,0.007,0.009,0.013,0.009,0.150,0.202,0.004,0.004,0.016,0.003,0.010,0.006,0.009,0.177,0.162,0.011,0.010,0.012,0.155,0.170,0.009,0.005,0.003,0.009,0.004,0.007,0.011,0.133,0.130,0.003,0.005,0.021,0.012,0.007,0.006,0.179,0.004,0.007,0.011,0.006,0.002,0.165,0.007,0.004,0.005,0.007,0.013,0.008,0.012,0.005,0.006,0.004,0.014,0.005,0.008,0.005,0.004,0.012,0.002,0.009,0.007,0.007,0.019,0.004,0.008,0.015,0.010,0.008,0.007,0.016,0.006,0.009,0.006,0.002,0.002,0.006,0.005,0.008,0.009,0.010,0.007,0.003,0.005,0.006,0.007,0.010,0.015,0.001,0.001,0.007,0.004,0.011,0.003,0.001,0.008,0.009,0.006,0.011,0.008,0.004,0.010,0.006,0.001,0.004,0.004,0.006,0.002,0.008,0.004,0.008,0.086,0.189,0.166,0.160,0.155,0.163,0.193,0.128,0.011,0.013,0.020,0.009,0.011,0.012,0.015,0.014,0.168,0.133,0.136,0.117,0.147,0.115,0.125,0.011,0.009,0.013,0.020,0.017,0.011,0.008,0.018,0.009,0.006,0.003,0.021,0.014,0.015,0.011,0.181,0.119,0.161,0.099,0.160,0.199,0.131,0.164,0.067,0.036,0.060,0.069,0.054,0.039,0.037,0.052,0.039,0.051,0.029,0.057,0.055,0.057,0.053,0.043,0.056,0.054,0.094,0.092,0.015,0.055,0.039,0.020,0.031,0.025,0.009,0.006,0.014,0.007,0.007,0.009,0.008,0.008,0.003,0.012,0.176,0.002,0.012,0.091,0.114,0.006,0.024,0.006,0.013,0.015,0.007,0.009,0.012,0.106,0.143,0.133,0.106,0.142,0.151,0.107,0.130,0.118,0.099,0.111,0.121,0.093,0.121,0.128,0.121,0.144,0.095,0.105
UV002,0.053,0.056,0.076,0.048,0.059,0.079,0.008,0.039,0.047,0.027,0.037,0.042,0.033,0.028,0.053,0.035,0.041,0.044,0.030,0.034,0.039,0.031,0.042,0.025,0.028,0.033,0.034,0.026,0.034,0.029,0.028,0.026,0.035,0.036,0.004,0.004,0.002,0.004,0.003,0.003,0.053,0.054,0.141,0.136,0.134,0.125,0.137,0.161,0.148,0.146,0.142,0.140,0.147,0.165,0.146,0.133,0.124,0.144,0.148,0.156,0.159,0.163,0.135,0.119,0.162,0.148,0.176,0.090,0.062,0.054,0.054,0.050,0.054,0.048,0.053,0.049,0.063,0.011,0.014,0.016,0.015,0.015,0.015,0.001,0.131,0.001,0.001,0.156,0.003,0.001,0.135,0.004,0.002,0.002,0.002,0.004,0.155,0.003,0.002,0.003,0.002,0.004,0.003,0.002,0.003,0.001,0.003,0.001,0.002,0.004,0.003,0.004,0.007,0.008,0.001,0.004,0.003,0.002,0.001,0.003,0.001,0.003,0.005,0.000,0.005,0.002,0.005,0.000,0.002,0.002,0.002,0.001,0.003,0.003,0.006,0.009,0.006,0.001,0.005,0.005,0.005,0.000,0.001,0.004,0.002,0.001,0.003,0.002,0.004,0.005,0.001,0.000,0.004,0.002,0.001,0.001,0.001,0.002,0.003,0.001,0.003,0.003,0.002,0.003,0.003,0.002,0.004,0.003,0.003,0.001,0.003,0.001,0.006,0.003,0.001,0.003,0.003,0.001,0.004,0.001,0.004,0.003,0.003,0.004,0.003,0.000,0.003,0.005,0.002,0.001,0.002,0.002,0.003,0.003,0.003,0.003,0.002,0.003,0.006,0.005,0.003,0.006,0.006,0.001,0.005,0.146,0.002,0.004,0.004,0.003,0.002,0.001,0.006,0.143,0.002,0.003,0.003,0.004,0.004,0.155,0.144,0.002,0.001,0.005,0.005,0.003,0.004,0.006,0.164,0.151,0.003,0.007,0.004,0.159,0.168,0.006,0.002,0.005,0.005,0.004,0.003,0.003,0.143,0.161,0.000,0.002,0.008,0.006,0.001,0.002,0.167,0.003,0.001,0.005,0.004,0.002,0.156,0.000,0.003,0.002,0.002,0.004,0.005,0.002,0.003,0.003,0.002,0.003,0.004,0.004,0.003,0.001,0.002,0.003,0.002,0.004,0.003,0.008,0.003,0.001,0.011,0.004,0.003,0.003,0.005,0.002,0.002,0.002,0.004,0.001,0.004,0.003,0.003,0.005,0.004,0.001,0.002,0.002,0.003,0.001,0.003,0.003,0.000,0.001,0.003,0.000,0.007,0.002,0.001,0.001,0.001,0.002,0.001,0.003,0.003,0.007,0.006,0.000,0.001,0.005,0.003,0.004,0.006,0.002,0.003,0.050,0.156,0.165,0.150,0.152,0.177,0.161,0.114,0.004,0.006,0.006,0.004,0.003,0.003,0.002,0.004,0.107,0.130,0.104,0.104,0.137,0.091,0.115,0.003,0.005,0.004,0.005,0.007,0.003,0.003,0.003,0.002,0.003,0.004,0.005,0.003,0.002,0.002,0.178,0.079,0.142,0.110,0.145,0.171,0.140,0.153,0.031,0.021,0.041,0.042,0.023,0.026,0.027,0.023,0.027,0.022,0.026,0.041,0.026,0.035,0.044,0.027,0.029,0.040,0.048,0.061,0.007,0.021,0.013,0.017,0.016,0.014,0.004,0.004,0.005,0.003,0.004,0.007,0.003,0.003,0.002,0.006,0.150,0.001,0.003,0.095,0.118,0.004,0.006,0.007,0.006,0.004,0.003,0.003,0.007,0.058,0.283,0.277,0.254,0.293,0.273,0.254,0.212,0.216,0.216,0.219,0.209,0.198,0.221,0.208,0.210,0.218,0.066,0.078
UV003,0.053,0.061,0.075,0.059,0.063,0.089,0.007,0.051,0.047,0.032,0.036,0.037,0.038,0.041,0.044,0.038,0.036,0.050,0.026,0.031,0.036,0.031,0.037,0.027,0.022,0.024,0.029,0.035,0.041,0.029,0.040,0.034,0.043,0.032,0.005,0.007,0.002,0.006,0.005,0.002,0.054,0.053,0.168,0.166,0.129,0.145,0.149,0.165,0.157,0.155,0.148,0.131,0.137,0.180,0.169,0.156,0.154,0.167,0.148,0.164,0.143,0.146,0.130,0.130,0.156,0.150,0.164,0.080,0.060,0.052,0.044,0.073,0.046,0.064,0.045,0.046,0.058,0.011,0.012,0.018,0.015,0.017,0.013,0.001,0.153,0.001,0.001,0.175,0.004,0.001,0.136,0.002,0.002,0.002,0.002,0.003,0.158,0.004,0.002,0.003,0.003,0.006,0.003,0.001,0.003,0.001,0.002,0.000,0.000,0.005,0.002,0.005,0.002,0.003,0.001,0.004,0.001,0.001,0.000,0.002,0.001,0.003,0.002,0.001,0.002,0.003,0.001,0.001,0.002,0.002,0.002,0.001,0.002,0.003,0.004,0.009,0.004,0.001,0.002,0.004,0.002,0.000,0.000,0.003,0.003,0.002,0.004,0.003,0.004,0.003,0.001,0.000,0.003,0.001,0.001,0.001,0.002,0.002,0.003,0.001,0.002,0.003,0.002,0.003,0.005,0.002,0.003,0.003,0.002,0.003,0.003,0.001,0.006,0.002,0.000,0.002,0.003,0.001,0.003,0.001,0.008,0.002,0.003,0.003,0.002,0.000,0.003,0.002,0.004,0.001,0.002,0.003,0.002,0.003,0.006,0.003,0.001,0.002,0.004,0.005,0.003,0.007,0.004,0.001,0.005,0.156,0.003,0.004,0.003,0.002,0.002,0.002,0.004,0.156,0.001,0.001,0.004,0.004,0.002,0.159,0.156,0.002,0.001,0.003,0.005,0.003,0.004,0.003,0.155,0.141,0.004,0.003,0.004,0.157,0.169,0.006,0.001,0.002,0.005,0.004,0.003,0.003,0.151,0.123,0.001,0.003,0.006,0.006,0.002,0.003,0.167,0.001,0.002,0.006,0.003,0.002,0.146,0.003,0.003,0.004,0.003,0.003,0.004,0.002,0.001,0.003,0.003,0.003,0.003,0.005,0.003,0.003,0.002,0.002,0.003,0.005,0.003,0.008,0.002,0.001,0.005,0.004,0.004,0.006,0.002,0.002,0.002,0.003,0.003,0.000,0.001,0.003,0.001,0.001,0.003,0.001,0.002,0.002,0.002,0.002,0.004,0.005,0.000,0.001,0.004,0.001,0.003,0.003,0.001,0.001,0.001,0.001,0.001,0.002,0.003,0.004,0.005,0.001,0.001,0.007,0.001,0.003,0.005,0.002,0.004,0.060,0.161,0.176,0.162,0.154,0.151,0.171,0.130,0.002,0.006,0.007,0.006,0.004,0.003,0.003,0.007,0.110,0.120,0.122,0.098,0.143,0.087,0.110,0.006,0.005,0.007,0.010,0.006,0.003,0.004,0.004,0.002,0.001,0.004,0.004,0.004,0.003,0.004,0.174,0.084,0.137,0.091,0.155,0.158,0.131,0.164,0.039,0.026,0.034,0.043,0.031,0.027,0.024,0.027,0.018,0.029,0.016,0.035,0.031,0.028,0.036,0.028,0.030,0.036,0.046,0.056,0.008,0.015,0.016,0.012,0.018,0.013,0.006,0.003,0.009,0.001,0.004,0.006,0.003,0.002,0.002,0.004,0.177,0.001,0.005,0.111,0.122,0.004,0.006,0.005,0.010,0.010,0.003,0.006,0.007,0.052,0.266,0.279,0.278,0.300,0.302,0.271,0.234,0.225,0.214,0.223,0.225,0.218,0.239,0.269,0.239,0.247,0.070,0.079
UV008,0.040,0.055,0.078,0.049,0.065,0.081,0.005,0.047,0.048,0.029,0.033,0.041,0.040,0.031,0.052,0.029,0.045,0.055,0.034,0.032,0.035,0.034,0.039,0.022,0.026,0.031,0.027,0.024,0.042,0.024,0.031,0.030,0.027,0.033,0.004,0.004,0.003,0.005,0.005,0.003,0.060,0.046,0.171,0.152,0.135,0.172,0.165,0.182,0.196,0.173,0.154,0.142,0.162,0.187,0.155,0.148,0.157,0.181,0.177,0.175,0.162,0.169,0.149,0.144,0.190,0.168,0.197,0.090,0.071,0.052,0.044,0.077,0.057,0.051,0.041,0.047,0.055,0.011,0.018,0.009,0.017,0.016,0.016,0.000,0.129,0.001,0.001,0.188,0.004,0.001,0.129,0.002,0.002,0.002,0.002,0.004,0.173,0.003,0.003,0.002,0.001,0.005,0.003,0.002,0.002,0.002,0.002,0.001,0.001,0.005,0.002,0.003,0.004,0.003,0.000,0.004,0.002,0.003,0.000,0.002,0.001,0.002,0.004,0.000,0.002,0.003,0.002,0.000,0.001,0.001,0.003,0.002,0.002,0.004,0.006,0.011,0.007,0.001,0.003,0.005,0.003,0.001,0.001,0.003,0.003,0.001,0.004,0.003,0.005,0.002,0.001,0.000,0.002,0.001,0.002,0.001,0.000,0.002,0.003,0.002,0.002,0.003,0.002,0.001,0.002,0.001,0.002,0.003,0.002,0.003,0.002,0.001,0.007,0.003,0.000,0.002,0.003,0.002,0.002,0.001,0.004,0.002,0.003,0.004,0.002,0.000,0.002,0.002,0.003,0.001,0.001,0.001,0.002,0.002,0.004,0.004,0.001,0.002,0.005,0.006,0.003,0.008,0.005,0.000,0.006,0.168,0.005,0.005,0.002,0.004,0.002,0.001,0.005,0.182,0.001,0.002,0.003,0.004,0.005,0.185,0.165,0.003,0.001,0.002,0.006,0.004,0.004,0.003,0.162,0.146,0.006,0.005,0.003,0.172,0.185,0.007,0.001,0.004,0.003,0.005,0.001,0.004,0.161,0.135,0.001,0.003,0.005,0.006,0.002,0.001,0.180,0.003,0.002,0.006,0.004,0.001,0.170,0.001,0.003,0.004,0.004,0.003,0.004,0.004,0.002,0.004,0.003,0.002,0.004,0.003,0.003,0.002,0.002,0.003,0.004,0.005,0.004,0.007,0.002,0.002,0.009,0.004,0.003,0.005,0.002,0.003,0.002,0.002,0.002,0.000,0.002,0.003,0.002,0.002,0.004,0.001,0.002,0.001,0.002,0.001,0.003,0.004,0.000,0.001,0.003,0.000,0.005,0.002,0.001,0.001,0.002,0.002,0.002,0.002,0.003,0.006,0.006,0.001,0.001,0.005,0.005,0.003,0.006,0.002,0.003,0.064,0.182,0.211,0.174,0.196,0.180,0.169,0.143,0.002,0.005,0.005,0.003,0.003,0.004,0.002,0.003,0.128,0.132,0.122,0.093,0.150,0.093,0.116,0.005,0.006,0.002,0.003,0.006,0.003,0.003,0.003,0.001,0.003,0.005,0.004,0.004,0.002,0.004,0.185,0.100,0.156,0.103,0.177,0.160,0.137,0.185,0.036,0.025,0.040,0.037,0.031,0.027,0.031,0.025,0.020,0.028,0.027,0.041,0.024,0.036,0.033,0.030,0.026,0.033,0.055,0.054,0.010,0.015,0.008,0.015,0.017,0.009,0.003,0.003,0.005,0.003,0.004,0.006,0.003,0.003,0.002,0.004,0.184,0.001,0.003,0.112,0.128,0.004,0.005,0.009,0.009,0.010,0.006,0.004,0.007,0.044,0.253,0.289,0.293,0.329,0.294,0.261,0.228,0.209,0.219,0.220,0.229,0.223,0.223,0.262,0.258,0.242,0.071,0.089
UV030,0.060,0.062,0.075,0.057,0.074,0.077,0.008,0.040,0.044,0.030,0.033,0.042,0.040,0.033,0.042,0.034,0.036,0.051,0.035,0.029,0.042,0.038,0.043,0.022,0.033,0.030,0.037,0.026,0.046,0.033,0.035,0.036,0.037,0.033,0.004,0.006,0.003,0.004,0.004,0.002,0.049,0.060,0.173,0.160,0.135,0.152,0.144,0.160,0.169,0.158,0.152,0.137,0.147,0.175,0.166,0.140,0.148,0.173,0.162,0.164,0.158,0.162,0.139,0.144,0.180,0.174,0.193,0.078,0.068,0.060,0.052,0.062,0.055,0.054,0.055,0.050,0.056,0.007,0.015,0.011,0.015,0.015,0.018,0.001,0.146,0.002,0.000,0.171,0.005,0.001,0.122,0.003,0.002,0.001,0.002,0.003,0.167,0.004,0.002,0.001,0.003,0.003,0.002,0.003,0.002,0.001,0.004,0.001,0.000,0.003,0.002,0.005,0.003,0.003,0.001,0.003,0.002,0.001,0.000,0.003,0.000,0.002,0.005,0.000,0.001,0.003,0.002,0.002,0.002,0.001,0.001,0.002,0.001,0.002,0.004,0.008,0.007,0.001,0.004,0.003,0.002,0.000,0.000,0.002,0.003,0.001,0.005,0.002,0.002,0.002,0.001,0.001,0.003,0.002,0.001,0.000,0.001,0.003,0.002,0.001,0.004,0.003,0.001,0.002,0.004,0.002,0.002,0.005,0.001,0.002,0.003,0.001,0.004,0.002,0.001,0.001,0.001,0.001,0.004,0.001,0.004,0.002,0.002,0.004,0.002,0.001,0.003,0.002,0.003,0.001,0.002,0.003,0.002,0.002,0.006,0.002,0.002,0.002,0.004,0.004,0.004,0.006,0.006,0.001,0.005,0.156,0.004,0.003,0.003,0.004,0.002,0.001,0.004,0.167,0.001,0.003,0.005,0.005,0.003,0.164,0.155,0.002,0.001,0.003,0.008,0.004,0.005,0.004,0.174,0.163,0.004,0.002,0.004,0.170,0.179,0.006,0.001,0.003,0.003,0.007,0.003,0.003,0.154,0.143,0.000,0.003,0.008,0.005,0.003,0.003,0.162,0.002,0.002,0.006,0.003,0.002,0.163,0.003,0.003,0.003,0.002,0.004,0.005,0.003,0.003,0.003,0.002,0.002,0.002,0.003,0.004,0.001,0.002,0.002,0.003,0.003,0.002,0.007,0.002,0.002,0.006,0.004,0.005,0.004,0.002,0.002,0.001,0.003,0.003,0.000,0.002,0.002,0.002,0.002,0.006,0.001,0.002,0.001,0.001,0.002,0.004,0.006,0.000,0.002,0.006,0.001,0.002,0.002,0.001,0.002,0.001,0.001,0.002,0.002,0.002,0.004,0.005,0.001,0.001,0.003,0.003,0.004,0.005,0.001,0.003,0.063,0.168,0.177,0.145,0.174,0.171,0.170,0.149,0.004,0.007,0.006,0.003,0.005,0.004,0.003,0.005,0.127,0.123,0.120,0.102,0.159,0.090,0.131,0.005,0.006,0.004,0.005,0.006,0.003,0.003,0.004,0.002,0.001,0.005,0.004,0.002,0.003,0.003,0.181,0.081,0.150,0.107,0.155,0.164,0.138,0.170,0.032,0.023,0.044,0.042,0.033,0.031,0.030,0.031,0.019,0.036,0.022,0.047,0.031,0.033,0.036,0.030,0.033,0.039,0.045,0.061,0.010,0.017,0.008,0.016,0.017,0.011,0.004,0.004,0.006,0.002,0.004,0.006,0.003,0.002,0.002,0.005,0.174,0.001,0.004,0.109,0.129,0.004,0.004,0.011,0.010,0.010,0.005,0.004,0.008,0.053,0.270,0.287,0.303,0.297,0.307,0.267,0.245,0.244,0.219,0.250,0.234,0.230,0.220,0.240,0.245,0.246,0.071,0.090
UV031,0.049,0.057,0.071,0.061,0.072,0.082,0.008,0.041,0.043,0.028,0.036,0.038,0.044,0.034,0.041,0.030,0.041,0.048,0.032,0.035,0.035,0.029,0.043,0.025,0.030,0.027,0.020,0.025,0.037,0.038,0.036,0.028,0.035,0.032,0.004,0.005,0.004,0.005,0.004,0.003,0.053,0.057,0.153,0.149,0.131,0.144,0.152,0.151,0.152,0.156,0.139,0.124,0.129,0.170,0.152,0.131,0.136,0.156,0.153,0.145,0.148,0.133,0.136,0.134,0.164,0.153,0.187,0.084,0.063,0.048,0.048,0.065,0.048,0.059,0.055,0.053,0.049,0.011,0.010,0.017,0.016,0.018,0.008,0.001,0.139,0.001,0.001,0.168,0.005,0.001,0.137,0.005,0.001,0.002,0.002,0.004,0.150,0.004,0.002,0.003,0.001,0.005,0.001,0.003,0.002,0.002,0.002,0.001,0.001,0.003,0.002,0.003,0.009,0.008,0.001,0.004,0.002,0.001,0.001,0.003,0.001,0.003,0.005,0.000,0.004,0.003,0.005,0.002,0.005,0.003,0.003,0.002,0.002,0.004,0.005,0.008,0.009,0.001,0.005,0.007,0.006,0.001,0.001,0.003,0.004,0.001,0.007,0.002,0.007,0.004,0.001,0.000,0.005,0.002,0.001,0.001,0.001,0.002,0.002,0.002,0.003,0.003,0.002,0.002,0.005,0.002,0.004,0.003,0.003,0.002,0.002,0.001,0.005,0.003,0.001,0.001,0.001,0.001,0.004,0.001,0.010,0.001,0.005,0.003,0.002,0.000,0.004,0.004,0.005,0.001,0.001,0.004,0.001,0.003,0.005,0.003,0.001,0.003,0.006,0.005,0.003,0.008,0.004,0.001,0.007,0.155,0.005,0.006,0.005,0.005,0.003,0.001,0.005,0.154,0.001,0.002,0.005,0.005,0.004,0.144,0.143,0.003,0.002,0.006,0.006,0.004,0.004,0.006,0.155,0.143,0.003,0.007,0.004,0.158,0.156,0.007,0.001,0.004,0.007,0.005,0.004,0.005,0.135,0.141,0.001,0.003,0.011,0.006,0.002,0.002,0.165,0.002,0.001,0.006,0.004,0.002,0.133,0.002,0.002,0.002,0.003,0.005,0.004,0.004,0.002,0.003,0.002,0.004,0.003,0.003,0.003,0.004,0.004,0.005,0.002,0.004,0.003,0.009,0.002,0.002,0.008,0.005,0.004,0.004,0.005,0.003,0.003,0.003,0.003,0.001,0.003,0.003,0.002,0.004,0.003,0.002,0.002,0.001,0.003,0.003,0.005,0.006,0.000,0.003,0.006,0.002,0.007,0.003,0.001,0.001,0.002,0.002,0.002,0.002,0.002,0.005,0.003,0.000,0.001,0.006,0.003,0.003,0.006,0.002,0.003,0.059,0.167,0.181,0.149,0.159,0.159,0.158,0.133,0.002,0.006,0.007,0.005,0.005,0.004,0.004,0.007,0.117,0.136,0.119,0.100,0.145,0.088,0.102,0.005,0.004,0.006,0.008,0.007,0.005,0.003,0.003,0.002,0.002,0.005,0.005,0.003,0.003,0.003,0.181,0.083,0.136,0.107,0.141,0.153,0.139,0.154,0.032,0.024,0.047,0.037,0.026,0.024,0.028,0.032,0.027,0.034,0.028,0.044,0.030,0.029,0.039,0.039,0.032,0.031,0.049,0.054,0.007,0.013,0.007,0.014,0.012,0.015,0.004,0.006,0.008,0.003,0.003,0.008,0.004,0.003,0.001,0.004,0.162,0.002,0.005,0.096,0.117,0.004,0.005,0.004,0.012,0.007,0.004,0.005,0.008,0.061,0.268,0.309,0.289,0.328,0.347,0.281,0.255,0.234,0.228,0.237,0.243,0.233,0.256,0.284,0.221,0.251,0.062,0.087
UV034,0.063,0.059,0.084,0.061,0.074,0.070,0.009,0.048,0.045,0.032,0.034,0.041,0.038,0.034,0.041,0.036,0.039,0.059,0.029,0.045,0.037,0.035,0.045,0.031,0.025,0.028,0.029,0.029,0.053,0.035,0.044,0.029,0.042,0.037,0.004,0.007,0.004,0.005,0.003,0.002,0.060,0.065,0.164,0.168,0.143,0.163,0.158,0.183,0.185,0.149,0.175,0.149,0.159,0.188,0.168,0.160,0.145,0.182,0.159,0.160,0.167,0.160,0.139,0.140,0.165,0.167,0.195,0.096,0.068,0.055,0.048,0.044,0.043,0.064,0.051,0.051,0.060,0.008,0.019,0.016,0.014,0.013,0.015,0.002,0.138,0.002,0.001,0.182,0.004,0.002,0.129,0.002,0.003,0.004,0.002,0.005,0.156,0.004,0.002,0.005,0.003,0.003,0.002,0.002,0.004,0.002,0.005,0.002,0.001,0.002,0.002,0.005,0.005,0.004,0.001,0.004,0.003,0.003,0.001,0.002,0.001,0.003,0.006,0.001,0.002,0.003,0.003,0.001,0.002,0.002,0.004,0.003,0.002,0.006,0.006,0.009,0.006,0.002,0.005,0.004,0.004,0.001,0.001,0.005,0.003,0.003,0.003,0.003,0.004,0.004,0.001,0.001,0.002,0.002,0.002,0.002,0.001,0.003,0.002,0.001,0.004,0.004,0.003,0.004,0.003,0.002,0.005,0.004,0.003,0.001,0.001,0.002,0.005,0.003,0.001,0.001,0.002,0.002,0.002,0.002,0.007,0.002,0.005,0.006,0.004,0.001,0.004,0.002,0.002,0.001,0.002,0.002,0.003,0.002,0.003,0.004,0.002,0.003,0.009,0.006,0.004,0.010,0.008,0.001,0.006,0.159,0.004,0.004,0.002,0.003,0.003,0.001,0.004,0.140,0.003,0.003,0.004,0.004,0.005,0.162,0.152,0.004,0.003,0.003,0.009,0.004,0.007,0.005,0.171,0.155,0.007,0.003,0.006,0.177,0.177,0.007,0.003,0.005,0.004,0.008,0.002,0.005,0.150,0.147,0.001,0.003,0.006,0.005,0.002,0.002,0.156,0.003,0.003,0.006,0.005,0.002,0.163,0.002,0.003,0.002,0.003,0.003,0.004,0.002,0.002,0.004,0.003,0.002,0.002,0.002,0.004,0.002,0.003,0.004,0.003,0.007,0.003,0.007,0.003,0.003,0.004,0.005,0.004,0.003,0.003,0.002,0.003,0.003,0.004,0.002,0.003,0.003,0.004,0.003,0.004,0.002,0.002,0.003,0.003,0.001,0.004,0.005,0.001,0.002,0.005,0.001,0.003,0.002,0.002,0.002,0.003,0.004,0.003,0.004,0.003,0.006,0.007,0.001,0.001,0.004,0.005,0.005,0.005,0.002,0.002,0.048,0.154,0.187,0.172,0.166,0.163,0.143,0.126,0.004,0.005,0.006,0.005,0.004,0.004,0.001,0.006,0.135,0.142,0.128,0.130,0.150,0.096,0.127,0.007,0.005,0.006,0.006,0.007,0.003,0.004,0.003,0.003,0.003,0.005,0.003,0.003,0.002,0.003,0.183,0.091,0.136,0.109,0.136,0.182,0.136,0.160,0.040,0.026,0.042,0.046,0.035,0.034,0.032,0.023,0.034,0.032,0.024,0.042,0.026,0.036,0.038,0.033,0.025,0.036,0.046,0.060,0.013,0.013,0.009,0.012,0.018,0.013,0.003,0.005,0.006,0.004,0.004,0.009,0.003,0.004,0.003,0.005,0.185,0.001,0.005,0.093,0.121,0.003,0.003,0.006,0.009,0.011,0.004,0.003,0.008,0.047,0.273,0.303,0.282,0.313,0.307,0.412,0.232,0.253,0.226,0.268,0.240,0.243,0.232,0.241,0.243,0.259,0.061,0.104
UV275B,0.052,0.047,0.068,0.054,0.063,0.086,0.006,0.046,0.051,0.032,0.035,0.030,0.033,0.033,0.038,0.046,0.046,0.045,0.028,0.024,0.029,0.027,0.037,0.021,0.022,0.036,0.033,0.029,0.031,0.034,0.036,0.025,0.031,0.026,0.003,0.004,0.003,0.003,0.003,0.004,0.045,0.055,0.166,0.157,0.128,0.160,0.138,0.150,0.167,0.155,0.163,0.121,0.142,0.180,0.170,0.138,0.145,0.169,0.164,0.169,0.146,0.153,0.140,0.151,0.168,0.153,0.184,0.067,0.056,0.054,0.048,0.066,0.052,0.039,0.052,0.051,0.062,0.012,0.010,0.018,0.017,0.017,0.019,0.001,0.128,0.001,0.001,0.157,0.002,0.002,0.107,0.003,0.002,0.002,0.003,0.003,0.161,0.001,0.001,0.002,0.001,0.003,0.002,0.002,0.001,0.002,0.004,0.001,0.001,0.003,0.001,0.003,0.006,0.006,0.001,0.004,0.003,0.001,0.001,0.003,0.000,0.001,0.004,0.000,0.004,0.003,0.004,0.001,0.002,0.001,0.003,0.002,0.002,0.003,0.005,0.007,0.006,0.001,0.007,0.003,0.004,0.001,0.001,0.002,0.002,0.001,0.006,0.001,0.002,0.004,0.000,0.001,0.003,0.001,0.002,0.001,0.001,0.003,0.001,0.001,0.002,0.002,0.001,0.002,0.003,0.002,0.002,0.004,0.002,0.001,0.001,0.001,0.004,0.002,0.000,0.001,0.001,0.001,0.002,0.001,0.007,0.001,0.004,0.004,0.003,0.001,0.002,0.004,0.002,0.002,0.001,0.004,0.002,0.002,0.004,0.003,0.002,0.002,0.005,0.005,0.003,0.004,0.006,0.001,0.004,0.153,0.003,0.002,0.004,0.002,0.002,0.001,0.005,0.167,0.001,0.003,0.003,0.005,0.004,0.152,0.156,0.003,0.002,0.005,0.006,0.001,0.003,0.005,0.138,0.166,0.005,0.005,0.003,0.163,0.174,0.006,0.001,0.003,0.005,0.006,0.004,0.002,0.168,0.152,0.000,0.001,0.007,0.005,0.001,0.001,0.166,0.002,0.002,0.005,0.003,0.001,0.150,0.002,0.003,0.003,0.002,0.004,0.005,0.003,0.003,0.004,0.001,0.002,0.002,0.003,0.002,0.002,0.002,0.001,0.004,0.005,0.003,0.006,0.001,0.002,0.006,0.004,0.003,0.004,0.004,0.002,0.001,0.003,0.002,0.001,0.002,0.002,0.002,0.005,0.003,0.001,0.001,0.002,0.003,0.000,0.002,0.004,0.001,0.001,0.007,0.000,0.006,0.001,0.001,0.001,0.002,0.003,0.002,0.003,0.003,0.005,0.005,0.001,0.001,0.006,0.003,0.004,0.004,0.002,0.003,0.066,0.153,0.192,0.166,0.171,0.157,0.163,0.113,0.004,0.003,0.006,0.004,0.003,0.004,0.003,0.005,0.131,0.106,0.105,0.091,0.147,0.098,0.107,0.003,0.005,0.004,0.007,0.003,0.002,0.002,0.001,0.001,0.001,0.004,0.003,0.002,0.001,0.001,0.179,0.085,0.161,0.095,0.153,0.142,0.114,0.163,0.040,0.033,0.035,0.039,0.025,0.027,0.022,0.033,0.019,0.028,0.036,0.038,0.023,0.035,0.029,0.023,0.031,0.051,0.047,0.052,0.009,0.020,0.010,0.013,0.010,0.017,0.003,0.004,0.008,0.003,0.004,0.006,0.003,0.002,0.001,0.003,0.182,0.001,0.004,0.099,0.119,0.002,0.005,0.006,0.007,0.005,0.003,0.005,0.006,0.049,0.192,0.222,0.208,0.243,0.236,0.196,0.305,0.254,0.267,0.237,0.259,0.251,0.277,0.305,0.268,0.255,0.067,0.084
UV287B,0.058,0.053,0.082,0.060,0.063,0.069,0.007,0.046,0.051,0.029,0.032,0.032,0.045,0.033,0.044,0.044,0.043,0.036,0.024,0.032,0.033,0.026,0.027,0.025,0.023,0.035,0.028,0.030,0.040,0.023,0.038,0.031,0.037,0.031,0.003,0.006,0.004,0.004,0.002,0.003,0.060,0.054,0.148,0.156,0.130,0.137,0.153,0.141,0.166,0.151,0.163,0.133,0.129,0.162,0.149,0.153,0.133,0.140,0.137,0.168,0.143,0.133,0.142,0.124,0.140,0.149,0.167,0.068,0.059,0.052,0.058,0.044,0.052,0.048,0.052,0.049,0.054,0.014,0.018,0.018,0.018,0.020,0.013,0.001,0.139,0.001,0.001,0.144,0.003,0.004,0.126,0.006,0.002,0.003,0.002,0.002,0.156,0.001,0.002,0.004,0.002,0.004,0.003,0.001,0.004,0.001,0.002,0.001,0.001,0.004,0.002,0.004,0.008,0.012,0.001,0.003,0.002,0.001,0.001,0.004,0.001,0.003,0.004,0.001,0.006,0.004,0.006,0.002,0.003,0.001,0.002,0.003,0.001,0.005,0.004,0.011,0.003,0.001,0.008,0.002,0.007,0.001,0.001,0.004,0.002,0.002,0.003,0.002,0.001,0.006,0.001,0.000,0.007,0.002,0.000,0.001,0.001,0.003,0.001,0.001,0.003,0.004,0.002,0.002,0.004,0.001,0.004,0.002,0.003,0.001,0.005,0.002,0.004,0.002,0.001,0.001,0.002,0.001,0.003,0.001,0.008,0.002,0.003,0.003,0.003,0.000,0.004,0.007,0.003,0.002,0.001,0.005,0.002,0.002,0.005,0.003,0.001,0.003,0.008,0.004,0.003,0.010,0.007,0.001,0.004,0.151,0.002,0.004,0.009,0.003,0.003,0.002,0.002,0.138,0.002,0.002,0.005,0.005,0.003,0.159,0.177,0.003,0.002,0.007,0.007,0.004,0.005,0.008,0.169,0.147,0.003,0.006,0.004,0.138,0.162,0.007,0.002,0.002,0.007,0.007,0.006,0.003,0.148,0.140,0.000,0.001,0.013,0.008,0.001,0.002,0.149,0.002,0.001,0.004,0.003,0.001,0.150,0.002,0.001,0.003,0.003,0.004,0.003,0.005,0.001,0.003,0.003,0.003,0.004,0.007,0.002,0.003,0.004,0.004,0.003,0.005,0.002,0.009,0.002,0.002,0.003,0.003,0.003,0.005,0.007,0.004,0.002,0.002,0.004,0.001,0.002,0.003,0.002,0.007,0.004,0.000,0.002,0.002,0.003,0.002,0.004,0.006,0.001,0.001,0.004,0.001,0.007,0.003,0.001,0.001,0.002,0.002,0.001,0.003,0.002,0.008,0.004,0.002,0.001,0.007,0.004,0.004,0.006,0.002,0.003,0.056,0.154,0.179,0.148,0.171,0.168,0.137,0.108,0.002,0.006,0.008,0.006,0.004,0.005,0.003,0.007,0.127,0.128,0.127,0.109,0.129,0.095,0.122,0.005,0.005,0.005,0.009,0.008,0.003,0.004,0.003,0.002,0.002,0.003,0.004,0.004,0.003,0.003,0.146,0.086,0.135,0.119,0.143,0.157,0.147,0.147,0.032,0.030,0.031,0.037,0.030,0.029,0.015,0.021,0.018,0.032,0.025,0.043,0.028,0.039,0.032,0.030,0.026,0.031,0.046,0.062,0.010,0.019,0.008,0.012,0.017,0.018,0.004,0.003,0.008,0.003,0.005,0.008,0.003,0.002,0.002,0.006,0.144,0.001,0.003,0.095,0.110,0.003,0.005,0.005,0.007,0.006,0.006,0.005,0.008,0.050,0.220,0.240,0.214,0.271,0.243,0.241,0.284,0.309,0.250,0.315,0.259,0.244,0.268,0.272,0.270,0.316,0.070,0.076
UV291,0.051,0.046,0.071,0.052,0.066,0.070,0.008,0.050,0.042,0.028,0.031,0.032,0.026,0.030,0.039,0.030,0.037,0.041,0.019,0.030,0.025,0.027,0.027,0.025,0.028,0.030,0.023,0.028,0.029,0.033,0.029,0.029,0.036,0.035,0.003,0.004,0.005,0.003,0.003,0.002,0.050,0.057,0.123,0.113,0.105,0.113,0.111,0.128,0.139,0.119,0.122,0.113,0.119,0.130,0.113,0.129,0.107,0.126,0.113,0.130,0.121,0.115,0.128,0.102,0.138,0.119,0.149,0.049,0.063,0.057,0.040,0.044,0.042,0.035,0.043,0.041,0.043,0.012,0.009,0.015,0.022,0.014,0.012,0.001,0.122,0.000,0.001,0.140,0.001,0.001,0.100,0.005,0.001,0.001,0.002,0.008,0.118,0.001,0.001,0.003,0.003,0.004,0.003,0.001,0.003,0.002,0.001,0.001,0.001,0.004,0.001,0.004,0.008,0.010,0.001,0.004,0.003,0.004,0.001,0.002,0.000,0.002,0.003,0.000,0.006,0.003,0.005,0.000,0.001,0.001,0.002,0.001,0.001,0.004,0.004,0.007,0.004,0.000,0.008,0.004,0.006,0.001,0.001,0.003,0.004,0.002,0.003,0.002,0.003,0.007,0.001,0.001,0.006,0.001,0.001,0.001,0.001,0.004,0.002,0.001,0.002,0.003,0.002,0.002,0.003,0.001,0.004,0.002,0.002,0.002,0.003,0.001,0.003,0.002,0.001,0.001,0.003,0.001,0.002,0.001,0.005,0.001,0.004,0.002,0.003,0.001,0.002,0.006,0.003,0.002,0.001,0.003,0.002,0.003,0.004,0.003,0.001,0.002,0.007,0.005,0.005,0.007,0.007,0.001,0.004,0.124,0.002,0.003,0.006,0.004,0.002,0.001,0.005,0.138,0.001,0.003,0.003,0.005,0.004,0.135,0.120,0.002,0.002,0.008,0.007,0.002,0.003,0.007,0.133,0.139,0.004,0.006,0.002,0.126,0.133,0.007,0.002,0.002,0.007,0.007,0.009,0.002,0.124,0.133,0.000,0.002,0.011,0.008,0.001,0.001,0.139,0.001,0.004,0.003,0.003,0.001,0.139,0.002,0.003,0.003,0.002,0.004,0.006,0.003,0.002,0.004,0.002,0.002,0.006,0.005,0.003,0.001,0.002,0.006,0.005,0.009,0.003,0.004,0.002,0.002,0.007,0.003,0.004,0.003,0.006,0.003,0.002,0.004,0.002,0.001,0.003,0.004,0.003,0.008,0.003,0.002,0.001,0.003,0.002,0.001,0.002,0.004,0.000,0.001,0.006,0.000,0.007,0.002,0.000,0.003,0.002,0.002,0.001,0.002,0.003,0.006,0.004,0.001,0.000,0.004,0.007,0.004,0.005,0.002,0.003,0.056,0.128,0.152,0.117,0.136,0.135,0.127,0.093,0.002,0.004,0.007,0.003,0.004,0.003,0.003,0.004,0.097,0.119,0.097,0.092,0.122,0.083,0.094,0.005,0.004,0.005,0.006,0.004,0.003,0.003,0.003,0.002,0.003,0.003,0.003,0.003,0.002,0.002,0.138,0.084,0.129,0.089,0.129,0.140,0.100,0.127,0.035,0.026,0.033,0.037,0.031,0.026,0.023,0.027,0.024,0.037,0.029,0.038,0.022,0.026,0.030,0.026,0.021,0.036,0.047,0.046,0.010,0.016,0.016,0.010,0.010,0.016,0.003,0.003,0.006,0.004,0.003,0.007,0.003,0.001,0.001,0.003,0.132,0.001,0.003,0.098,0.100,0.003,0.004,0.005,0.011,0.006,0.006,0.002,0.006,0.040,0.204,0.211,0.208,0.225,0.219,0.199,0.278,0.231,0.292,0.236,0.234,0.240,0.263,0.253,0.242,0.288,0.064,0.073
UV293,0.053,0.051,0.078,0.063,0.066,0.072,0.006,0.045,0.052,0.026,0.035,0.041,0.036,0.041,0.046,0.039,0.050,0.050,0.030,0.036,0.030,0.030,0.036,0.027,0.024,0.031,0.021,0.031,0.039,0.031,0.025,0.035,0.036,0.028,0.002,0.004,0.004,0.003,0.003,0.001,0.063,0.068,0.145,0.144,0.125,0.129,0.163,0.145,0.166,0.133,0.156,0.129,0.154,0.161,0.156,0.149,0.127,0.161,0.133,0.153,0.158,0.136,0.148,0.140,0.164,0.169,0.172,0.066,0.069,0.053,0.054,0.049,0.037,0.056,0.048,0.055,0.063,0.013,0.014,0.016,0.016,0.014,0.016,0.002,0.120,0.001,0.000,0.143,0.003,0.001,0.121,0.004,0.002,0.003,0.002,0.004,0.145,0.003,0.002,0.003,0.001,0.003,0.001,0.002,0.002,0.002,0.005,0.000,0.000,0.001,0.002,0.004,0.006,0.006,0.001,0.005,0.003,0.002,0.001,0.002,0.001,0.002,0.005,0.001,0.004,0.005,0.003,0.001,0.001,0.001,0.003,0.003,0.003,0.002,0.004,0.010,0.004,0.001,0.007,0.004,0.005,0.000,0.000,0.003,0.003,0.002,0.004,0.002,0.003,0.005,0.000,0.001,0.003,0.001,0.002,0.001,0.000,0.002,0.001,0.001,0.003,0.003,0.002,0.004,0.004,0.004,0.004,0.005,0.002,0.003,0.001,0.000,0.004,0.002,0.000,0.001,0.002,0.001,0.001,0.001,0.006,0.001,0.002,0.003,0.003,0.002,0.002,0.004,0.003,0.002,0.001,0.003,0.001,0.003,0.004,0.002,0.002,0.003,0.005,0.005,0.003,0.007,0.005,0.001,0.005,0.131,0.004,0.003,0.004,0.003,0.001,0.001,0.005,0.145,0.002,0.002,0.003,0.003,0.003,0.154,0.164,0.004,0.002,0.006,0.006,0.003,0.003,0.005,0.165,0.164,0.008,0.006,0.003,0.146,0.164,0.005,0.002,0.003,0.005,0.005,0.004,0.002,0.131,0.149,0.000,0.002,0.006,0.006,0.002,0.002,0.158,0.001,0.003,0.005,0.004,0.002,0.153,0.002,0.003,0.004,0.002,0.002,0.005,0.002,0.004,0.003,0.002,0.002,0.002,0.003,0.003,0.002,0.002,0.003,0.003,0.006,0.002,0.005,0.001,0.003,0.004,0.004,0.004,0.003,0.005,0.002,0.003,0.003,0.003,0.002,0.002,0.002,0.002,0.004,0.002,0.002,0.001,0.002,0.002,0.001,0.004,0.007,0.000,0.000,0.005,0.001,0.005,0.002,0.001,0.001,0.002,0.003,0.003,0.003,0.003,0.006,0.004,0.001,0.001,0.005,0.005,0.003,0.005,0.001,0.003,0.052,0.157,0.183,0.149,0.155,0.159,0.141,0.119,0.004,0.004,0.006,0.003,0.004,0.003,0.002,0.004,0.119,0.136,0.130,0.119,0.133,0.098,0.120,0.004,0.003,0.004,0.005,0.004,0.003,0.003,0.002,0.001,0.002,0.003,0.005,0.002,0.002,0.002,0.153,0.083,0.143,0.117,0.145,0.162,0.122,0.155,0.039,0.029,0.035,0.038,0.029,0.030,0.018,0.024,0.022,0.026,0.026,0.041,0.023,0.026,0.036,0.025,0.026,0.042,0.046,0.058,0.012,0.015,0.009,0.010,0.013,0.016,0.004,0.006,0.005,0.002,0.002,0.008,0.003,0.002,0.001,0.004,0.164,0.001,0.005,0.097,0.108,0.003,0.004,0.005,0.010,0.006,0.005,0.003,0.005,0.046,0.223,0.237,0.225,0.276,0.245,0.253,0.263,0.313,0.252,0.259,0.286,0.265,0.283,0.275,0.291,0.279,0.065,0.083
UV321B,0.046,0.050,0.074,0.064,0.074,0.082,0.007,0.048,0.053,0.027,0.028,0.041,0.039,0.039,0.046,0.034,0.045,0.053,0.024,0.031,0.030,0.025,0.044,0.026,0.019,0.038,0.031,0.032,0.033,0.029,0.033,0.021,0.030,0.035,0.005,0.006,0.005,0.003,0.005,0.003,0.057,0.045,0.148,0.149,0.121,0.138,0.130,0.156,0.175,0.144,0.144,0.124,0.143,0.166,0.154,0.135,0.144,0.161,0.169,0.154,0.147,0.145,0.135,0.137,0.171,0.154,0.174,0.065,0.064,0.061,0.058,0.057,0.050,0.046,0.055,0.050,0.068,0.011,0.016,0.015,0.017,0.015,0.013,0.002,0.128,0.001,0.001,0.163,0.002,0.002,0.131,0.003,0.002,0.003,0.002,0.003,0.157,0.003,0.002,0.004,0.002,0.003,0.002,0.003,0.003,0.003,0.002,0.001,0.001,0.002,0.003,0.004,0.005,0.006,0.001,0.004,0.002,0.001,0.001,0.004,0.001,0.003,0.003,0.001,0.004,0.004,0.004,0.000,0.003,0.003,0.004,0.003,0.001,0.003,0.005,0.006,0.004,0.000,0.008,0.002,0.006,0.001,0.000,0.003,0.002,0.002,0.002,0.002,0.002,0.004,0.001,0.001,0.005,0.002,0.002,0.002,0.000,0.002,0.002,0.002,0.002,0.002,0.004,0.003,0.003,0.002,0.004,0.004,0.003,0.002,0.003,0.001,0.002,0.002,0.001,0.002,0.002,0.001,0.001,0.001,0.007,0.002,0.003,0.003,0.004,0.001,0.003,0.005,0.003,0.003,0.001,0.004,0.001,0.003,0.005,0.003,0.003,0.003,0.006,0.005,0.003,0.007,0.006,0.001,0.004,0.155,0.004,0.004,0.006,0.003,0.002,0.001,0.001,0.150,0.002,0.003,0.003,0.002,0.003,0.161,0.140,0.004,0.002,0.004,0.007,0.003,0.003,0.006,0.132,0.161,0.005,0.006,0.006,0.158,0.172,0.004,0.002,0.002,0.007,0.004,0.003,0.002,0.156,0.153,0.000,0.001,0.008,0.007,0.002,0.002,0.166,0.002,0.002,0.004,0.003,0.001,0.166,0.001,0.002,0.004,0.002,0.003,0.002,0.003,0.002,0.003,0.002,0.004,0.003,0.004,0.003,0.003,0.004,0.004,0.002,0.006,0.004,0.005,0.002,0.002,0.002,0.002,0.001,0.004,0.005,0.002,0.002,0.003,0.003,0.002,0.002,0.002,0.003,0.004,0.003,0.002,0.001,0.002,0.004,0.001,0.004,0.005,0.000,0.001,0.003,0.000,0.004,0.003,0.001,0.002,0.002,0.004,0.003,0.003,0.001,0.005,0.004,0.002,0.001,0.003,0.003,0.005,0.006,0.001,0.004,0.056,0.176,0.190,0.157,0.162,0.150,0.165,0.124,0.004,0.005,0.005,0.005,0.004,0.004,0.003,0.004,0.133,0.128,0.115,0.101,0.147,0.082,0.110,0.003,0.004,0.005,0.007,0.005,0.003,0.004,0.004,0.002,0.002,0.002,0.004,0.003,0.001,0.003,0.157,0.086,0.141,0.099,0.157,0.152,0.138,0.146,0.040,0.036,0.040,0.041,0.026,0.029,0.021,0.025,0.025,0.028,0.036,0.048,0.016,0.029,0.025,0.031,0.027,0.049,0.055,0.058,0.009,0.020,0.013,0.009,0.017,0.014,0.004,0.006,0.007,0.004,0.005,0.007,0.003,0.003,0.001,0.006,0.156,0.001,0.003,0.104,0.126,0.002,0.003,0.007,0.008,0.004,0.007,0.003,0.006,0.053,0.216,0.241,0.237,0.263,0.255,0.232,0.293,0.263,0.256,0.292,0.262,0.294,0.283,0.276,0.300,0.294,0.049,0.091
UV322B,0.051,0.057,0.077,0.068,0.085,0.094,0.009,0.046,0.051,0.033,0.031,0.042,0.040,0.038,0.045,0.034,0.041,0.050,0.034,0.041,0.036,0.029,0.047,0.028,0.030,0.045,0.027,0.040,0.044,0.028,0.031,0.032,0.035,0.028,0.006,0.006,0.004,0.004,0.003,0.003,0.052,0.054,0.145,0.162,0.138,0.164,0.138,0.182,0.174,0.162,0.152,0.131,0.164,0.175,0.175,0.171,0.154,0.152,0.164,0.167,0.153,0.152,0.166,0.156,0.179,0.188,0.178,0.078,0.068,0.060,0.057,0.061,0.052,0.046,0.056,0.051,0.066,0.016,0.018,0.011,0.016,0.022,0.014,0.001,0.129,0.000,0.001,0.187,0.002,0.001,0.139,0.004,0.001,0.003,0.002,0.006,0.165,0.001,0.002,0.003,0.003,0.005,0.003,0.003,0.004,0.002,0.003,0.003,0.001,0.002,0.002,0.006,0.007,0.008,0.001,0.004,0.002,0.001,0.000,0.004,0.001,0.002,0.005,0.000,0.004,0.003,0.004,0.001,0.003,0.002,0.002,0.002,0.004,0.003,0.005,0.012,0.004,0.000,0.005,0.006,0.004,0.000,0.001,0.003,0.003,0.002,0.002,0.003,0.005,0.007,0.000,0.000,0.003,0.002,0.001,0.002,0.002,0.005,0.000,0.001,0.003,0.002,0.001,0.001,0.004,0.001,0.003,0.003,0.002,0.001,0.002,0.002,0.004,0.002,0.000,0.001,0.001,0.001,0.003,0.001,0.006,0.000,0.005,0.003,0.003,0.001,0.002,0.004,0.004,0.001,0.000,0.003,0.001,0.002,0.004,0.004,0.002,0.002,0.006,0.004,0.004,0.008,0.007,0.000,0.003,0.164,0.002,0.003,0.005,0.004,0.003,0.002,0.007,0.178,0.001,0.004,0.004,0.006,0.005,0.165,0.159,0.004,0.001,0.007,0.008,0.002,0.004,0.005,0.166,0.178,0.006,0.007,0.005,0.167,0.185,0.007,0.001,0.005,0.005,0.007,0.007,0.003,0.160,0.155,0.001,0.002,0.009,0.007,0.001,0.001,0.165,0.002,0.003,0.006,0.005,0.001,0.168,0.002,0.005,0.003,0.004,0.003,0.007,0.004,0.002,0.005,0.004,0.003,0.002,0.006,0.004,0.002,0.002,0.002,0.003,0.005,0.003,0.007,0.001,0.002,0.005,0.005,0.002,0.003,0.004,0.002,0.002,0.001,0.002,0.001,0.001,0.002,0.003,0.004,0.003,0.000,0.003,0.001,0.003,0.001,0.002,0.004,0.001,0.002,0.008,0.000,0.007,0.002,0.001,0.004,0.001,0.003,0.002,0.002,0.006,0.004,0.008,0.001,0.000,0.006,0.003,0.003,0.004,0.001,0.003,0.055,0.172,0.197,0.154,0.171,0.157,0.157,0.136,0.003,0.005,0.007,0.005,0.003,0.004,0.003,0.004,0.129,0.128,0.132,0.097,0.141,0.101,0.113,0.003,0.005,0.005,0.006,0.006,0.004,0.003,0.003,0.001,0.003,0.004,0.003,0.004,0.002,0.003,0.169,0.091,0.167,0.093,0.173,0.161,0.144,0.176,0.037,0.041,0.047,0.046,0.031,0.036,0.024,0.037,0.022,0.033,0.038,0.049,0.020,0.032,0.032,0.025,0.029,0.049,0.049,0.056,0.009,0.014,0.010,0.014,0.011,0.014,0.004,0.006,0.007,0.003,0.005,0.005,0.003,0.003,0.001,0.006,0.169,0.001,0.004,0.102,0.119,0.003,0.003,0.009,0.010,0.008,0.004,0.006,0.004,0.044,0.218,0.250,0.245,0.275,0.261,0.249,0.302,0.264,0.280,0.289,0.313,0.268,0.304,0.273,0.310,0.295,0.064,0.090
UV344B,0.045,0.044,0.068,0.054,0.055,0.080,0.007,0.040,0.045,0.028,0.034,0.033,0.025,0.038,0.034,0.037,0.039,0.038,0.028,0.034,0.030,0.024,0.033,0.030,0.027,0.038,0.031,0.036,0.040,0.027,0.029,0.029,0.041,0.022,0.003,0.005,0.006,0.003,0.004,0.002,0.053,0.054,0.142,0.144,0.130,0.130,0.126,0.151,0.165,0.130,0.153,0.112,0.120,0.152,0.138,0.145,0.137,0.147,0.130,0.150,0.139,0.137,0.134,0.125,0.137,0.147,0.159,0.075,0.049,0.045,0.049,0.055,0.050,0.038,0.050,0.051,0.059,0.014,0.013,0.018,0.016,0.014,0.009,0.001,0.131,0.001,0.000,0.169,0.001,0.004,0.125,0.005,0.002,0.002,0.002,0.004,0.154,0.001,0.001,0.002,0.003,0.003,0.002,0.001,0.004,0.001,0.001,0.001,0.000,0.005,0.002,0.004,0.008,0.009,0.001,0.002,0.001,0.001,0.000,0.003,0.000,0.002,0.002,0.001,0.006,0.004,0.005,0.000,0.004,0.002,0.002,0.001,0.003,0.003,0.004,0.011,0.005,0.000,0.009,0.003,0.006,0.001,0.000,0.002,0.001,0.001,0.002,0.001,0.003,0.006,0.000,0.000,0.005,0.002,0.001,0.001,0.000,0.002,0.001,0.001,0.002,0.002,0.002,0.001,0.002,0.001,0.002,0.002,0.002,0.001,0.002,0.002,0.003,0.001,0.000,0.000,0.001,0.000,0.003,0.001,0.007,0.000,0.003,0.001,0.004,0.001,0.002,0.005,0.003,0.001,0.001,0.004,0.000,0.002,0.004,0.003,0.002,0.002,0.004,0.004,0.003,0.006,0.005,0.000,0.003,0.128,0.003,0.002,0.008,0.003,0.002,0.001,0.004,0.140,0.001,0.002,0.002,0.003,0.004,0.135,0.138,0.003,0.001,0.007,0.005,0.001,0.002,0.006,0.124,0.153,0.002,0.008,0.003,0.144,0.151,0.004,0.001,0.003,0.008,0.004,0.007,0.003,0.134,0.131,0.001,0.001,0.008,0.008,0.002,0.002,0.146,0.001,0.002,0.004,0.004,0.000,0.134,0.002,0.003,0.004,0.002,0.003,0.004,0.004,0.001,0.004,0.003,0.002,0.003,0.004,0.003,0.003,0.002,0.003,0.003,0.006,0.003,0.004,0.001,0.002,0.008,0.003,0.001,0.005,0.005,0.003,0.001,0.000,0.002,0.001,0.002,0.002,0.002,0.005,0.002,0.000,0.003,0.001,0.002,0.001,0.002,0.003,0.000,0.001,0.003,0.000,0.006,0.001,0.001,0.002,0.003,0.001,0.001,0.002,0.003,0.007,0.005,0.000,0.000,0.003,0.003,0.002,0.003,0.001,0.003,0.050,0.148,0.171,0.147,0.145,0.152,0.133,0.101,0.002,0.004,0.005,0.005,0.003,0.003,0.003,0.005,0.111,0.114,0.108,0.085,0.135,0.090,0.103,0.003,0.003,0.006,0.007,0.005,0.002,0.003,0.003,0.002,0.004,0.003,0.004,0.002,0.001,0.002,0.166,0.086,0.120,0.088,0.144,0.125,0.120,0.151,0.037,0.029,0.036,0.039,0.037,0.024,0.020,0.029,0.022,0.028,0.030,0.039,0.020,0.028,0.027,0.024,0.026,0.044,0.040,0.050,0.011,0.019,0.007,0.008,0.011,0.015,0.002,0.005,0.007,0.005,0.003,0.004,0.004,0.002,0.001,0.005,0.146,0.001,0.001,0.089,0.103,0.003,0.004,0.005,0.009,0.004,0.004,0.003,0.005,0.047,0.210,0.237,0.214,0.228,0.248,0.206,0.291,0.249,0.266,0.266,0.262,0.263,0.260,0.323,0.282,0.254,0.062,0.067
UV350,0.057,0.050,0.075,0.060,0.065,0.087,0.006,0.041,0.048,0.030,0.028,0.032,0.042,0.033,0.036,0.044,0.041,0.045,0.027,0.031,0.032,0.025,0.035,0.020,0.023,0.038,0.026,0.025,0.034,0.034,0.032,0.030,0.030,0.028,0.003,0.004,0.002,0.003,0.004,0.003,0.059,0.061,0.172,0.175,0.141,0.151,0.143,0.153,0.181,0.149,0.156,0.134,0.142,0.182,0.155,0.157,0.162,0.178,0.152,0.167,0.152,0.157,0.139,0.140,0.155,0.150,0.180,0.073,0.060,0.047,0.045,0.068,0.052,0.044,0.048,0.051,0.054,0.012,0.016,0.019,0.014,0.012,0.016,0.001,0.135,0.001,0.001,0.170,0.003,0.001,0.122,0.003,0.003,0.003,0.002,0.004,0.161,0.001,0.001,0.002,0.001,0.002,0.001,0.001,0.002,0.001,0.002,0.001,0.000,0.002,0.002,0.002,0.005,0.005,0.001,0.003,0.003,0.003,0.001,0.002,0.001,0.002,0.003,0.001,0.003,0.001,0.003,0.001,0.004,0.001,0.003,0.002,0.001,0.004,0.002,0.006,0.005,0.001,0.004,0.002,0.004,0.000,0.001,0.003,0.004,0.001,0.003,0.001,0.002,0.003,0.000,0.001,0.004,0.002,0.002,0.001,0.001,0.002,0.002,0.001,0.002,0.002,0.002,0.003,0.003,0.003,0.003,0.002,0.003,0.001,0.001,0.001,0.003,0.001,0.000,0.001,0.002,0.000,0.001,0.001,0.006,0.001,0.002,0.003,0.001,0.001,0.003,0.003,0.002,0.001,0.002,0.002,0.001,0.003,0.003,0.002,0.003,0.002,0.004,0.006,0.002,0.006,0.004,0.002,0.003,0.149,0.003,0.002,0.003,0.002,0.001,0.001,0.003,0.161,0.002,0.002,0.002,0.003,0.002,0.157,0.161,0.002,0.002,0.003,0.004,0.002,0.002,0.004,0.136,0.155,0.004,0.003,0.002,0.159,0.166,0.004,0.001,0.002,0.004,0.004,0.003,0.002,0.162,0.147,0.000,0.002,0.005,0.006,0.001,0.002,0.149,0.001,0.001,0.003,0.002,0.003,0.146,0.001,0.001,0.003,0.002,0.002,0.002,0.002,0.002,0.002,0.002,0.002,0.002,0.002,0.001,0.002,0.003,0.007,0.003,0.007,0.003,0.006,0.002,0.002,0.005,0.002,0.003,0.003,0.004,0.003,0.002,0.003,0.003,0.001,0.002,0.003,0.002,0.004,0.003,0.001,0.001,0.004,0.001,0.001,0.003,0.003,0.001,0.001,0.005,0.001,0.004,0.002,0.001,0.000,0.002,0.002,0.001,0.003,0.001,0.006,0.003,0.000,0.001,0.008,0.005,0.005,0.006,0.003,0.003,0.055,0.162,0.175,0.160,0.175,0.168,0.172,0.127,0.002,0.003,0.005,0.003,0.003,0.003,0.002,0.005,0.135,0.119,0.115,0.086,0.155,0.097,0.106,0.003,0.003,0.003,0.007,0.005,0.002,0.003,0.001,0.002,0.002,0.005,0.004,0.002,0.001,0.002,0.197,0.083,0.153,0.084,0.149,0.150,0.114,0.165,0.035,0.029,0.036,0.044,0.028,0.032,0.019,0.029,0.020,0.035,0.028,0.045,0.023,0.021,0.028,0.028,0.032,0.043,0.051,0.047,0.008,0.015,0.006,0.013,0.010,0.013,0.005,0.005,0.006,0.003,0.003,0.006,0.003,0.002,0.001,0.002,0.173,0.001,0.003,0.103,0.118,0.003,0.005,0.006,0.008,0.006,0.002,0.004,0.007,0.047,0.187,0.252,0.236,0.235,0.259,0.201,0.301,0.238,0.241,0.244,0.241,0.224,0.305,0.295,0.252,0.283,0.068,0.082
UV355B,0.053,0.048,0.065,0.054,0.079,0.086,0.007,0.043,0.059,0.036,0.027,0.042,0.042,0.036,0.040,0.035,0.049,0.045,0.027,0.026,0.031,0.030,0.032,0.024,0.025,0.035,0.032,0.024,0.037,0.027,0.028,0.027,0.020,0.030,0.004,0.005,0.004,0.002,0.002,0.002,0.058,0.048,0.134,0.135,0.111,0.147,0.149,0.139,0.153,0.139,0.142,0.126,0.138,0.166,0.142,0.136,0.135,0.145,0.146,0.164,0.153,0.135,0.144,0.148,0.164,0.138,0.184,0.056,0.068,0.048,0.054,0.057,0.051,0.048,0.053,0.053,0.062,0.012,0.017,0.019,0.021,0.016,0.016,0.001,0.120,0.001,0.001,0.167,0.002,0.002,0.122,0.004,0.002,0.002,0.002,0.004,0.137,0.002,0.002,0.003,0.002,0.004,0.002,0.001,0.002,0.001,0.002,0.001,0.001,0.004,0.001,0.004,0.006,0.007,0.000,0.003,0.002,0.001,0.000,0.002,0.001,0.002,0.004,0.000,0.003,0.003,0.003,0.002,0.002,0.001,0.002,0.002,0.003,0.003,0.003,0.007,0.004,0.001,0.005,0.004,0.004,0.000,0.001,0.003,0.003,0.001,0.004,0.001,0.002,0.005,0.001,0.001,0.004,0.001,0.001,0.001,0.003,0.003,0.001,0.001,0.002,0.002,0.004,0.002,0.004,0.002,0.003,0.003,0.002,0.002,0.003,0.001,0.002,0.003,0.000,0.002,0.001,0.001,0.003,0.001,0.005,0.001,0.003,0.004,0.003,0.001,0.002,0.004,0.002,0.001,0.002,0.004,0.000,0.003,0.004,0.002,0.002,0.004,0.008,0.006,0.004,0.008,0.005,0.002,0.003,0.148,0.002,0.003,0.006,0.003,0.005,0.001,0.005,0.159,0.001,0.002,0.004,0.004,0.003,0.151,0.155,0.002,0.002,0.007,0.008,0.003,0.004,0.004,0.131,0.142,0.004,0.004,0.002,0.130,0.146,0.006,0.001,0.001,0.005,0.008,0.008,0.002,0.140,0.131,0.001,0.001,0.009,0.008,0.002,0.001,0.149,0.001,0.003,0.004,0.003,0.002,0.147,0.004,0.002,0.003,0.002,0.003,0.005,0.003,0.002,0.004,0.002,0.003,0.003,0.005,0.002,0.002,0.002,0.002,0.007,0.005,0.003,0.005,0.002,0.002,0.003,0.004,0.003,0.004,0.004,0.002,0.002,0.002,0.003,0.002,0.001,0.003,0.002,0.005,0.003,0.001,0.002,0.004,0.002,0.002,0.004,0.004,0.000,0.000,0.006,0.001,0.006,0.003,0.001,0.003,0.002,0.002,0.002,0.003,0.004,0.004,0.004,0.001,0.001,0.009,0.003,0.004,0.006,0.002,0.003,0.053,0.164,0.171,0.162,0.157,0.154,0.162,0.121,0.003,0.004,0.008,0.004,0.004,0.006,0.004,0.005,0.108,0.117,0.115,0.091,0.137,0.085,0.106,0.005,0.003,0.005,0.009,0.005,0.003,0.003,0.002,0.003,0.002,0.003,0.002,0.003,0.005,0.003,0.160,0.082,0.149,0.090,0.144,0.147,0.116,0.149,0.040,0.031,0.029,0.033,0.026,0.028,0.020,0.025,0.018,0.030,0.024,0.037,0.027,0.027,0.027,0.020,0.024,0.033,0.048,0.059,0.008,0.015,0.011,0.012,0.012,0.015,0.006,0.003,0.009,0.003,0.004,0.004,0.003,0.003,0.002,0.003,0.152,0.001,0.005,0.107,0.114,0.002,0.005,0.009,0.009,0.007,0.004,0.005,0.007,0.047,0.196,0.231,0.240,0.247,0.209,0.210,0.272,0.246,0.239,0.266,0.270,0.261,0.276,0.260,0.296,0.283,0.062,0.085
UV368B,0.054,0.045,0.082,0.049,0.068,0.077,0.005,0.045,0.054,0.038,0.029,0.036,0.041,0.040,0.044,0.042,0.042,0.046,0.032,0.033,0.030,0.027,0.029,0.027,0.027,0.029,0.028,0.021,0.037,0.027,0.035,0.027,0.028,0.028,0.003,0.005,0.004,0.005,0.004,0.002,0.051,0.046,0.142,0.153,0.128,0.135,0.135,0.143,0.146,0.139,0.137,0.129,0.118,0.167,0.148,0.144,0.136,0.153,0.141,0.134,0.133,0.143,0.135,0.134,0.162,0.137,0.159,0.068,0.070,0.057,0.053,0.047,0.045,0.058,0.052,0.052,0.051,0.014,0.016,0.014,0.026,0.019,0.016,0.000,0.114,0.001,0.001,0.151,0.003,0.001,0.117,0.002,0.002,0.001,0.002,0.003,0.137,0.001,0.001,0.002,0.002,0.003,0.001,0.001,0.003,0.000,0.001,0.001,0.000,0.003,0.002,0.004,0.003,0.003,0.001,0.004,0.002,0.003,0.000,0.001,0.001,0.003,0.002,0.000,0.002,0.003,0.001,0.000,0.002,0.002,0.001,0.001,0.003,0.004,0.003,0.004,0.004,0.001,0.003,0.003,0.002,0.000,0.000,0.002,0.003,0.001,0.002,0.002,0.002,0.002,0.001,0.000,0.002,0.001,0.001,0.000,0.001,0.003,0.003,0.001,0.002,0.003,0.003,0.002,0.003,0.002,0.004,0.001,0.003,0.001,0.002,0.000,0.004,0.003,0.001,0.001,0.003,0.001,0.002,0.001,0.007,0.002,0.005,0.005,0.001,0.000,0.003,0.001,0.004,0.002,0.002,0.002,0.001,0.002,0.004,0.002,0.002,0.002,0.007,0.004,0.003,0.006,0.005,0.001,0.005,0.131,0.003,0.003,0.001,0.003,0.004,0.001,0.005,0.151,0.001,0.003,0.003,0.004,0.004,0.139,0.150,0.001,0.001,0.003,0.004,0.001,0.002,0.002,0.153,0.132,0.003,0.002,0.003,0.148,0.126,0.005,0.001,0.002,0.004,0.004,0.003,0.002,0.128,0.137,0.000,0.002,0.005,0.006,0.001,0.003,0.149,0.002,0.002,0.003,0.002,0.002,0.158,0.002,0.002,0.003,0.001,0.004,0.004,0.002,0.001,0.003,0.002,0.001,0.003,0.003,0.003,0.002,0.002,0.005,0.004,0.006,0.003,0.008,0.002,0.001,0.006,0.003,0.003,0.002,0.001,0.002,0.000,0.002,0.003,0.000,0.001,0.003,0.003,0.003,0.004,0.000,0.000,0.002,0.002,0.001,0.004,0.003,0.000,0.001,0.005,0.000,0.003,0.002,0.001,0.002,0.001,0.001,0.001,0.002,0.002,0.004,0.004,0.001,0.000,0.004,0.004,0.004,0.006,0.003,0.003,0.048,0.140,0.166,0.147,0.154,0.147,0.153,0.107,0.003,0.003,0.008,0.005,0.004,0.005,0.002,0.006,0.124,0.121,0.105,0.099,0.133,0.087,0.112,0.006,0.006,0.006,0.008,0.004,0.005,0.002,0.002,0.001,0.002,0.004,0.004,0.002,0.004,0.003,0.166,0.079,0.141,0.104,0.149,0.161,0.121,0.153,0.046,0.026,0.040,0.032,0.026,0.026,0.028,0.025,0.019,0.033,0.025,0.045,0.031,0.022,0.034,0.032,0.026,0.032,0.049,0.055,0.008,0.016,0.011,0.008,0.010,0.017,0.004,0.004,0.007,0.004,0.002,0.007,0.003,0.002,0.002,0.001,0.150,0.001,0.003,0.102,0.110,0.003,0.005,0.007,0.009,0.010,0.006,0.003,0.007,0.055,0.205,0.243,0.229,0.252,0.241,0.228,0.264,0.292,0.287,0.260,0.269,0.252,0.251,0.296,0.286,0.311,0.061,0.085
WAR-KEI-005,0.075,0.103,0.110,0.076,0.094,0.122,0.014,0.077,0.069,0.059,0.050,0.067,0.055,0.054,0.074,0.071,0.068,0.063,0.050,0.034,0.079,0.046,0.056,0.040,0.050,0.057,0.045,0.053,0.067,0.045,0.039,0.050,0.050,0.054,0.011,0.012,0.010,0.012,0.009,0.007,0.097,0.098,0.194,0.182,0.180,0.167,0.194,0.187,0.209,0.178,0.161,0.154,0.153,0.184,0.217,0.177,0.168,0.199,0.198,0.224,0.230,0.194,0.218,0.177,0.196,0.190,0.241,0.113,0.096,0.087,0.089,0.096,0.095,0.101,0.086,0.065,0.099,0.023,0.023,0.045,0.042,0.035,0.025,0.001,0.158,0.002,0.002,0.205,0.009,0.002,0.119,0.014,0.002,0.004,0.005,0.006,0.208,0.006,0.004,0.002,0.003,0.009,0.016,0.001,0.005,0.001,0.002,0.001,0.001,0.003,0.004,0.006,0.019,0.024,0.001,0.007,0.003,0.008,0.001,0.006,0.002,0.003,0.004,0.002,0.015,0.006,0.014,0.004,0.001,0.006,0.004,0.002,0.012,0.004,0.012,0.022,0.008,0.002,0.017,0.005,0.015,0.000,0.001,0.001,0.004,0.001,0.011,0.008,0.005,0.012,0.000,0.001,0.015,0.001,0.002,0.002,0.002,0.005,0.003,0.001,0.003,0.004,0.006,0.002,0.005,0.003,0.002,0.009,0.001,0.005,0.009,0.003,0.012,0.012,0.001,0.001,0.002,0.001,0.006,0.002,0.006,0.003,0.007,0.010,0.005,0.002,0.002,0.013,0.004,0.003,0.002,0.002,0.004,0.004,0.008,0.006,0.003,0.002,0.009,0.005,0.009,0.018,0.004,0.002,0.008,0.176,0.007,0.004,0.011,0.002,0.010,0.002,0.011,0.200,0.003,0.005,0.002,0.010,0.011,0.176,0.221,0.004,0.002,0.016,0.005,0.005,0.004,0.015,0.164,0.237,0.007,0.020,0.009,0.208,0.187,0.008,0.000,0.007,0.016,0.003,0.012,0.006,0.176,0.151,0.003,0.007,0.019,0.026,0.004,0.009,0.179,0.005,0.003,0.005,0.008,0.002,0.231,0.007,0.004,0.008,0.003,0.006,0.007,0.006,0.002,0.005,0.003,0.003,0.007,0.013,0.005,0.001,0.004,0.009,0.004,0.012,0.004,0.017,0.003,0.002,0.010,0.007,0.007,0.011,0.011,0.005,0.001,0.002,0.002,0.001,0.005,0.003,0.010,0.011,0.014,0.001,0.004,0.002,0.006,0.007,0.007,0.007,0.002,0.002,0.005,0.002,0.015,0.001,0.002,0.002,0.002,0.001,0.005,0.003,0.005,0.015,0.009,0.001,0.001,0.006,0.008,0.006,0.011,0.002,0.004,0.116,0.225,0.209,0.177,0.203,0.183,0.248,0.169,0.006,0.010,0.015,0.019,0.006,0.017,0.008,0.011,0.153,0.170,0.155,0.135,0.215,0.136,0.124,0.012,0.014,0.009,0.007,0.013,0.008,0.009,0.014,0.006,0.007,0.011,0.012,0.009,0.011,0.010,0.196,0.141,0.181,0.126,0.174,0.152,0.140,0.205,0.041,0.026,0.052,0.085,0.046,0.032,0.053,0.055,0.039,0.049,0.056,0.058,0.052,0.043,0.051,0.041,0.045,0.066,0.067,0.082,0.016,0.037,0.015,0.018,0.028,0.021,0.008,0.011,0.012,0.005,0.008,0.010,0.009,0.008,0.002,0.011,0.219,0.000,0.007,0.097,0.131,0.006,0.010,0.008,0.009,0.020,0.006,0.006,0.015,0.086,0.144,0.160,0.155,0.169,0.138,0.124,0.160,0.150,0.149,0.139,0.103,0.128,0.140,0.165,0.145,0.141,0.144,0.191
WAR-KEI-030,0.077,0.101,0.107,0.071,0.115,0.107,0.012,0.069,0.092,0.056,0.051,0.049,0.056,0.038,0.062,0.048,0.054,0.061,0.034,0.041,0.062,0.044,0.062,0.052,0.062,0.071,0.048,0.054,0.073,0.053,0.055,0.055,0.052,0.053,0.007,0.003,0.006,0.005,0.005,0.005,0.079,0.101,0.186,0.184,0.162,0.177,0.170,0.185,0.188,0.173,0.174,0.167,0.174,0.195,0.194,0.158,0.177,0.189,0.189,0.174,0.165,0.188,0.203,0.182,0.194,0.170,0.194,0.091,0.115,0.093,0.073,0.070,0.078,0.097,0.081,0.073,0.090,0.021,0.016,0.032,0.043,0.024,0.024,0.002,0.117,0.000,0.002,0.205,0.006,0.002,0.098,0.004,0.001,0.003,0.005,0.011,0.198,0.006,0.002,0.002,0.005,0.004,0.006,0.001,0.008,0.004,0.003,0.003,0.000,0.002,0.001,0.006,0.008,0.003,0.000,0.008,0.004,0.002,0.001,0.006,0.001,0.003,0.005,0.001,0.008,0.005,0.004,0.001,0.003,0.007,0.007,0.005,0.010,0.004,0.009,0.005,0.006,0.000,0.008,0.007,0.007,0.001,0.000,0.001,0.003,0.002,0.004,0.007,0.005,0.005,0.001,0.002,0.002,0.001,0.003,0.001,0.000,0.003,0.002,0.003,0.002,0.004,0.005,0.002,0.004,0.002,0.003,0.003,0.001,0.004,0.006,0.002,0.007,0.011,0.001,0.002,0.004,0.002,0.005,0.002,0.007,0.002,0.006,0.010,0.006,0.002,0.003,0.005,0.004,0.002,0.001,0.004,0.002,0.003,0.014,0.005,0.005,0.001,0.010,0.004,0.009,0.011,0.010,0.001,0.006,0.187,0.007,0.010,0.003,0.006,0.009,0.002,0.006,0.195,0.002,0.004,0.005,0.005,0.009,0.170,0.210,0.003,0.004,0.005,0.012,0.004,0.004,0.008,0.180,0.209,0.007,0.008,0.007,0.186,0.175,0.011,0.002,0.003,0.006,0.010,0.003,0.006,0.164,0.193,0.001,0.005,0.011,0.012,0.003,0.004,0.168,0.002,0.004,0.006,0.008,0.001,0.209,0.003,0.003,0.004,0.002,0.006,0.003,0.004,0.002,0.004,0.003,0.003,0.002,0.003,0.006,0.003,0.004,0.002,0.007,0.003,0.004,0.013,0.003,0.004,0.006,0.003,0.002,0.003,0.005,0.003,0.003,0.005,0.001,0.001,0.005,0.003,0.008,0.004,0.007,0.004,0.003,0.003,0.006,0.002,0.007,0.007,0.001,0.002,0.003,0.001,0.006,0.001,0.000,0.004,0.003,0.004,0.006,0.005,0.003,0.004,0.005,0.000,0.002,0.005,0.003,0.002,0.009,0.003,0.006,0.079,0.192,0.210,0.195,0.201,0.194,0.223,0.166,0.005,0.007,0.012,0.007,0.011,0.010,0.005,0.006,0.178,0.173,0.154,0.140,0.193,0.115,0.175,0.012,0.006,0.007,0.006,0.009,0.010,0.006,0.007,0.004,0.005,0.006,0.005,0.004,0.010,0.005,0.207,0.120,0.180,0.121,0.183,0.193,0.122,0.197,0.057,0.049,0.059,0.071,0.047,0.045,0.050,0.060,0.041,0.056,0.044,0.058,0.059,0.050,0.048,0.052,0.058,0.072,0.097,0.097,0.015,0.020,0.020,0.018,0.026,0.015,0.006,0.008,0.006,0.007,0.007,0.008,0.007,0.005,0.002,0.004,0.186,0.001,0.006,0.097,0.139,0.002,0.008,0.011,0.011,0.011,0.008,0.008,0.012,0.074,0.136,0.145,0.156,0.172,0.155,0.169,0.161,0.131,0.135,0.143,0.154,0.142,0.123,0.160,0.161,0.158,0.154,0.088
